"","1642.MS00473","1642.MS00500","1642.MS00365","1642.MS00415","1642.MS00629","1642.MS00582","1642.MS00634","1642.MS00444","1642.MS00621","1642.MS00341","2382.SH008.C6.HA.2.532.rhizo.4.12.lane7.NoIndex.L007.sequences","2382.SH005.C3.RH.4.668.root.9.12.lane7.NoIndex.L007.sequences","1642.MS00410","2382.SH004.C1.RH.5.623.root.9.12.lane7.NoIndex.L007.sequences","1642.MS00482","1642.MS00399","1642.MS00605","2382.SH008.C6.HA.4.743.root.9.12.lane7.NoIndex.L007.sequences","1642.MS00542","1642.MS00497","2382.SH005.C3.RH.2.657.rhizo.9.12.lane7.NoIndex.L007.sequences","2382.SH007.C6.RH.3.712.rhizo.9.12.lane7.NoIndex.L007.sequences","2382.MU002.C3.HA.2.683.root.9.12.lane7.NoIndex.L007.sequences","2382.MU002.C3.HA.2.482.rhizo.4.12.lane7.NoIndex.L007.sequences","1642.MS00360","2382.DPOO1.C1.HA.2.433.root.4.12.lane7.NoIndex.L007.sequences","1642.MS00606","1642.MS00597","1642.MS00638","2382.SH007.C6.RH.5.522.rhizo.4.12.lane7.NoIndex.L007.sequences","1642.MS00587","2382.RU006.C181.RH.5.798.root.9.12.lane7.NoIndex.L007.sequences","2382.DPOO1.C1.HA.5.647.rhizo.9.12.lane7.NoIndex.L007.sequences","2382.DPOO1.C1.HA.2.633.root.9.12.lane7.NoIndex.L007.sequences","2382.RU006.C181.RH.5.398.root.9.11.lane1.NoIndex.L001.sequences","1642.MS00432","2382.GM.181.R1.rhizo.10.12.lane7.NoIndex.L007.sequences","1642.MS00485","2382.GM.181.R3.root.10.12.lane7.NoIndex.L007.sequences","1642.MS00558"
"1642.MS00473",0,0.019740829466,0.0327581068156,0.0235132149036,0.0230290276577,0.0232664432469,0.0288310272474,0.0239995017984,0.0212189815583,0.0315764143176,0.0844265207613,0.1046201165689,0.0199510720704,0.0939538644102,0.0248418276741,0.0251092210795,0.0240346834739,0.0926006713272,0.0227020155086,0.0211067506113,0.0795526589007,0.0823748085003,0.1012268251892,0.0769896510078,0.0325210592469,0.093269490035,0.0235596447746,0.0216113200518,0.0248899807528,0.0802562234865,0.0250007550534,0.0900998980492,0.0812775765576,0.0867332161149,0.0806484195562,0.0213801873975,0.0670278385571,0.0231889293955,0.0965353673651,0.0245332578101
"1642.MS00500",0.019740829466,0,0.0325363644368,0.0226218100595,0.0242413696492,0.0238774207174,0.0299242596942,0.026254287669,0.021792756116,0.0319147540461,0.0869368561302,0.1017034335921,0.0198897482743,0.0936382340242,0.0225901740251,0.0232244466998,0.0246761348259,0.0907090597019,0.0211435386861,0.0199145768181,0.0799487147282,0.0845575765559,0.0973359791689,0.0806862756383,0.0348555352535,0.0895348666834,0.0221263722681,0.0207874782544,0.0224521654546,0.0824905223816,0.0233273678136,0.0873740026443,0.0844004025909,0.0849537109548,0.0820040563046,0.0211028177384,0.0685640701556,0.0210871056938,0.09265444402,0.0213574983212
"1642.MS00365",0.0327581068156,0.0325363644368,0,0.0253716003532,0.0380545816297,0.0423469725778,0.0459298152269,0.0312715699578,0.0361663959126,0.0199309074597,0.0811673314322,0.0945776028413,0.0287805659063,0.0858821146164,0.0346631644547,0.0279594049286,0.0372943929492,0.0794133633491,0.0366289594839,0.0330104707577,0.0807916672872,0.0788415782735,0.0902607498101,0.0792596753773,0.0191927459116,0.084586393013,0.0431551778598,0.0359940106452,0.0344486683746,0.0800787204963,0.0426643360613,0.083387350069,0.083658528438,0.0793187108236,0.07502239521,0.0292181779922,0.0713232868129,0.0387546199661,0.0779235834731,0.0401219110805
"1642.MS00415",0.0235132149036,0.0226218100595,0.0253716003532,0,0.0307753286677,0.0250340207492,0.0394067539041,0.0184630298631,0.0253143090865,0.0237824211667,0.0872458769608,0.1082187844328,0.0197492281587,0.0996587338177,0.0215988120813,0.0195022180752,0.0270903618223,0.093483956229,0.0230219676043,0.0227914760214,0.0843806110501,0.0868880636684,0.1014259542617,0.0821657240285,0.0224030858126,0.0942071279539,0.0260357505293,0.0240314652853,0.028677290344,0.0852932754417,0.0250827485994,0.0957301167152,0.0865021054317,0.0907086742426,0.0852471960686,0.0192189759048,0.0749672503694,0.0234743392269,0.0953892385292,0.0239829043227
"1642.MS00629",0.0230290276577,0.0242413696492,0.0380545816297,0.0307753286677,0,0.0295766264518,0.027386416328,0.0357832645063,0.0244524606212,0.0347520964837,0.0803074349372,0.101520081023,0.0247800869093,0.0920190927012,0.0348180497928,0.0312345946527,0.0278012114996,0.0916536373833,0.028569942711,0.0277909859276,0.0752784600128,0.0772462699222,0.0974885639187,0.0733840909361,0.0391947325719,0.0870133220192,0.025816976391,0.0234661102221,0.0253169883154,0.0762073198105,0.0333918359471,0.0899676923981,0.0786287324666,0.082676336228,0.0818974872217,0.0276768687067,0.0646229000755,0.0320824176463,0.0923338787415,0.0281474703655
"1642.MS00582",0.0232664432469,0.0238774207174,0.0423469725778,0.0250340207492,0.0295766264518,0,0.0375337874391,0.0224141024224,0.021328485669,0.0401010532799,0.0996053132511,0.1229887845156,0.0236841740022,0.1149126274761,0.0234142948437,0.0244915935177,0.0265428765291,0.1106629338813,0.023605873185,0.0244718067047,0.0955835438952,0.1010766204023,0.1174899985229,0.0935214088579,0.0413806940374,0.1108533551208,0.0232177718409,0.021732179955,0.0267843012173,0.0986755822436,0.0201784450488,0.1119443296405,0.0976884954125,0.1046011400103,0.0995613602828,0.0247710240287,0.0867551862245,0.022421455446,0.1181110865037,0.0227910232087
"1642.MS00634",0.0288310272474,0.0299242596942,0.0459298152269,0.0394067539041,0.027386416328,0.0375337874391,0,0.0394441023998,0.0312530637268,0.0422986689908,0.0920414682447,0.1260253602201,0.0318191529591,0.1133220517265,0.0404623525002,0.0383527325163,0.0334304870374,0.1076735184387,0.0369614514347,0.0327840086202,0.080891532311,0.0891484210957,0.1186221786574,0.0824866642015,0.0460229571999,0.1124630879341,0.0351480639148,0.0324984452493,0.027410691152,0.0867058756873,0.0432070802871,0.1041547108487,0.0861622109942,0.1021905319076,0.0956318061973,0.0353818820076,0.0669487940762,0.0391268951676,0.1129884989459,0.0381512567121
"1642.MS00444",0.0239995017984,0.026254287669,0.0312715699578,0.0184630298631,0.0357832645063,0.0224141024224,0.0394441023998,0,0.0265999823238,0.0295365985003,0.0979328185514,0.1146060108694,0.0208776338655,0.1079210772705,0.0215194659837,0.0193041771121,0.0267293057688,0.1030358632071,0.0230073608114,0.0221341441182,0.0957544731655,0.0971620441786,0.1100672196276,0.0922740424601,0.0274414055073,0.1034538816217,0.02733403737,0.0282318453754,0.0260539160205,0.0954868060063,0.0215179538779,0.1033868645941,0.0965635113879,0.098802975145,0.094782961562,0.0246523066962,0.0829558661183,0.0232687479911,0.1040673962567,0.0254525732345
"1642.MS00621",0.0212189815583,0.021792756116,0.0361663959126,0.0253143090865,0.0244524606212,0.021328485669,0.0312530637268,0.0265999823238,0,0.0337998738336,0.0908851708171,0.1155382744049,0.0216309386322,0.1074857050431,0.0249589010861,0.0250189007966,0.022348766372,0.1067003508467,0.0216443032706,0.021734141981,0.0877666986701,0.0891717848854,0.1130052127254,0.0847748544157,0.0377360227099,0.1019810270739,0.0207284558933,0.0196226464024,0.0235515488967,0.0895695550183,0.0236663431399,0.1108887556151,0.0883675137031,0.0970937758568,0.0980178718964,0.0241079974671,0.0729603824908,0.0224851076763,0.1170530222093,0.0245017305033
"1642.MS00341",0.0315764143176,0.0319147540461,0.0199309074597,0.0237824211667,0.0347520964837,0.0401010532799,0.0422986689908,0.0295365985003,0.0337998738336,0,0.077600420623,0.0916519423366,0.0268384983986,0.0828872300163,0.0348694240968,0.0272842263454,0.0338834016661,0.076230741875,0.0340475617719,0.0308287841831,0.078951514837,0.0755261624271,0.0880172264195,0.0765301153399,0.01826016507,0.0825255426571,0.0375342659652,0.0341237229978,0.0326888366711,0.0768023569251,0.0404140817972,0.0813486073478,0.0811005228115,0.0749506899641,0.0717190872538,0.0292340823409,0.0658356328517,0.0361692247945,0.0751560860964,0.0383151928579
"2382.SH008.C6.HA.2.532.rhizo.4.12.lane7.NoIndex.L007.sequences",0.0844265207613,0.0869368561302,0.0811673314322,0.0872458769608,0.0803074349372,0.0996053132511,0.0920414682447,0.0979328185514,0.0908851708171,0.077600420623,0,0.0479407097202,0.0836068267397,0.0425026127043,0.1054086024805,0.0892800090712,0.0956572406736,0.0361081525091,0.0926805414674,0.0926884424242,0.0242573469216,0.0199772424011,0.0413995718042,0.028035515058,0.0856620877686,0.0400055649959,0.0961549197164,0.0863258451856,0.0911790150679,0.0209479183254,0.1040331994591,0.0545468057832,0.0252302125109,0.0381802590093,0.0504052301375,0.0823400396685,0.0383990933187,0.1060020668145,0.0579837215012,0.0899832171299
"2382.SH005.C3.RH.4.668.root.9.12.lane7.NoIndex.L007.sequences",0.1046201165689,0.1017034335921,0.0945776028413,0.1082187844328,0.101520081023,0.1229887845156,0.1260253602201,0.1146060108694,0.1155382744049,0.0916519423366,0.0479407097202,0,0.1049049418918,0.0186577961026,0.1216785482162,0.1000033296711,0.1174981939644,0.0137834206604,0.1075040762949,0.1110671250082,0.048821463771,0.0486196730546,0.0151483971201,0.0535367958617,0.0982827163132,0.0163078544779,0.1146037462578,0.1065087168219,0.1081086676731,0.0469173897777,0.1232585238812,0.0432643511023,0.0604923868494,0.0202992418554,0.0506706799819,0.1018915380477,0.0512047375544,0.1228956357317,0.0208526787948,0.1082509872115
"1642.MS00410",0.0199510720704,0.0198897482743,0.0287805659063,0.0197492281587,0.0247800869093,0.0236841740022,0.0318191529591,0.0208776338655,0.0216309386322,0.0268384983986,0.0836068267397,0.1049049418918,0,0.0976093912376,0.025480435949,0.0219438297763,0.0251586409625,0.093850233722,0.0243452598907,0.0225663214004,0.0803772639252,0.0827220950944,0.1008351444396,0.0775437735741,0.0278983119911,0.0933898932432,0.0236038801728,0.0212899433219,0.0251335057407,0.0805924584713,0.0254490088408,0.0924269861511,0.0806787618498,0.0866114482674,0.081381422997,0.0190337333045,0.069270642691,0.0246703646025,0.0999885128191,0.0221494249581
"2382.SH004.C1.RH.5.623.root.9.12.lane7.NoIndex.L007.sequences",0.0939538644102,0.0936382340242,0.0858821146164,0.0996587338177,0.0920190927012,0.1149126274761,0.1133220517265,0.1079210772705,0.1074857050431,0.0828872300163,0.0425026127043,0.0186577961026,0.0976093912376,0,0.1132284529807,0.0949377219945,0.1089797882833,0.0149318151483,0.1008084508325,0.1045399164761,0.0426056913481,0.0423570576437,0.0209233918268,0.0476491373699,0.0912484125514,0.018879030334,0.1067592216697,0.0965823131375,0.0983476708944,0.0429798836695,0.1147327834264,0.0378133369289,0.0534382740661,0.0193428335526,0.0419252433972,0.0919284302758,0.0445610582312,0.1163036027441,0.0210547153968,0.1035703462706
"1642.MS00482",0.0248418276741,0.0225901740251,0.0346631644547,0.0215988120813,0.0348180497928,0.0234142948437,0.0404623525002,0.0215194659837,0.0249589010861,0.0348694240968,0.1054086024805,0.1216785482162,0.025480435949,0.1132284529807,0,0.0215615316814,0.0252473171078,0.108661461001,0.0210079394817,0.0216841207489,0.1012215316538,0.1070285876151,0.114458750348,0.1002545714064,0.0323394137257,0.1093675507397,0.0246770142384,0.0232343450348,0.0258670690702,0.1037394742908,0.0221547708992,0.1086954803107,0.102173484777,0.1059371023789,0.1033428074557,0.0228342217463,0.08739470224,0.0201339760549,0.1092752913562,0.0248664656294
"1642.MS00399",0.0251092210795,0.0232244466998,0.0279594049286,0.0195022180752,0.0312345946527,0.0244915935177,0.0383527325163,0.0193041771121,0.0250189007966,0.0272842263454,0.0892800090712,0.1000033296711,0.0219438297763,0.0949377219945,0.0215615316814,0,0.0251194704598,0.0896353892311,0.0194139931234,0.0210597307363,0.0896415351816,0.0890892195768,0.096903798019,0.0868321406151,0.0233810522017,0.0902608281306,0.0245397373841,0.0250604866496,0.0263012286247,0.0890294662963,0.0234384366182,0.0926277837721,0.0918626508514,0.0854890327139,0.0845800231424,0.0227430033687,0.0769777281481,0.0199116853783,0.094065520317,0.0246576583342
"1642.MS00605",0.0240346834739,0.0246761348259,0.0372943929492,0.0270903618223,0.0278012114996,0.0265428765291,0.0334304870374,0.0267293057688,0.022348766372,0.0338834016661,0.0956572406736,0.1174981939644,0.0251586409625,0.1089797882833,0.0252473171078,0.0251194704598,0,0.1068557408378,0.0214379055337,0.0217181152532,0.0939945483439,0.094030639804,0.1159309983921,0.0911945148198,0.0370957302781,0.1070727732794,0.0234028815119,0.0234363986955,0.0223944630978,0.0943417923769,0.0261693126118,0.115872816614,0.0963058219292,0.1006705331653,0.1031303960296,0.0278631502609,0.0815385435021,0.0244621832123,0.1114117153772,0.0275255369155
"2382.SH008.C6.HA.4.743.root.9.12.lane7.NoIndex.L007.sequences",0.0926006713272,0.0907090597019,0.0794133633491,0.093483956229,0.0916536373833,0.1106629338813,0.1076735184387,0.1030358632071,0.1067003508467,0.076230741875,0.0361081525091,0.0137834206604,0.093850233722,0.0149318151483,0.108661461001,0.0896353892311,0.1068557408378,0,0.0962103325988,0.1032269027508,0.0384176601823,0.0367752336759,0.0162986772136,0.043220978888,0.0858721937665,0.0168644192961,0.1043097685698,0.0948956554881,0.0952306187099,0.0400015063346,0.1096621564784,0.0334001168169,0.0464752806341,0.0187772392835,0.0356072937841,0.0882542663263,0.0429626040995,0.1103165763516,0.0196422446543,0.0985314639162
"1642.MS00542",0.0227020155086,0.0211435386861,0.0366289594839,0.0230219676043,0.028569942711,0.023605873185,0.0369614514347,0.0230073608114,0.0216443032706,0.0340475617719,0.0926805414674,0.1075040762949,0.0243452598907,0.1008084508325,0.0210079394817,0.0194139931234,0.0214379055337,0.0962103325988,0,0.0192985112772,0.0920081080116,0.091374270932,0.1049602856861,0.0900864037355,0.0339441023856,0.0992059986458,0.0214134969559,0.0220468723326,0.0235405581434,0.0915231370694,0.0217027473724,0.0996438835076,0.0941400559424,0.093008109107,0.0905094545573,0.0231639334947,0.0810585533327,0.0186454584999,0.0999436829267,0.0259422964625
"1642.MS00497",0.0211067506113,0.0199145768181,0.0330104707577,0.0227914760214,0.0277909859276,0.0244718067047,0.0327840086202,0.0221341441182,0.021734141981,0.0308287841831,0.0926884424242,0.1110671250082,0.0225663214004,0.1045399164761,0.0216841207489,0.0210597307363,0.0217181152532,0.1032269027508,0.0192985112772,0,0.0895262706508,0.0916981956379,0.1081804643483,0.0880772168132,0.0312687845928,0.1001579959115,0.0232772923689,0.0229377633533,0.0230162816743,0.0896971744895,0.0235694193436,0.1066137527216,0.0927424510285,0.0956145977788,0.0965112713375,0.0231133469608,0.0776704216202,0.0214945312103,0.1133502615277,0.0240854401311
"2382.SH005.C3.RH.2.657.rhizo.9.12.lane7.NoIndex.L007.sequences",0.0795526589007,0.0799487147282,0.0807916672872,0.0843806110501,0.0752784600128,0.0955835438952,0.080891532311,0.0957544731655,0.0877666986701,0.078951514837,0.0242573469216,0.048821463771,0.0803772639252,0.0426056913481,0.1012215316538,0.0896415351816,0.0939945483439,0.0384176601823,0.0920081080116,0.0895262706508,0,0.0229609599969,0.0411127184961,0.0242990327829,0.0829863092303,0.0401538854347,0.092508148238,0.0840292089347,0.0836893043223,0.0221360354731,0.1040320446049,0.0497179080393,0.02428645824,0.0328362721721,0.046159580171,0.0787011782353,0.0318226949958,0.1032256746547,0.0566350595616,0.087232245821
"2382.SH007.C6.RH.3.712.rhizo.9.12.lane7.NoIndex.L007.sequences",0.0823748085003,0.0845575765559,0.0788415782735,0.0868880636684,0.0772462699222,0.1010766204023,0.0891484210957,0.0971620441786,0.0891717848854,0.0755261624271,0.0199772424011,0.0486196730546,0.0827220950944,0.0423570576437,0.1070285876151,0.0890892195768,0.094030639804,0.0367752336759,0.091374270932,0.0916981956379,0.0229609599969,0,0.0445202511756,0.0274611129429,0.081064928363,0.0426911078565,0.0954257526343,0.086471042443,0.0869431276606,0.0218007293716,0.1062308674012,0.0531628158768,0.030042815024,0.0377765780435,0.0504873356016,0.0807369616068,0.0324031763298,0.1068909018329,0.0513152118378,0.0906584880806
"2382.MU002.C3.HA.2.683.root.9.12.lane7.NoIndex.L007.sequences",0.1012268251892,0.0973359791689,0.0902607498101,0.1014259542617,0.0974885639187,0.1174899985229,0.1186221786574,0.1100672196276,0.1130052127254,0.0880172264195,0.0413995718042,0.0151483971201,0.1008351444396,0.0209233918268,0.114458750348,0.096903798019,0.1159309983921,0.0162986772136,0.1049602856861,0.1081804643483,0.0411127184961,0.0445202511756,0,0.0429186168216,0.0947668185472,0.017320043327,0.1112228299899,0.1015282763692,0.103668951699,0.0410178202848,0.1172407796742,0.0445458431515,0.0464032303493,0.0190498987012,0.0488298841432,0.0962243572916,0.0502096553931,0.1177249719405,0.0270737532551,0.1025502569239
"2382.MU002.C3.HA.2.482.rhizo.4.12.lane7.NoIndex.L007.sequences",0.0769896510078,0.0806862756383,0.0792596753773,0.0821657240285,0.0733840909361,0.0935214088579,0.0824866642015,0.0922740424601,0.0847748544157,0.0765301153399,0.028035515058,0.0535367958617,0.0775437735741,0.0476491373699,0.1002545714064,0.0868321406151,0.0911945148198,0.043220978888,0.0900864037355,0.0880772168132,0.0242990327829,0.0274611129429,0.0429186168216,0,0.0811615488747,0.0389131482127,0.0899311504266,0.0808497794267,0.0834394300664,0.0250561126306,0.0986231106044,0.0543148656124,0.0268073661447,0.0382556592914,0.0484945500859,0.0754925846531,0.0350065181355,0.1010619875468,0.0623588743813,0.0833916915165
"1642.MS00360",0.0325210592469,0.0348555352535,0.0191927459116,0.0224030858126,0.0391947325719,0.0413806940374,0.0460229571999,0.0274414055073,0.0377360227099,0.01826016507,0.0856620877686,0.0982827163132,0.0278983119911,0.0912484125514,0.0323394137257,0.0233810522017,0.0370957302781,0.0858721937665,0.0339441023856,0.0312687845928,0.0829863092303,0.081064928363,0.0947668185472,0.0811615488747,0,0.0878522532249,0.0397706767245,0.0368025101627,0.0356776824576,0.0817540599874,0.0395222261955,0.0972126400364,0.0866150428603,0.0846608954754,0.0859549708117,0.0273571693693,0.0729157601293,0.0360206212686,0.0872210771554,0.0395261404141
"2382.DPOO1.C1.HA.2.433.root.4.12.lane7.NoIndex.L007.sequences",0.093269490035,0.0895348666834,0.084586393013,0.0942071279539,0.0870133220192,0.1108533551208,0.1124630879341,0.1034538816217,0.1019810270739,0.0825255426571,0.0400055649959,0.0163078544779,0.0933898932432,0.018879030334,0.1093675507397,0.0902608281306,0.1070727732794,0.0168644192961,0.0992059986458,0.1001579959115,0.0401538854347,0.0426911078565,0.017320043327,0.0389131482127,0.0878522532249,0,0.1037292573289,0.0923608420632,0.0978191684368,0.0355805248172,0.1108128366935,0.0399954696694,0.0431813535796,0.0153403223319,0.0449076391815,0.0891423122398,0.0407541449642,0.1137087524758,0.025269227025,0.0953320968164
"1642.MS00606",0.0235596447746,0.0221263722681,0.0431551778598,0.0260357505293,0.025816976391,0.0232177718409,0.0351480639148,0.02733403737,0.0207284558933,0.0375342659652,0.0961549197164,0.1146037462578,0.0236038801728,0.1067592216697,0.0246770142384,0.0245397373841,0.0234028815119,0.1043097685698,0.0214134969559,0.0232772923689,0.092508148238,0.0954257526343,0.1112228299899,0.0899311504266,0.0397706767245,0.1037292573289,0,0.0209731443581,0.0241903151912,0.095033899017,0.0233087666602,0.107941915513,0.0939380130222,0.0976148766802,0.0952019003012,0.0247886593128,0.0808000797875,0.0227539136021,0.1104334737868,0.0246798198684
"1642.MS00597",0.0216113200518,0.0207874782544,0.0359940106452,0.0240314652853,0.0234661102221,0.021732179955,0.0324984452493,0.0282318453754,0.0196226464024,0.0341237229978,0.0863258451856,0.1065087168219,0.0212899433219,0.0965823131375,0.0232343450348,0.0250604866496,0.0234363986955,0.0948956554881,0.0220468723326,0.0229377633533,0.0840292089347,0.086471042443,0.1015282763692,0.0808497794267,0.0368025101627,0.0923608420632,0.0209731443581,0,0.0238303516629,0.0852713447359,0.0232534157315,0.0958564342352,0.0838078175287,0.0877575160196,0.0856242931212,0.0236398978817,0.0714907480007,0.0229674107522,0.0983286487981,0.0236567064956
"1642.MS00638",0.0248899807528,0.0224521654546,0.0344486683746,0.028677290344,0.0253169883154,0.0267843012173,0.027410691152,0.0260539160205,0.0235515488967,0.0326888366711,0.0911790150679,0.1081086676731,0.0251335057407,0.0983476708944,0.0258670690702,0.0263012286247,0.0223944630978,0.0952306187099,0.0235405581434,0.0230162816743,0.0836893043223,0.0869431276606,0.103668951699,0.0834394300664,0.0356776824576,0.0978191684368,0.0241903151912,0.0238303516629,0,0.087904320906,0.0274180345273,0.093855466301,0.0875064332282,0.0905699803341,0.0862820601768,0.0272230106913,0.071832619521,0.0254425649588,0.0953203194051,0.0272016266215
"2382.SH007.C6.RH.5.522.rhizo.4.12.lane7.NoIndex.L007.sequences",0.0802562234865,0.0824905223816,0.0800787204963,0.0852932754417,0.0762073198105,0.0986755822436,0.0867058756873,0.0954868060063,0.0895695550183,0.0768023569251,0.0209479183254,0.0469173897777,0.0805924584713,0.0429798836695,0.1037394742908,0.0890294662963,0.0943417923769,0.0400015063346,0.0915231370694,0.0896971744895,0.0221360354731,0.0218007293716,0.0410178202848,0.0250561126306,0.0817540599874,0.0355805248172,0.095033899017,0.0852713447359,0.087904320906,0,0.1031679345479,0.0495650626554,0.028368351031,0.034396958749,0.046772795368,0.0785596175222,0.0339034065415,0.1045330236479,0.0615002908151,0.0884077768549
"1642.MS00587",0.0250007550534,0.0233273678136,0.0426643360613,0.0250827485994,0.0333918359471,0.0201784450488,0.0432070802871,0.0215179538779,0.0236663431399,0.0404140817972,0.1040331994591,0.1232585238812,0.0254490088408,0.1147327834264,0.0221547708992,0.0234384366182,0.0261693126118,0.1096621564784,0.0217027473724,0.0235694193436,0.1040320446049,0.1062308674012,0.1172407796742,0.0986231106044,0.0395222261955,0.1108128366935,0.0233087666602,0.0232534157315,0.0274180345273,0.1031679345479,0,0.1142585863188,0.1033591517324,0.1060951049662,0.1032797232513,0.024771188008,0.0941072976962,0.0202945652341,0.1153289232445,0.0235294563003
"2382.RU006.C181.RH.5.798.root.9.12.lane7.NoIndex.L007.sequences",0.0900998980492,0.0873740026443,0.083387350069,0.0957301167152,0.0899676923981,0.1119443296405,0.1041547108487,0.1033868645941,0.1108887556151,0.0813486073478,0.0545468057832,0.0432643511023,0.0924269861511,0.0378133369289,0.1086954803107,0.0926277837721,0.115872816614,0.0334001168169,0.0996438835076,0.1066137527216,0.0497179080393,0.0531628158768,0.0445458431515,0.0543148656124,0.0972126400364,0.0399954696694,0.107941915513,0.0958564342352,0.093855466301,0.0495650626554,0.1142585863188,0,0.0672930684206,0.0392601423243,0.0121366510418,0.0886320068296,0.0407798786293,0.1114617953019,0.0350126465865,0.0962250060586
"2382.DPOO1.C1.HA.5.647.rhizo.9.12.lane7.NoIndex.L007.sequences",0.0812775765576,0.0844004025909,0.083658528438,0.0865021054317,0.0786287324666,0.0976884954125,0.0861622109942,0.0965635113879,0.0883675137031,0.0811005228115,0.0252302125109,0.0604923868494,0.0806787618498,0.0534382740661,0.102173484777,0.0918626508514,0.0963058219292,0.0464752806341,0.0941400559424,0.0927424510285,0.02428645824,0.030042815024,0.0464032303493,0.0268073661447,0.0866150428603,0.0431813535796,0.0939380130222,0.0838078175287,0.0875064332282,0.028368351031,0.1033591517324,0.0672930684206,0,0.0356837387572,0.0621025235747,0.080675893514,0.03565031328,0.1050478538933,0.0682364618177,0.0883766256353
"2382.DPOO1.C1.HA.2.633.root.9.12.lane7.NoIndex.L007.sequences",0.0867332161149,0.0849537109548,0.0793187108236,0.0907086742426,0.082676336228,0.1046011400103,0.1021905319076,0.098802975145,0.0970937758568,0.0749506899641,0.0381802590093,0.0202992418554,0.0866114482674,0.0193428335526,0.1059371023789,0.0854890327139,0.1006705331653,0.0187772392835,0.093008109107,0.0956145977788,0.0328362721721,0.0377765780435,0.0190498987012,0.0382556592914,0.0846608954754,0.0153403223319,0.0976148766802,0.0877575160196,0.0905699803341,0.034396958749,0.1060951049662,0.0392601423243,0.0356837387572,0,0.0428459025493,0.0840287798827,0.0352186558381,0.107416577157,0.0275165608686,0.0912868888446
"2382.RU006.C181.RH.5.398.root.9.11.lane1.NoIndex.L001.sequences",0.0806484195562,0.0820040563046,0.07502239521,0.0852471960686,0.0818974872217,0.0995613602828,0.0956318061973,0.094782961562,0.0980178718964,0.0717190872538,0.0504052301375,0.0506706799819,0.081381422997,0.0419252433972,0.1033428074557,0.0845800231424,0.1031303960296,0.0356072937841,0.0905094545573,0.0965112713375,0.046159580171,0.0504873356016,0.0488298841432,0.0484945500859,0.0859549708117,0.0449076391815,0.0952019003012,0.0856242931212,0.0862820601768,0.046772795368,0.1032797232513,0.0121366510418,0.0621025235747,0.0428459025493,0,0.0790576200703,0.0398134392093,0.1017967167603,0.037873267103,0.0887870462511
"1642.MS00432",0.0213801873975,0.0211028177384,0.0292181779922,0.0192189759048,0.0276768687067,0.0247710240287,0.0353818820076,0.0246523066962,0.0241079974671,0.0292340823409,0.0823400396685,0.1018915380477,0.0190337333045,0.0919284302758,0.0228342217463,0.0227430033687,0.0278631502609,0.0882542663263,0.0231639334947,0.0231133469608,0.0787011782353,0.0807369616068,0.0962243572916,0.0754925846531,0.0273571693693,0.0891423122398,0.0247886593128,0.0236398978817,0.0272230106913,0.0785596175222,0.024771188008,0.0886320068296,0.080675893514,0.0840287798827,0.0790576200703,0,0.0688520253676,0.0245131861838,0.0932473447071,0.0238305138381
"2382.GM.181.R1.rhizo.10.12.lane7.NoIndex.L007.sequences",0.0670278385571,0.0685640701556,0.0713232868129,0.0749672503694,0.0646229000755,0.0867551862245,0.0669487940762,0.0829558661183,0.0729603824908,0.0658356328517,0.0383990933187,0.0512047375544,0.069270642691,0.0445610582312,0.08739470224,0.0769777281481,0.0815385435021,0.0429626040995,0.0810585533327,0.0776704216202,0.0318226949958,0.0324031763298,0.0502096553931,0.0350065181355,0.0729157601293,0.0407541449642,0.0808000797875,0.0714907480007,0.071832619521,0.0339034065415,0.0941072976962,0.0407798786293,0.03565031328,0.0352186558381,0.0398134392093,0.0688520253676,0,0.090413130544,0.0542958691142,0.0797272866274
"1642.MS00485",0.0231889293955,0.0210871056938,0.0387546199661,0.0234743392269,0.0320824176463,0.022421455446,0.0391268951676,0.0232687479911,0.0224851076763,0.0361692247945,0.1060020668145,0.1228956357317,0.0246703646025,0.1163036027441,0.0201339760549,0.0199116853783,0.0244621832123,0.1103165763516,0.0186454584999,0.0214945312103,0.1032256746547,0.1068909018329,0.1177249719405,0.1010619875468,0.0360206212686,0.1137087524758,0.0227539136021,0.0229674107522,0.0254425649588,0.1045330236479,0.0202945652341,0.1114617953019,0.1050478538933,0.107416577157,0.1017967167603,0.0245131861838,0.090413130544,0,0.1151068868246,0.0245369652719
"2382.GM.181.R3.root.10.12.lane7.NoIndex.L007.sequences",0.0965353673651,0.09265444402,0.0779235834731,0.0953892385292,0.0923338787415,0.1181110865037,0.1129884989459,0.1040673962567,0.1170530222093,0.0751560860964,0.0579837215012,0.0208526787948,0.0999885128191,0.0210547153968,0.1092752913562,0.094065520317,0.1114117153772,0.0196422446543,0.0999436829267,0.1133502615277,0.0566350595616,0.0513152118378,0.0270737532551,0.0623588743813,0.0872210771554,0.025269227025,0.1104334737868,0.0983286487981,0.0953203194051,0.0615002908151,0.1153289232445,0.0350126465865,0.0682364618177,0.0275165608686,0.037873267103,0.0932473447071,0.0542958691142,0.1151068868246,0,0.1049068232755
"1642.MS00558",0.0245332578101,0.0213574983212,0.0401219110805,0.0239829043227,0.0281474703655,0.0227910232087,0.0381512567121,0.0254525732345,0.0245017305033,0.0383151928579,0.0899832171299,0.1082509872115,0.0221494249581,0.1035703462706,0.0248664656294,0.0246576583342,0.0275255369155,0.0985314639162,0.0259422964625,0.0240854401311,0.087232245821,0.0906584880806,0.1025502569239,0.0833916915165,0.0395261404141,0.0953320968164,0.0246798198684,0.0236567064956,0.0272016266215,0.0884077768549,0.0235294563003,0.0962250060586,0.0883766256353,0.0912868888446,0.0887870462511,0.0238305138381,0.0797272866274,0.0245369652719,0.1049068232755,0
