"","1642.MS00489","1642.MS00404","2382.SH005.C3.RH.1.653.root.9.12.lane7.NoIndex.L007.sequences","1642.MS00599","2382.GM.181.R5.rhizo.10.12.lane7.NoIndex.L007.sequences","2382.SH007.C6.RH.2.87.root.6.11.lane1.NoIndex.L001.sequences","2382.SH007.C6.RH.2.708.root.9.12.lane7.NoIndex.L007.sequences","2382.SH008.C6.HA.1.328.root.9.11.lane1.NoIndex.L001.sequences","1642.MS00421","1642.MS00487","1642.MS00458","1642.MS00533","2382.SH004.C1.RH.2.607.rhizo.9.12.lane7.NoIndex.L007.sequences","1642.MS00459","1642.MS00595","1642.MS00531","1642.MS00604","2382.SH008.C6.HA.3.537.rhizo.4.12.lane7.NoIndex.L007.sequences","1642.MS00480","1642.MS00592","2382.MU002.C3.HA.5.497.rhizo.4.12.lane7.NoIndex.L007.sequences","1642.MS00600","1642.MS00425","1642.MS00390","2382.DPOO1.C1.HA.3.238.root.9.11.lane1.NoIndex.L001.sequences","1642.MS00465","1642.MS00335","1642.MS00490","1642.MS00331","1642.MS00363","2382.SH007.C6.RH.5.522.rhizo.4.12.lane7.NoIndex.L007.sequences","2382.SH005.C3.RH.4.467.rhizo.4.12.lane7.NoIndex.L007.sequences","1642.MS00617","1642.MS00550","1642.MS00443","1642.MS00578","1642.MS00556","1642.MS00505","2382.SH008.C6.HA.5.548.root.4.12.lane7.NoIndex.L007.sequences","2382.HE003.C181.HA.3.763.root.9.12.lane7.NoIndex.L007.sequences"
"1642.MS00489",0,0.536,1,0.982,1,1,1,1,-0.042,-1,0.122,-0.96,1,-0.324,0.57,-0.761,0.221,1,-0.154,-0.473,1,-0.584,-0.014,0.919,1,-0.629,0.906,-1,0.892,0.733,1,1,-0.00800000000000001,-0.867,-0.791,-0.046,-0.346,-0.418,1,1
"1642.MS00404",0.536,0,1,0.908,1,1,1,1,-0.924,0.414,-0.906,-0.603,1,-0.958,0.693,0.122,0.171,1,0.854,-0.518,1,0.818,-0.603,0.988,1,0.521,0.807,0.644,0.636,0.004,1,1,-0.184,0.348,-0.106,1,-0.322,-0.036,1,1
"2382.SH005.C3.RH.1.653.root.9.12.lane7.NoIndex.L007.sequences",1,1,0,1,1,-0.685,-1,-1,1,1,1,1,1,1,1,1,1,1,1,1,1,1,1,1,-0.932,1,1,1,1,1,0.869,0.992,1,1,1,1,1,1,-0.998,-0.974
"1642.MS00599",0.982,0.908,1,0,1,1,1,1,0.907,0.93,0.907,0.884,1,0.666,0.641,0.968,0.737,1,1,0.568,1,0.966,0.973,1,1,1,1,0.996,1,1,1,1,0.496,0.99,0.899,1,0.842,0.97,1,1
"2382.GM.181.R5.rhizo.10.12.lane7.NoIndex.L007.sequences",1,1,1,1,0,1,0.998,1,1,1,1,1,0.958,1,1,1,1,0.998,1,1,0.99,1,1,1,1,1,1,1,1,1,0.849,1,1,1,1,1,1,1,1,1
"2382.SH007.C6.RH.2.87.root.6.11.lane1.NoIndex.L001.sequences",1,1,-0.685,1,1,0,-0.814,-0.996,1,1,1,1,1,1,1,1,1,1,1,1,1,1,1,1,0.93,1,1,1,1,1,0.998,1,1,1,1,1,1,1,-0.986,-0.638
"2382.SH007.C6.RH.2.708.root.9.12.lane7.NoIndex.L007.sequences",1,1,-1,1,0.998,-0.814,0,-0.984,1,1,1,1,0.998,1,1,1,1,0.992,1,1,1,1,1,1,-0.95,1,1,1,1,1,0.776,0.976,1,1,1,1,1,1,-0.996,-1
"2382.SH008.C6.HA.1.328.root.9.11.lane1.NoIndex.L001.sequences",1,1,-1,1,1,-0.996,-0.984,0,1,1,1,1,0.99,1,1,1,1,0.66,1,1,1,1,1,1,-0.334,1,1,1,1,1,0.873,0.817,1,1,1,1,1,1,-1,-0.832
"1642.MS00421",-0.042,-0.924,1,0.907,1,1,1,1,0,-0.261,-0.273,-0.121,1,-0.815,0.651,0.182,0.482,1,-0.168,-0.258,1,0.317,-1,-0.244,1,-0.378,-0.48,-0.345,-0.424,-0.942,1,1,0.388,0.0489999999999999,-0.13,0.771,-0.246,-0.833,1,1
"1642.MS00487",-1,0.414,1,0.93,1,1,1,1,-0.261,0,-0.116,-0.886,1,-0.41,0.821,-0.58,0.0660000000000001,1,-0.029,-0.442,1,-0.405,-0.195,0.903,1,-0.496,0.948,-1,0.885,0.7,1,1,-0.0600000000000001,-0.611,-0.882,0.196,-0.462,-0.489,1,1
"1642.MS00458",0.122,-0.906,1,0.907,1,1,1,1,-0.273,-0.116,0,-0.48,1,-0.948,0.714,0.357,-0.836,1,0.693,-0.969,1,0.639,-0.351,1,1,0.691,0.97,0.265,0.928,0.193,1,1,-0.918,-0.016,-0.399,1,-0.986,-0.33,1,1
"1642.MS00533",-0.96,-0.603,1,0.884,1,1,1,1,-0.121,-0.886,-0.48,0,1,-0.932,0.29,-0.966,-0.582,1,-0.015,-0.932,1,-0.911,-0.27,0.994,1,-0.829,0.996,-0.756,0.934,0.783,1,1,-0.19,-1,-0.101,-0.368,-0.643,-0.522,1,1
"2382.SH004.C1.RH.2.607.rhizo.9.12.lane7.NoIndex.L007.sequences",1,1,1,1,0.958,1,0.998,0.99,1,1,1,1,0,1,1,1,1,-0.628,1,1,0.413,1,1,1,1,1,1,1,1,1,-0.711,0.0229999999999999,1,1,1,1,1,1,1,1
"1642.MS00459",-0.324,-0.958,1,0.666,1,1,1,1,-0.815,-0.41,-0.948,-0.932,1,0,0.552,-0.537,-0.773,1,0.826,-0.965,1,-0.154,-0.23,0.994,1,0.755,0.983,0.0940000000000001,0.89,0.609,1,1,-0.912,-0.447,-0.865,0.996,-0.886,-0.568,1,1
"1642.MS00595",0.57,0.693,1,0.641,1,1,1,1,0.651,0.821,0.714,0.29,1,0.552,0,0.825,0.706,1,0.669,0.248,1,0.876,0.711,1,1,0.898,0.998,0.982,0.996,0.935,1,1,0.871,0.617,0.904,0.994,0.447,0.771,1,1
"1642.MS00531",-0.761,0.122,1,0.968,1,1,1,1,0.182,-0.58,0.357,-0.966,1,-0.537,0.825,0,0.144,1,0.745,-0.747,1,-0.896,0.239,0.998,1,-0.652,0.998,-0.499,0.94,0.945,1,1,0.299,-0.935,0.199,0.15,-0.261,-0.245,1,1
"1642.MS00604",0.221,0.171,1,0.737,1,1,1,1,0.482,0.0660000000000001,-0.836,-0.582,1,-0.773,0.706,0.144,0,1,0.857,-0.914,1,-0.279,0.504,1,1,0.89,1,0.646,0.998,0.952,1,1,-0.848,-0.103,-0.0580000000000001,0.988,-0.86,-0.04,1,1
"2382.SH008.C6.HA.3.537.rhizo.4.12.lane7.NoIndex.L007.sequences",1,1,1,1,0.998,1,0.992,0.66,1,1,1,1,-0.628,1,1,1,1,0,1,1,0.903,1,1,1,1,1,1,1,1,1,-0.675,-0.99,1,1,1,1,1,1,0.99,1
"1642.MS00480",-0.154,0.854,1,1,1,1,1,1,-0.168,-0.029,0.693,-0.015,1,0.826,0.669,0.745,0.857,1,0,0.369,1,0.593,-1,0.144,1,-0.743,-0.632,-0.807,-0.701,-0.962,1,1,0.861,-0.225,0.747,-1,0.288,-1,1,1
"1642.MS00592",-0.473,-0.518,1,0.568,1,1,1,1,-0.258,-0.442,-0.969,-0.932,1,-0.965,0.248,-0.747,-0.914,1,0.369,0,1,-0.859,-0.115,0.996,1,0.3,0.988,-0.123,0.927,0.663,1,1,-0.971,-0.836,-0.818,0.769,-0.983,-0.77,1,1
"2382.MU002.C3.HA.5.497.rhizo.4.12.lane7.NoIndex.L007.sequences",1,1,1,1,0.99,1,1,1,1,1,1,1,0.413,1,1,1,1,0.903,1,1,0,1,1,1,1,1,1,1,1,1,-0.039,0.996,1,1,1,1,1,1,1,1
"1642.MS00600",-0.584,0.818,1,0.966,1,1,1,1,0.317,-0.405,0.639,-0.911,1,-0.154,0.876,-0.896,-0.279,1,0.593,-0.859,1,0,0.276,0.99,1,-0.483,0.999,-0.342,0.978,0.964,1,1,0.259,-0.962,0.268,-0.607,-0.041,-0.172,1,1
"1642.MS00425",-0.014,-0.603,1,0.973,1,1,1,1,-1,-0.195,-0.351,-0.27,1,-0.23,0.711,0.239,0.504,1,-1,-0.115,1,0.276,0,-0.449,1,-0.733,-0.947,-0.843,-0.994,-1,1,1,0.307,-0.113,0.163,-0.82,-0.343,-1,1,1
"1642.MS00390",0.919,0.988,1,1,1,1,1,1,-0.244,0.903,1,0.994,1,0.994,1,0.998,1,1,0.144,0.996,1,0.99,-0.449,0,1,0.889,-1,0.291,-0.966,-0.528,1,1,1,0.992,0.724,0.649,0.996,0.157,1,1
"2382.DPOO1.C1.HA.3.238.root.9.11.lane1.NoIndex.L001.sequences",1,1,-0.932,1,1,0.93,-0.95,-0.334,1,1,1,1,1,1,1,1,1,1,1,1,1,1,1,1,0,1,1,1,1,1,0.974,1,1,1,1,1,1,1,-0.629,-0.885
"1642.MS00465",-0.629,0.521,1,1,1,1,1,1,-0.378,-0.496,0.691,-0.829,1,0.755,0.898,-0.652,0.89,1,-0.743,0.3,1,-0.483,-0.733,0.889,1,0,0.625,-0.952,0.189,0.144,1,1,0.944,-0.865,0.912,-0.973,0.376,-0.467,1,1
"1642.MS00335",0.906,0.807,1,1,1,1,1,1,-0.48,0.948,0.97,0.996,1,0.983,0.998,0.998,1,1,-0.632,0.988,1,0.999,-0.947,-1,1,0.625,0,0.184,-1,-1,1,1,0.998,0.946,0.711,0.331,0.972,-0.468,1,1
"1642.MS00490",-1,0.644,1,0.996,1,1,1,1,-0.345,-1,0.265,-0.756,1,0.0940000000000001,0.982,-0.499,0.646,1,-0.807,-0.123,1,-0.342,-0.843,0.291,1,-0.952,0.184,0,-0.291,-0.239,1,1,0.518,-0.808,0.221,-0.858,0.002,-0.978,1,1
"1642.MS00331",0.892,0.636,1,1,1,1,1,1,-0.424,0.885,0.928,0.934,1,0.89,0.996,0.94,0.998,1,-0.701,0.927,1,0.978,-0.994,-0.966,1,0.189,-1,-0.291,0,-1,1,1,1,0.734,0.819,-0.152,0.942,-0.922,1,1
"1642.MS00363",0.733,0.004,1,1,1,1,1,1,-0.942,0.7,0.193,0.783,1,0.609,0.935,0.945,0.952,1,-0.962,0.663,1,0.964,-1,-0.528,1,0.144,-1,-0.239,-1,0,1,1,0.972,0.698,0.251,-0.116,0.404,-0.998,1,1
"2382.SH007.C6.RH.5.522.rhizo.4.12.lane7.NoIndex.L007.sequences",1,1,0.869,1,0.849,0.998,0.776,0.873,1,1,1,1,-0.711,1,1,1,1,-0.675,1,1,-0.039,1,1,1,0.974,1,1,1,1,1,0,-0.669,1,1,1,1,1,1,0.967,0.889
"2382.SH005.C3.RH.4.467.rhizo.4.12.lane7.NoIndex.L007.sequences",1,1,0.992,1,1,1,0.976,0.817,1,1,1,1,0.0229999999999999,1,1,1,1,-0.99,1,1,0.996,1,1,1,1,1,1,1,1,1,-0.669,0,1,1,1,1,1,1,0.942,0.998
"1642.MS00617",-0.00800000000000001,-0.184,1,0.496,1,1,1,1,0.388,-0.0600000000000001,-0.918,-0.19,1,-0.912,0.871,0.299,-0.848,1,0.861,-0.971,1,0.259,0.307,1,1,0.944,0.998,0.518,1,0.972,1,1,0,-0.183,-0.75,0.996,-0.665,0.002,1,1
"1642.MS00550",-0.867,0.348,1,0.99,1,1,1,1,0.0489999999999999,-0.611,-0.016,-1,1,-0.447,0.617,-0.935,-0.103,1,-0.225,-0.836,1,-0.962,-0.113,0.992,1,-0.865,0.946,-0.808,0.734,0.698,1,1,-0.183,0,0.004,-0.704,-0.672,-0.521,1,1
"1642.MS00443",-0.791,-0.106,1,0.899,1,1,1,1,-0.13,-0.882,-0.399,-0.101,1,-0.865,0.904,0.199,-0.0580000000000001,1,0.747,-0.818,1,0.268,0.163,0.724,1,0.912,0.711,0.221,0.819,0.251,1,1,-0.75,0.004,0,1,-0.625,-0.269,1,1
"1642.MS00578",-0.046,1,1,1,1,1,1,1,0.771,0.196,1,-0.368,1,0.996,0.994,0.15,0.988,1,-1,0.769,1,-0.607,-0.82,0.649,1,-0.973,0.331,-0.858,-0.152,-0.116,1,1,0.996,-0.704,1,0,0.988,-0.917,1,1
"1642.MS00556",-0.346,-0.322,1,0.842,1,1,1,1,-0.246,-0.462,-0.986,-0.643,1,-0.886,0.447,-0.261,-0.86,1,0.288,-0.983,1,-0.041,-0.343,0.996,1,0.376,0.972,0.002,0.942,0.404,1,1,-0.665,-0.672,-0.625,0.988,0,-0.56,1,1
"1642.MS00505",-0.418,-0.036,1,0.97,1,1,1,1,-0.833,-0.489,-0.33,-0.522,1,-0.568,0.771,-0.245,-0.04,1,-1,-0.77,1,-0.172,-1,0.157,1,-0.467,-0.468,-0.978,-0.922,-0.998,1,1,0.002,-0.521,-0.269,-0.917,-0.56,0,1,1
"2382.SH008.C6.HA.5.548.root.4.12.lane7.NoIndex.L007.sequences",1,1,-0.998,1,1,-0.986,-0.996,-1,1,1,1,1,1,1,1,1,1,0.99,1,1,1,1,1,1,-0.629,1,1,1,1,1,0.967,0.942,1,1,1,1,1,1,0,-0.848
"2382.HE003.C181.HA.3.763.root.9.12.lane7.NoIndex.L007.sequences",1,1,-0.974,1,1,-0.638,-1,-0.832,1,1,1,1,1,1,1,1,1,1,1,1,1,1,1,1,-0.885,1,1,1,1,1,0.889,0.998,1,1,1,1,1,1,-0.848,0
