"","2382.SH005.C3.RH.2.658.root.9.12.lane7.NoIndex.L007.sequences","2382.MU002.C3.HA.1.477.rhizo.4.12.lane7.NoIndex.L007.sequences","1642.MS00623","1642.MS00517","1642.MS00514","1642.MS00357","2382.DPOO1.C1.HA.1.428.root.4.12.lane7.NoIndex.L007.sequences","2382.MU002.C3.HA.1.278.root.9.11.lane1.NoIndex.L001.sequences","1642.MS00540","2382.SH008.C6.HA.4.543.root.4.12.lane7.NoIndex.L007.sequences","2382.MU002.C3.HA.1.677.rhizo.9.12.lane7.NoIndex.L007.sequences","1642.MS00422","2382.SH007.C6.RH.5.723.root.9.12.lane7.NoIndex.L007.sequences","1001.SKD7","2382.DPOO1.C1.HA.3.437.rhizo.4.12.r1.lane7.NoIndex.L007.sequences","2382.SH008.C6.HA.2.333.root.9.11.lane1.NoIndex.L001.sequences","2382.MU002.C3.HA.3.488.root.4.12.lane7.NoIndex.L007.sequences","1642.MS00574","2382.SH008.C6.HA.4.742.rhizo.9.12.lane7.NoIndex.L007.sequences","1642.MS00491","1642.MS00521","1642.MS00418","1642.MS00461","1642.MS00419","1642.MS00522","2382.HE003.C181.HA.3.762.rhizo.9.12.lane7.NoIndex.L007.sequences","2382.SH005.C3.RH.4.467.rhizo.4.12.lane7.NoIndex.L007.sequences","1642.MS00360","1642.MS00636","2382.SH008.C6.HA.3.338.root.9.11.lane1.NoIndex.L001.sequences","1642.MS00501","2382.MU002.C3.HA.3.288.root.9.11.lane1.NoIndex.L001.sequences","1642.MS00368","2382.DPOO1.C1.HA.2.632.rhizo.9.12.lane7.NoIndex.L007.sequences","1642.MS00369","2382.GM.181.R2.root.10.12.lane7.NoIndex.L007.sequences","1642.MS00630","2382.DPOO1.C1.HA.5.248.root.9.11.lane1.NoIndex.L001.sequences","1642.MS00498","2382.SH005.C3.RH.4.667.rhizo.9.12.lane7.NoIndex.L007.sequences"
"2382.SH005.C3.RH.2.658.root.9.12.lane7.NoIndex.L007.sequences",0,0.998,1,1,1,1,-1,-1,1,-0.992,0.175,1,-1,0.98,0.99,-0.988,-1,1,0.882,1,1,1,1,1,1,0.988,0.959,1,1,-1,1,-1,1,0.98,1,-1,1,-0.992,1,0.961
"2382.MU002.C3.HA.1.477.rhizo.4.12.lane7.NoIndex.L007.sequences",0.998,0,1,1,1,1,0.99,0.992,1,0.99,-0.681,1,1,1,-0.22,1,0.962,1,-0.369,1,1,1,1,1,1,0.79,0.381,1,1,1,1,1,1,-0.365,1,0.996,1,0.998,1,-0.108
"1642.MS00623",1,1,0,-0.739,-0.125,0.91,1,1,-0.828,1,1,-0.974,1,1,1,1,1,-1,1,-0.556,-0.055,-0.29,-0.427,0.191,-0.272,1,1,1,-0.972,1,-0.782,1,1,1,1,1,-0.998,1,-0.565,1
"1642.MS00517",1,1,-0.739,0,-0.982,0.347,1,1,-0.483,1,1,-0.816,1,1,1,1,1,-0.908,1,-0.483,0.143,-0.568,-0.657,-0.384,-0.934,1,1,0.291,-0.67,1,-1,1,0.0229999999999999,1,0.632,1,-0.732,1,-0.998,1
"1642.MS00514",1,1,-0.125,-0.982,0,0.497,1,1,-0.611,1,1,-0.353,1,1,1,1,1,-0.767,1,0.331,-0.013,-0.384,-0.531,-0.16,-0.979,1,1,0.214,-0.391,1,-1,1,-0.783,1,0.425,1,-0.247,1,-0.976,1
"1642.MS00357",1,1,0.91,0.347,0.497,0,1,1,0.697,1,1,-0.332,1,1,1,1,1,0.497,1,0.901,0.972,-0.574,0.509,-0.446,0.267,1,1,-1,0.878,1,0.004,1,-0.989,1,-0.75,1,0.914,1,0.0449999999999999,1
"2382.DPOO1.C1.HA.1.428.root.4.12.lane7.NoIndex.L007.sequences",-1,0.99,1,1,1,1,0,-1,1,-1,-0.037,1,-1,0.982,0.931,-0.992,-0.992,1,0.884,1,1,1,1,1,1,0.998,0.944,1,1,-0.998,1,-1,1,0.974,1,-1,1,-0.998,1,0.966
"2382.MU002.C3.HA.1.278.root.9.11.lane1.NoIndex.L001.sequences",-1,0.992,1,1,1,1,-1,0,1,-0.998,0.284,1,-1,0.99,1,-1,-0.994,1,0.989,1,1,1,1,1,1,1,0.988,1,1,-1,1,-1,1,1,1,-1,1,-0.994,1,0.978
"1642.MS00540",1,1,-0.828,-0.483,-0.611,0.697,1,1,0,1,1,-0.86,1,1,1,1,1,-1,1,0.268,-0.992,-0.804,-0.894,-0.14,-0.946,1,1,0.972,-0.816,1,-0.94,1,0.998,1,1,1,-0.879,1,-0.915,1
"2382.SH008.C6.HA.4.543.root.4.12.lane7.NoIndex.L007.sequences",-0.992,0.99,1,1,1,1,-1,-0.998,1,0,0.776,1,-1,0.977,0.908,-1,-0.996,1,0.422,1,1,1,1,1,1,1,0.359,1,1,-1,1,-0.992,1,0.973,1,-1,1,-0.906,1,0.747
"2382.MU002.C3.HA.1.677.rhizo.9.12.lane7.NoIndex.L007.sequences",0.175,-0.681,1,1,1,1,-0.037,0.284,1,0.776,0,1,0.847,1,0.174,0.978,0.643,1,-0.199,1,1,1,1,1,1,0.924,0.859,1,1,0.94,1,0.28,1,-0.326,1,0.0920000000000001,1,0.88,1,0.415
"1642.MS00422",1,1,-0.974,-0.816,-0.353,-0.332,1,1,-0.86,1,1,0,1,1,1,1,1,-0.998,1,-0.825,-0.146,-0.972,-0.568,-0.708,-0.556,1,1,0.459,-0.704,1,-0.866,1,0.933,1,1,1,-0.968,1,-0.684,1
"2382.SH007.C6.RH.5.723.root.9.12.lane7.NoIndex.L007.sequences",-1,1,1,1,1,1,-1,-1,1,-1,0.847,1,0,0.871,1,-1,-0.977,1,0.982,1,1,1,1,1,1,1,0.937,1,1,-1,1,-0.998,1,1,1,-1,1,-0.994,1,0.97
"1001.SKD7",0.98,1,1,1,1,1,0.982,0.99,1,0.977,1,1,0.871,0,1,0.934,0.996,1,1,1,1,1,1,1,1,1,1,1,1,0.936,1,0.972,1,1,1,0.885,1,1,1,1
"2382.DPOO1.C1.HA.3.437.rhizo.4.12.r1.lane7.NoIndex.L007.sequences",0.99,-0.22,1,1,1,1,0.931,1,1,0.908,0.174,1,1,1,0,1,0.992,1,-0.728,1,1,1,1,1,1,0.968,0.507,1,1,0.998,1,0.998,1,-0.872,1,0.996,1,0.986,1,0.18
"2382.SH008.C6.HA.2.333.root.9.11.lane1.NoIndex.L001.sequences",-0.988,1,1,1,1,1,-0.992,-1,1,-1,0.978,1,-1,0.934,1,0,-0.957,1,0.864,1,1,1,1,1,1,1,0.804,1,1,-1,1,-0.996,1,1,1,-0.996,1,-0.996,1,0.95
"2382.MU002.C3.HA.3.488.root.4.12.lane7.NoIndex.L007.sequences",-1,0.962,1,1,1,1,-0.992,-0.994,1,-0.996,0.643,1,-0.977,0.996,0.992,-0.957,0,1,0.971,1,1,1,1,1,1,1,0.932,1,1,-0.984,1,-1,1,0.996,1,-0.949,1,-0.973,1,0.978
"1642.MS00574",1,1,-1,-0.908,-0.767,0.497,1,1,-1,1,1,-0.998,1,1,1,1,1,0,1,-0.856,-0.744,-0.756,-0.706,-0.267,-0.819,1,1,0.943,-0.99,1,-0.966,1,0.992,1,1,1,-0.984,1,-0.902,1
"2382.SH008.C6.HA.4.742.rhizo.9.12.lane7.NoIndex.L007.sequences",0.882,-0.369,1,1,1,1,0.884,0.989,1,0.422,-0.199,1,0.982,1,-0.728,0.864,0.971,1,0,1,1,1,1,1,1,0.43,-0.794,1,1,0.992,1,0.99,1,-0.925,1,0.928,1,0.962,1,-0.944
"1642.MS00491",1,1,-0.556,-0.483,0.331,0.901,1,1,0.268,1,1,-0.825,1,1,1,1,1,-0.856,1,0,0.903,0.071,0.569,-0.038,0.493,1,1,0.972,-0.567,1,-0.194,1,1,1,0.998,1,-0.831,1,-0.013,1
"1642.MS00521",1,1,-0.055,0.143,-0.013,0.972,1,1,-0.992,1,1,-0.146,1,1,1,1,1,-0.744,1,0.903,0,-0.313,-0.974,0.695,-0.87,1,1,0.998,0.0860000000000001,1,-0.781,1,1,1,1,1,-0.075,1,-0.78,1
"1642.MS00418",1,1,-0.29,-0.568,-0.384,-0.574,1,1,-0.804,1,1,-0.972,1,1,1,1,1,-0.756,1,0.071,-0.313,0,-0.405,-1,-0.914,1,1,-0.123,-0.561,1,-0.919,1,0.856,1,0.998,1,-0.519,1,-0.864,1
"1642.MS00461",1,1,-0.427,-0.657,-0.531,0.509,1,1,-0.894,1,1,-0.568,1,1,1,1,1,-0.706,1,0.569,-0.974,-0.405,0,0.678,-0.863,1,1,0.9,0.112,1,-0.927,1,0.98,1,0.998,1,-0.04,1,-0.996,1
"1642.MS00419",1,1,0.191,-0.384,-0.16,-0.446,1,1,-0.14,1,1,-0.708,1,1,1,1,1,-0.267,1,-0.038,0.695,-1,0.678,0,-0.547,1,1,0.0569999999999999,-0.373,1,-0.505,1,0.717,1,0.994,1,-0.093,1,-0.231,1
"1642.MS00522",1,1,-0.272,-0.934,-0.979,0.267,1,1,-0.946,1,1,-0.556,1,1,1,1,1,-0.819,1,0.493,-0.87,-0.914,-0.863,-0.547,0,1,1,0.266,-0.371,1,-1,1,0.747,1,0.97,1,-0.337,1,-0.998,1
"2382.HE003.C181.HA.3.762.rhizo.9.12.lane7.NoIndex.L007.sequences",0.988,0.79,1,1,1,1,0.998,1,1,1,0.924,1,1,1,0.968,1,1,1,0.43,1,1,1,1,1,1,0,0.414,1,1,1,1,1,1,-0.16,1,0.994,1,1,1,-0.056
"2382.SH005.C3.RH.4.467.rhizo.4.12.lane7.NoIndex.L007.sequences",0.959,0.381,1,1,1,1,0.944,0.988,1,0.359,0.859,1,0.937,1,0.507,0.804,0.932,1,-0.794,1,1,1,1,1,1,0.414,0,1,1,0.966,1,0.966,1,0.371,1,0.943,1,0.994,1,-1
"1642.MS00360",1,1,1,0.291,0.214,-1,1,1,0.972,1,1,0.459,1,1,1,1,1,0.943,1,0.972,0.998,-0.123,0.9,0.0569999999999999,0.266,1,1,0,0.986,1,-0.044,1,-1,1,-0.974,1,0.998,1,0.0589999999999999,1
"1642.MS00636",1,1,-0.972,-0.67,-0.391,0.878,1,1,-0.816,1,1,-0.704,1,1,1,1,1,-0.99,1,-0.567,0.0860000000000001,-0.561,0.112,-0.373,-0.371,1,1,0.986,0,1,-0.835,1,1,1,1,1,-0.958,1,-0.492,1
"2382.SH008.C6.HA.3.338.root.9.11.lane1.NoIndex.L001.sequences",-1,1,1,1,1,1,-0.998,-1,1,-1,0.94,1,-1,0.936,0.998,-1,-0.984,1,0.992,1,1,1,1,1,1,1,0.966,1,1,0,1,-0.998,1,1,1,-1,1,-0.96,1,0.988
"1642.MS00501",1,1,-0.782,-1,-1,0.004,1,1,-0.94,1,1,-0.866,1,1,1,1,1,-0.966,1,-0.194,-0.781,-0.919,-0.927,-0.505,-1,1,1,-0.044,-0.835,1,0,1,-0.191,1,0.277,1,-0.612,1,-1,1
"2382.MU002.C3.HA.3.288.root.9.11.lane1.NoIndex.L001.sequences",-1,1,1,1,1,1,-1,-1,1,-0.992,0.28,1,-0.998,0.972,0.998,-0.996,-1,1,0.99,1,1,1,1,1,1,1,0.966,1,1,-0.998,1,0,1,1,1,-1,1,-1,1,0.98
"1642.MS00368",1,1,1,0.0229999999999999,-0.783,-0.989,1,1,0.998,1,1,0.933,1,1,1,1,1,0.992,1,1,1,0.856,0.98,0.717,0.747,1,1,-1,1,1,-0.191,1,0,1,-0.996,1,1,1,0.654,1
"2382.DPOO1.C1.HA.2.632.rhizo.9.12.lane7.NoIndex.L007.sequences",0.98,-0.365,1,1,1,1,0.974,1,1,0.973,-0.326,1,1,1,-0.872,1,0.996,1,-0.925,1,1,1,1,1,1,-0.16,0.371,1,1,1,1,1,1,0,1,0.992,1,0.981,1,-0.202
"1642.MS00369",1,1,1,0.632,0.425,-0.75,1,1,1,1,1,1,1,1,1,1,1,1,1,0.998,1,0.998,0.998,0.994,0.97,1,1,-0.974,1,1,0.277,1,-0.996,1,0,1,1,1,0.929,1
"2382.GM.181.R2.root.10.12.lane7.NoIndex.L007.sequences",-1,0.996,1,1,1,1,-1,-1,1,-1,0.0920000000000001,1,-1,0.885,0.996,-0.996,-0.949,1,0.928,1,1,1,1,1,1,0.994,0.943,1,1,-1,1,-1,1,0.992,1,0,1,-0.842,1,0.954
"1642.MS00630",1,1,-0.998,-0.732,-0.247,0.914,1,1,-0.879,1,1,-0.968,1,1,1,1,1,-0.984,1,-0.831,-0.075,-0.519,-0.04,-0.093,-0.337,1,1,0.998,-0.958,1,-0.612,1,1,1,1,1,0,1,-0.253,1
"2382.DPOO1.C1.HA.5.248.root.9.11.lane1.NoIndex.L001.sequences",-0.992,0.998,1,1,1,1,-0.998,-0.994,1,-0.906,0.88,1,-0.994,1,0.986,-0.996,-0.973,1,0.962,1,1,1,1,1,1,1,0.994,1,1,-0.96,1,-1,1,0.981,1,-0.842,1,0,1,0.993
"1642.MS00498",1,1,-0.565,-0.998,-0.976,0.0449999999999999,1,1,-0.915,1,1,-0.684,1,1,1,1,1,-0.902,1,-0.013,-0.78,-0.864,-0.996,-0.231,-0.998,1,1,0.0589999999999999,-0.492,1,-1,1,0.654,1,0.929,1,-0.253,1,0,1
"2382.SH005.C3.RH.4.667.rhizo.9.12.lane7.NoIndex.L007.sequences",0.961,-0.108,1,1,1,1,0.966,0.978,1,0.747,0.415,1,0.97,1,0.18,0.95,0.978,1,-0.944,1,1,1,1,1,1,-0.056,-1,1,1,0.988,1,0.98,1,-0.202,1,0.954,1,0.993,1,0
