"","1642.MS00491","1642.MS00444","1642.MS00457","2382.MU002.C3.HA.1.678.root.9.12.lane7.NoIndex.L007.sequences","2382.DPOO1.C1.HA.3.438.root.4.12.lane7.NoIndex.L007.sequences","1642.MS00488","1001.SKD7","1642.MS00496","2382.MU002.C3.HA.3.687.rhizo.9.12.lane7.NoIndex.L007.sequences","1642.MS00446","2382.SH004.C1.RH.1.602.rhizo.9.12.lane7.NoIndex.L007.sequences","2382.SH007.C6.RH.3.512.rhizo.4.12.lane7.NoIndex.L007.sequences","1642.MS00363","1642.MS00357","2382.HE003.C181.HA.4.368.root.9.11.lane1.NoIndex.L001.sequences","1642.MS00458","2382.SH004.C1.RH.4.617.rhizo.9.12.lane7.NoIndex.L007.sequences","2382.DPOO1.C1.HA.3.31.root.6.11.lane1.NoIndex.L001.sequences","1642.MS00632","2382.SH005.C3.RH.4.467.rhizo.4.12.lane7.NoIndex.L007.sequences","1642.MS00495","2382.HE003.C181.HA.3.363.root.9.11.lane1.NoIndex.L001.sequences","1642.MS00571","1642.MS00577","2382.SH004.C1.RH.2.608.root.9.12.lane7.NoIndex.L007.sequences","1642.MS00341","2382.SH008.C6.HA.4.343.root.9.11.lane1.NoIndex.L001.sequences","2382.RU006.C181.RH.3.788.root.9.12.lane7.NoIndex.L007.sequences","2382.GM.181.R5.root.10.12.lane7.NoIndex.L007.sequences","2382.SH005.C3.RH.2.457.rhizo.4.12.lane7.NoIndex.L007.sequences","2382.MU002.C3.HA.3.487.rhizo.4.12.lane7.NoIndex.L007.sequences","1642.MS00344","2382.HE003.C181.HA.4.135.root.6.11.lane1.NoIndex.L001.sequences","1642.MS00540","1642.MS00405","2382.HE003.C181.HA.5.773.root.9.12.lane7.NoIndex.L007.sequences","1642.MS00376","2382.MU002.C3.HA.5.79.root.6.11.lane1.NoIndex.L001.sequences","2382.RU006.C181.RH.2.147.root.6.11.lane1.NoIndex.L001.sequences","1642.MS00531"
"1642.MS00491",0,0.0302561085753,0.0255573515353,0.0972718462701,0.0922539770964,0.0285436154961,0.1500324388594,0.0243079006309,0.0803369383593,0.0237506303051,0.08483368511,0.0862655893027,0.0277509989725,0.0355391758005,0.0964333193004,0.0228755980435,0.0865860052671,0.0946956228464,0.0281678497658,0.0842360748973,0.0269264564554,0.0899078033625,0.027284677048,0.0275578931838,0.1184855927239,0.0378566669145,0.0910400988706,0.0956026581124,0.1110896812715,0.0914313286912,0.0877501123678,0.0368920846452,0.0917467414542,0.0288875296578,0.0259666808496,0.0992784626706,0.0463073107183,0.0875884767026,0.0888869418165,0.0289190979729
"1642.MS00444",0.0302561085753,0,0.0215673849688,0.1072100671805,0.1005428255837,0.0197874102746,0.1427938571074,0.0244798405156,0.0992681472665,0.0260193502075,0.099119188093,0.0981160015669,0.026047644696,0.0260110126054,0.0998130698491,0.0300130264554,0.0993904421428,0.1037134025646,0.0286290923649,0.0943330889611,0.0230463923414,0.0994639803702,0.0250098270852,0.023663644718,0.1251325865873,0.0310650993196,0.098691469047,0.107526213861,0.1080217244687,0.0998886679191,0.1054852724901,0.0279623403057,0.1000902008642,0.0239694966365,0.0231786780306,0.1088834518995,0.0337134131621,0.0960950773886,0.0991815684007,0.0266550180032
"1642.MS00457",0.0255573515353,0.0215673849688,0,0.1000074989956,0.0917216191766,0.0221701544331,0.1407430734063,0.0186538161832,0.0864231024535,0.0209443200677,0.0835133109336,0.0853183717664,0.0223153584775,0.0272704455611,0.0904951883924,0.0213963537815,0.0852821959693,0.09250338553,0.0208231957584,0.082932988154,0.0231708068775,0.0864015599342,0.0220848881822,0.0209144567046,0.1142942692376,0.029605488892,0.0883098597751,0.0965592460828,0.1066995064638,0.0870200237458,0.0895700922224,0.0264518928416,0.0892739471638,0.0209292029315,0.0189872919496,0.0977889307414,0.0364320552646,0.086045611671,0.0873065537254,0.0209543411425
"2382.MU002.C3.HA.1.678.root.9.12.lane7.NoIndex.L007.sequences",0.0972718462701,0.1072100671805,0.1000074989956,0,0.0201626595802,0.1240707786952,0.0797772164963,0.0984617428171,0.0439241535986,0.10161536538,0.0567758666705,0.0467356263348,0.0843679975497,0.0910190048178,0.0473219195294,0.0965776679037,0.0419753425299,0.0203674805569,0.1041707057283,0.0485253358669,0.1101384403388,0.036734761435,0.0999221208125,0.0993727243521,0.0211599914938,0.0905792612643,0.0372316210846,0.034048823855,0.0501450848662,0.046455913987,0.0517486001844,0.0874064174811,0.026037101187,0.1052411654759,0.0955680891571,0.0284756950311,0.1012209099905,0.0223591941817,0.03488393885,0.1124588391871
"2382.DPOO1.C1.HA.3.438.root.4.12.lane7.NoIndex.L007.sequences",0.0922539770964,0.1005428255837,0.0917216191766,0.0201626595802,0,0.1151768287347,0.0821325860915,0.0887699041063,0.0374187182867,0.0940237072632,0.0386815978015,0.0441386815923,0.0754667122259,0.0855836635396,0.0347409809794,0.0893335983093,0.0340131627767,0.0165087086922,0.0988648888069,0.0364692637537,0.1061201693517,0.0264247552631,0.093030002076,0.0932111579818,0.0217924638805,0.0853215204759,0.0253281010554,0.0317497935622,0.0408020425165,0.0416905639991,0.0456495453529,0.0833089436316,0.0237445983387,0.1021106162832,0.0885053370315,0.0211873832941,0.094839091006,0.0212658806495,0.0264091097645,0.1072426886583
"1642.MS00488",0.0285436154961,0.0197874102746,0.0221701544331,0.1240707786952,0.1151768287347,0,0.1561811827001,0.0192867700318,0.1051816761255,0.022813132265,0.1064737493787,0.1088730425054,0.0291897589342,0.0306618478994,0.1089929069346,0.0269388640357,0.108199324951,0.1123526039195,0.0236022293204,0.1050729222802,0.0213309270814,0.1054444921441,0.0239566835858,0.0215857023859,0.1340535891503,0.0359694265179,0.1067648004208,0.1168403688319,0.1251863489701,0.1127283763484,0.1098259217704,0.0329585552488,0.1104558220423,0.0225131608577,0.0248254497779,0.1195355381341,0.0412049439108,0.1046244061082,0.1062987502863,0.0213836781767
"1001.SKD7",0.1500324388594,0.1427938571074,0.1407430734063,0.0797772164963,0.0821325860915,0.1561811827001,0,0.1402218923905,0.112504105739,0.1480156456707,0.0982836832606,0.0974256339469,0.1138123611062,0.1220924963126,0.0627540080339,0.1460121528219,0.0966884102247,0.0693371393255,0.1483327940883,0.0966192366884,0.1439389999176,0.0696950726576,0.1314659536526,0.1413819757629,0.0800412685175,0.1230691036786,0.0749827305451,0.0801406401037,0.0605124495635,0.0911656445351,0.1194550631143,0.1216090729197,0.0740117405982,0.1481054387554,0.1377685845592,0.0802819578165,0.1279186440799,0.0716554419471,0.0784495423312,0.1504893471885
"1642.MS00496",0.0243079006309,0.0244798405156,0.0186538161832,0.0984617428171,0.0887699041063,0.0192867700318,0.1402218923905,0,0.0876753363817,0.0199349110051,0.086191782662,0.0851056737888,0.0229292693356,0.0277544971326,0.0894134214655,0.0211794120693,0.085409499582,0.0915891364225,0.020997632392,0.0831222864239,0.0211109111821,0.0845724860691,0.0214779959006,0.0212034732519,0.1152614665248,0.0315978026006,0.0886104436311,0.0930986129742,0.0964577276208,0.0875099113335,0.0941191450005,0.0295313465922,0.089423117223,0.0216094312646,0.0192590533329,0.0965578642493,0.0385521240163,0.0851536547437,0.0855150803866,0.0207888109635
"2382.MU002.C3.HA.3.687.rhizo.9.12.lane7.NoIndex.L007.sequences",0.0803369383593,0.0992681472665,0.0864231024535,0.0439241535986,0.0374187182867,0.1051816761255,0.112504105739,0.0876753363817,0,0.0860702891609,0.0314931964654,0.0328505074433,0.0760904869964,0.0869042949731,0.0523080608933,0.0809753924201,0.0323371327832,0.0413027166029,0.0896604459608,0.0282252971405,0.0959125954283,0.0417346284009,0.0895365595045,0.0927411508045,0.0614087653583,0.0866186816124,0.0334444651154,0.0495848414137,0.0654504959903,0.035449783147,0.0251096969191,0.0840722604327,0.045034846257,0.0977441618829,0.0804208728287,0.0471759764586,0.1009361287688,0.0334572549514,0.0411952822571,0.1007462816146
"1642.MS00446",0.0237506303051,0.0260193502075,0.0209443200677,0.10161536538,0.0940237072632,0.022813132265,0.1480156456707,0.0199349110051,0.0860702891609,0,0.0841591806555,0.0875911708443,0.0227442327055,0.0321154019911,0.0950065438767,0.0198361792597,0.0863150400653,0.0958609448793,0.0237166245015,0.0854854642354,0.0260439415943,0.0908647788221,0.0257322748954,0.0253613985211,0.1220029337121,0.0352486522761,0.0907679793661,0.102210672919,0.1110916436696,0.089794554596,0.088678820599,0.0329732000568,0.0947860143361,0.0252811731542,0.021565824428,0.1034301718182,0.0402015390798,0.0888004567352,0.0914502896165,0.0242654771093
"2382.SH004.C1.RH.1.602.rhizo.9.12.lane7.NoIndex.L007.sequences",0.08483368511,0.099119188093,0.0835133109336,0.0567758666705,0.0386815978015,0.1064737493787,0.0982836832606,0.086191782662,0.0314931964654,0.0841591806555,0,0.0224502382837,0.0780551242016,0.0844016935355,0.0487381983368,0.082442165509,0.0206145303321,0.0449090920723,0.0918944727006,0.0235350101023,0.0979072130704,0.0387894251752,0.0976309121647,0.0961798613131,0.0551990627047,0.0828404264029,0.0356981229963,0.0454124373438,0.0591670285898,0.0291282330451,0.0310817887577,0.0832398675494,0.0437004488211,0.094769258203,0.0807452763537,0.0443741441713,0.0948588838682,0.0398556508252,0.0371489965599,0.1010133968411
"2382.SH007.C6.RH.3.512.rhizo.4.12.lane7.NoIndex.L007.sequences",0.0862655893027,0.0981160015669,0.0853183717664,0.0467356263348,0.0441386815923,0.1088730425054,0.0974256339469,0.0851056737888,0.0328505074433,0.0875911708443,0.0224502382837,0,0.0714882398691,0.0844737152953,0.0490173012588,0.0840312606445,0.0204995822867,0.0419570380597,0.0938069904732,0.0179836016658,0.0963213884272,0.0413764109949,0.0880017416712,0.0900451706732,0.061627292433,0.0850086131052,0.0340908544052,0.0504608950896,0.0686356549709,0.0208862587513,0.0353652366877,0.0847191590096,0.0448358548906,0.095889905118,0.0822751334542,0.0484271270327,0.0971220697809,0.0421923655635,0.0422277064968,0.1010298360303
"1642.MS00363",0.0277509989725,0.026047644696,0.0223153584775,0.0843679975497,0.0754667122259,0.0291897589342,0.1138123611062,0.0229292693356,0.0760904869964,0.0227442327055,0.0780551242016,0.0714882398691,0,0.020097525585,0.0710787279043,0.0231871081191,0.0718386037186,0.0780685236125,0.0282019237398,0.068661021414,0.0251881771293,0.0700700572762,0.0248608446486,0.0258377785111,0.1004425209301,0.0213728711788,0.0707911342676,0.0786470143256,0.0777033023772,0.0717335396253,0.0909980862959,0.0201147487366,0.0782268112826,0.0290025734229,0.0209913130284,0.0847533347892,0.0250974848782,0.070016911941,0.0755307902617,0.0280152146577
"1642.MS00357",0.0355391758005,0.0260110126054,0.0272704455611,0.0910190048178,0.0855836635396,0.0306618478994,0.1220924963126,0.0277544971326,0.0869042949731,0.0321154019911,0.0844016935355,0.0844737152953,0.020097525585,0,0.0821651370993,0.0295090133941,0.0830330193031,0.0892751728014,0.0331837931451,0.0807243017142,0.0297836547556,0.0799869682571,0.0287244363558,0.0289043948571,0.1083652143904,0.0162179333776,0.0802231645435,0.0916067161452,0.0824216044771,0.0860383963208,0.0932977295592,0.0160630812348,0.0869828302321,0.0318702636902,0.0227428089846,0.0935324948757,0.0217538267066,0.0766186459653,0.0862906817896,0.030366186134
"2382.HE003.C181.HA.4.368.root.9.11.lane1.NoIndex.L001.sequences",0.0964333193004,0.0998130698491,0.0904951883924,0.0473219195294,0.0347409809794,0.1089929069346,0.0627540080339,0.0894134214655,0.0523080608933,0.0950065438767,0.0487381983368,0.0490173012588,0.0710787279043,0.0821651370993,0,0.0957714850043,0.0416029188285,0.0289351063167,0.0955267641578,0.041053820529,0.0980059687813,0.02111263053,0.0931705116143,0.0897629759901,0.0404403205554,0.0800286086686,0.0267653403972,0.0341990409289,0.0292691545079,0.0440260205922,0.0692601199709,0.0803106609975,0.0291900923208,0.1016986284897,0.0865441459438,0.0309241064291,0.0949715810603,0.028356966658,0.0318055371357,0.1017284261044
"1642.MS00458",0.0228755980435,0.0300130264554,0.0213963537815,0.0965776679037,0.0893335983093,0.0269388640357,0.1460121528219,0.0211794120693,0.0809753924201,0.0198361792597,0.082442165509,0.0840312606445,0.0231871081191,0.0295090133941,0.0957714850043,0,0.0847536796937,0.0935436552555,0.0239791707624,0.0824650039774,0.0251137140541,0.0898312218946,0.0253103040104,0.0247811475611,0.1150135469631,0.0308552369486,0.0906749535837,0.0991908363225,0.1047725218622,0.0876438810453,0.0872440426281,0.0307822386417,0.0909269133119,0.0258885381604,0.0218604317996,0.0972382908766,0.0406678349517,0.0862012049983,0.088888146767,0.0251978665363
"2382.SH004.C1.RH.4.617.rhizo.9.12.lane7.NoIndex.L007.sequences",0.0865860052671,0.0993904421428,0.0852821959693,0.0419753425299,0.0340131627767,0.108199324951,0.0966884102247,0.085409499582,0.0323371327832,0.0863150400653,0.0206145303321,0.0204995822867,0.0718386037186,0.0830330193031,0.0416029188285,0.0847536796937,0,0.0324533769383,0.0945227780012,0.0208061908279,0.0977599736044,0.0332472466241,0.0887191903337,0.0909645851008,0.0491104715493,0.0841083122669,0.027329214767,0.0486606074157,0.0613670730691,0.0211770359839,0.0330453012583,0.0847894310813,0.0368749055547,0.0968222157748,0.0824601857711,0.0414919543126,0.0968031307779,0.0342057854351,0.0379104821686,0.1028457779607
"2382.DPOO1.C1.HA.3.31.root.6.11.lane1.NoIndex.L001.sequences",0.0946956228464,0.1037134025646,0.09250338553,0.0203674805569,0.0165087086922,0.1123526039195,0.0693371393255,0.0915891364225,0.0413027166029,0.0958609448793,0.0449090920723,0.0419570380597,0.0780685236125,0.0892751728014,0.0289351063167,0.0935436552555,0.0324533769383,0,0.101332080696,0.0362543830061,0.1026314652504,0.0210396546779,0.094897094541,0.0946123122844,0.0167873041625,0.0863965996933,0.023040173961,0.0312683083004,0.0321724497815,0.03925094858,0.0613754930697,0.0860699180557,0.0193524468419,0.1025631056337,0.0913041050345,0.0177175007783,0.0971969386732,0.0213872974981,0.0236730923769,0.1084609764611
"1642.MS00632",0.0281678497658,0.0286290923649,0.0208231957584,0.1041707057283,0.0988648888069,0.0236022293204,0.1483327940883,0.020997632392,0.0896604459608,0.0237166245015,0.0918944727006,0.0938069904732,0.0282019237398,0.0331837931451,0.0955267641578,0.0239791707624,0.0945227780012,0.101332080696,0,0.0919794340817,0.0235275598152,0.0927232353132,0.0242217318578,0.0202389875224,0.121777747205,0.0379444862148,0.0968112851743,0.1040469026272,0.1124685983305,0.0969293747046,0.0950070165952,0.0346050228395,0.0990990172615,0.0230603923665,0.0237573208769,0.1055096938296,0.0448298295545,0.0934158300118,0.0960266949161,0.0228941642511
"2382.SH005.C3.RH.4.467.rhizo.4.12.lane7.NoIndex.L007.sequences",0.0842360748973,0.0943330889611,0.082932988154,0.0485253358669,0.0364692637537,0.1050729222802,0.0966192366884,0.0831222864239,0.0282252971405,0.0854854642354,0.0235350101023,0.0179836016658,0.068661021414,0.0807243017142,0.041053820529,0.0824650039774,0.0208061908279,0.0362543830061,0.0919794340817,0,0.0936858655153,0.0344996709827,0.0867312759659,0.0888447191508,0.0559888149492,0.080621216274,0.0266806373336,0.0478659704264,0.0613368241676,0.0183417623876,0.0302837403433,0.0810997432788,0.0399109855826,0.09403747811,0.080422741553,0.0432086010185,0.0922275413521,0.0329087135458,0.0372348734028,0.0985820083402
"1642.MS00495",0.0269264564554,0.0230463923414,0.0231708068775,0.1101384403388,0.1061201693517,0.0213309270814,0.1439389999176,0.0211109111821,0.0959125954283,0.0260439415943,0.0979072130704,0.0963213884272,0.0251881771293,0.0297836547556,0.0980059687813,0.0251137140541,0.0977599736044,0.1026314652504,0.0235275598152,0.0936858655153,0,0.0963398294828,0.0221111821772,0.0205601025576,0.1279548143539,0.0334277117204,0.098425837219,0.1105884141383,0.1088112321826,0.0981259895788,0.1028535945734,0.0306910781222,0.1046065935132,0.0216684350472,0.0235087018861,0.1094399285097,0.0385876489387,0.0985394154225,0.1014973446364,0.0223613771967
"2382.HE003.C181.HA.3.363.root.9.11.lane1.NoIndex.L001.sequences",0.0899078033625,0.0994639803702,0.0864015599342,0.036734761435,0.0264247552631,0.1054444921441,0.0696950726576,0.0845724860691,0.0417346284009,0.0908647788221,0.0387894251752,0.0413764109949,0.0700700572762,0.0799869682571,0.02111263053,0.0898312218946,0.0332472466241,0.0210396546779,0.0927232353132,0.0344996709827,0.0963398294828,0,0.0908999799818,0.0896248676042,0.0275127462987,0.0788245522555,0.0236459067984,0.027832676261,0.0293713911951,0.0390352649183,0.0615903246239,0.0775450594163,0.0123815905643,0.0980591635688,0.0821670455528,0.0179885677027,0.0896189396455,0.0230909679193,0.0205675148425,0.1004220418666
"1642.MS00571",0.027284677048,0.0250098270852,0.0220848881822,0.0999221208125,0.093030002076,0.0239566835858,0.1314659536526,0.0214779959006,0.0895365595045,0.0257322748954,0.0976309121647,0.0880017416712,0.0248608446486,0.0287244363558,0.0931705116143,0.0253103040104,0.0887191903337,0.094897094541,0.0242217318578,0.0867312759659,0.0221111821772,0.0908999799818,0,0.0209614148645,0.1136078796994,0.0322028848277,0.0921197014925,0.1007458410482,0.099215350784,0.0899201080846,0.1086369044944,0.0303104641432,0.0964020209511,0.0232331066559,0.0238667380155,0.1009586024939,0.0376568684998,0.0904219194144,0.0947040153539,0.0237718920575
"1642.MS00577",0.0275578931838,0.023663644718,0.0209144567046,0.0993727243521,0.0932111579818,0.0215857023859,0.1413819757629,0.0212034732519,0.0927411508045,0.0253613985211,0.0961798613131,0.0900451706732,0.0258377785111,0.0289043948571,0.0897629759901,0.0247811475611,0.0909645851008,0.0946123122844,0.0202389875224,0.0888447191508,0.0205601025576,0.0896248676042,0.0209614148645,0,0.1148411131672,0.0326285616553,0.0906819809728,0.0983306318806,0.0980902190791,0.0920975977922,0.104836573149,0.030407297686,0.0951877597118,0.0225461970899,0.0219506748594,0.1000877122743,0.0380016337539,0.0878902537393,0.0929440562122,0.0216761446944
"2382.SH004.C1.RH.2.608.root.9.12.lane7.NoIndex.L007.sequences",0.1184855927239,0.1251325865873,0.1142942692376,0.0211599914938,0.0217924638805,0.1340535891503,0.0800412685175,0.1152614665248,0.0614087653583,0.1220029337121,0.0551990627047,0.061627292433,0.1004425209301,0.1083652143904,0.0404403205554,0.1150135469631,0.0491104715493,0.0167873041625,0.121777747205,0.0559888149492,0.1279548143539,0.0275127462987,0.1136078796994,0.1148411131672,0,0.1050944239518,0.0331865961437,0.0408883220339,0.0370010599902,0.0559835145003,0.0765590811753,0.0992521585986,0.0252338962898,0.1264016718758,0.1142410555385,0.018083275373,0.1169486243078,0.0284986881644,0.0337539789905,0.1305186114282
"1642.MS00341",0.0378566669145,0.0310650993196,0.029605488892,0.0905792612643,0.0853215204759,0.0359694265179,0.1230691036786,0.0315978026006,0.0866186816124,0.0352486522761,0.0828404264029,0.0850086131052,0.0213728711788,0.0162179333776,0.0800286086686,0.0308552369486,0.0841083122669,0.0863965996933,0.0379444862148,0.080621216274,0.0334277117204,0.0788245522555,0.0322028848277,0.0326285616553,0.1050944239518,0,0.080195181385,0.0893095570259,0.079274269032,0.0843454852729,0.0922842671702,0.0162656770879,0.0843136456918,0.0362480640989,0.0254801375795,0.0920408342027,0.0214642246578,0.0773099752084,0.0840279594333,0.0351850365948
"2382.SH008.C6.HA.4.343.root.9.11.lane1.NoIndex.L001.sequences",0.0910400988706,0.098691469047,0.0883098597751,0.0372316210846,0.0253281010554,0.1067648004208,0.0749827305451,0.0886104436311,0.0334444651154,0.0907679793661,0.0356981229963,0.0340908544052,0.0707911342676,0.0802231645435,0.0267653403972,0.0906749535837,0.027329214767,0.023040173961,0.0968112851743,0.0266806373336,0.098425837219,0.0236459067984,0.0921197014925,0.0906819809728,0.0331865961437,0.080195181385,0,0.0388703124296,0.0402556686472,0.0299989304185,0.0488835296197,0.079461074674,0.0277863516278,0.0999174534162,0.0850763447694,0.029101387642,0.092500458864,0.0213389454921,0.0293695607489,0.1024358753616
"2382.RU006.C181.RH.3.788.root.9.12.lane7.NoIndex.L007.sequences",0.0956026581124,0.107526213861,0.0965592460828,0.034048823855,0.0317497935622,0.1168403688319,0.0801406401037,0.0930986129742,0.0495848414137,0.102210672919,0.0454124373438,0.0504608950896,0.0786470143256,0.0916067161452,0.0341990409289,0.0991908363225,0.0486606074157,0.0312683083004,0.1040469026272,0.0478659704264,0.1105884141383,0.027832676261,0.1007458410482,0.0983306318806,0.0408883220339,0.0893095570259,0.0388703124296,0,0.0296699472072,0.0549948335335,0.0631394479111,0.086540313752,0.0259704019176,0.1101891959823,0.092093731774,0.0244221274232,0.0985651107303,0.0325593645748,0.0181346187873,0.1127411912668
"2382.GM.181.R5.root.10.12.lane7.NoIndex.L007.sequences",0.1110896812715,0.1080217244687,0.1066995064638,0.0501450848662,0.0408020425165,0.1251863489701,0.0605124495635,0.0964577276208,0.0654504959903,0.1110916436696,0.0591670285898,0.0686356549709,0.0777033023772,0.0824216044771,0.0292691545079,0.1047725218622,0.0613670730691,0.0321724497815,0.1124685983305,0.0613368241676,0.1088112321826,0.0293713911951,0.099215350784,0.0980902190791,0.0370010599902,0.079274269032,0.0402556686472,0.0296699472072,0,0.0636317684652,0.0794283599565,0.0779625977376,0.0338654254922,0.107572340803,0.0913447436687,0.0330466434613,0.0907038978351,0.0348453161271,0.0339968997515,0.1128652605081
"2382.SH005.C3.RH.2.457.rhizo.4.12.lane7.NoIndex.L007.sequences",0.0914313286912,0.0998886679191,0.0870200237458,0.046455913987,0.0416905639991,0.1127283763484,0.0911656445351,0.0875099113335,0.035449783147,0.089794554596,0.0291282330451,0.0208862587513,0.0717335396253,0.0860383963208,0.0440260205922,0.0876438810453,0.0211770359839,0.03925094858,0.0969293747046,0.0183417623876,0.0981259895788,0.0390352649183,0.0899201080846,0.0920975977922,0.0559835145003,0.0843454852729,0.0299989304185,0.0549948335335,0.0636317684652,0,0.0364699779284,0.0856451539362,0.0442998644985,0.0969258343982,0.0841071019683,0.0482801426548,0.0979881684841,0.037711770695,0.0432211737816,0.102831392721
"2382.MU002.C3.HA.3.487.rhizo.4.12.lane7.NoIndex.L007.sequences",0.0877501123678,0.1054852724901,0.0895700922224,0.0517486001844,0.0456495453529,0.1098259217704,0.1194550631143,0.0941191450005,0.0251096969191,0.088678820599,0.0310817887577,0.0353652366877,0.0909980862959,0.0932977295592,0.0692601199709,0.0872440426281,0.0330453012583,0.0613754930697,0.0950070165952,0.0302837403433,0.1028535945734,0.0615903246239,0.1086369044944,0.104836573149,0.0765590811753,0.0922842671702,0.0488835296197,0.0631394479111,0.0794283599565,0.0364699779284,0,0.0924804053719,0.0625328623971,0.1000320141318,0.0862898246659,0.0623520520381,0.1007334572504,0.0473895303606,0.0547111973438,0.1045276076416
"1642.MS00344",0.0368920846452,0.0279623403057,0.0264518928416,0.0874064174811,0.0833089436316,0.0329585552488,0.1216090729197,0.0295313465922,0.0840722604327,0.0329732000568,0.0832398675494,0.0847191590096,0.0201147487366,0.0160630812348,0.0803106609975,0.0307822386417,0.0847894310813,0.0860699180557,0.0346050228395,0.0810997432788,0.0306910781222,0.0775450594163,0.0303104641432,0.030407297686,0.0992521585986,0.0162656770879,0.079461074674,0.086540313752,0.0779625977376,0.0856451539362,0.0924804053719,0,0.0795417466652,0.0338601946831,0.0236206714218,0.0885823458675,0.0215856188974,0.0754050061247,0.0801528272923,0.032342041721
"2382.HE003.C181.HA.4.135.root.6.11.lane1.NoIndex.L001.sequences",0.0917467414542,0.1000902008642,0.0892739471638,0.026037101187,0.0237445983387,0.1104558220423,0.0740117405982,0.089423117223,0.045034846257,0.0947860143361,0.0437004488211,0.0448358548906,0.0782268112826,0.0869828302321,0.0291900923208,0.0909269133119,0.0368749055547,0.0193524468419,0.0990990172615,0.0399109855826,0.1046065935132,0.0123815905643,0.0964020209511,0.0951877597118,0.0252338962898,0.0843136456918,0.0277863516278,0.0259704019176,0.0338654254922,0.0442998644985,0.0625328623971,0.0795417466652,0,0.1046192451686,0.0873267836263,0.0148286489259,0.0952641232897,0.0230583760727,0.0194754138711,0.1061043760636
"1642.MS00540",0.0288875296578,0.0239694966365,0.0209292029315,0.1052411654759,0.1021106162832,0.0225131608577,0.1481054387554,0.0216094312646,0.0977441618829,0.0252811731542,0.094769258203,0.095889905118,0.0290025734229,0.0318702636902,0.1016986284897,0.0258885381604,0.0968222157748,0.1025631056337,0.0230603923665,0.09403747811,0.0216684350472,0.0980591635688,0.0232331066559,0.0225461970899,0.1264016718758,0.0362480640989,0.0999174534162,0.1101891959823,0.107572340803,0.0969258343982,0.1000320141318,0.0338601946831,0.1046192451686,0,0.0228469313582,0.108647298549,0.043727742266,0.0999386300265,0.1023916060807,0.0209311871437
"1642.MS00405",0.0259666808496,0.0231786780306,0.0189872919496,0.0955680891571,0.0885053370315,0.0248254497779,0.1377685845592,0.0192590533329,0.0804208728287,0.021565824428,0.0807452763537,0.0822751334542,0.0209913130284,0.0227428089846,0.0865441459438,0.0218604317996,0.0824601857711,0.0913041050345,0.0237573208769,0.080422741553,0.0235087018861,0.0821670455528,0.0238667380155,0.0219506748594,0.1142410555385,0.0254801375795,0.0850763447694,0.092093731774,0.0913447436687,0.0841071019683,0.0862898246659,0.0236206714218,0.0873267836263,0.0228469313582,0,0.0962073472165,0.0341100018929,0.0819915868911,0.0836702676917,0.023147238802
"2382.HE003.C181.HA.5.773.root.9.12.lane7.NoIndex.L007.sequences",0.0992784626706,0.1088834518995,0.0977889307414,0.0284756950311,0.0211873832941,0.1195355381341,0.0802819578165,0.0965578642493,0.0471759764586,0.1034301718182,0.0443741441713,0.0484271270327,0.0847533347892,0.0935324948757,0.0309241064291,0.0972382908766,0.0414919543126,0.0177175007783,0.1055096938296,0.0432086010185,0.1094399285097,0.0179885677027,0.1009586024939,0.1000877122743,0.018083275373,0.0920408342027,0.029101387642,0.0244221274232,0.0330466434613,0.0482801426548,0.0623520520381,0.0885823458675,0.0148286489259,0.108647298549,0.0962073472165,0,0.1040477010274,0.0223573610294,0.0198894319123,0.1135133177645
"1642.MS00376",0.0463073107183,0.0337134131621,0.0364320552646,0.1012209099905,0.094839091006,0.0412049439108,0.1279186440799,0.0385521240163,0.1009361287688,0.0402015390798,0.0948588838682,0.0971220697809,0.0250974848782,0.0217538267066,0.0949715810603,0.0406678349517,0.0968031307779,0.0971969386732,0.0448298295545,0.0922275413521,0.0385876489387,0.0896189396455,0.0376568684998,0.0380016337539,0.1169486243078,0.0214642246578,0.092500458864,0.0985651107303,0.0907038978351,0.0979881684841,0.1007334572504,0.0215856188974,0.0952641232897,0.043727742266,0.0341100018929,0.1040477010274,0,0.0879889922091,0.0971268655076,0.0419477724457
"2382.MU002.C3.HA.5.79.root.6.11.lane1.NoIndex.L001.sequences",0.0875884767026,0.0960950773886,0.086045611671,0.0223591941817,0.0212658806495,0.1046244061082,0.0716554419471,0.0851536547437,0.0334572549514,0.0888004567352,0.0398556508252,0.0421923655635,0.070016911941,0.0766186459653,0.028356966658,0.0862012049983,0.0342057854351,0.0213872974981,0.0934158300118,0.0329087135458,0.0985394154225,0.0230909679193,0.0904219194144,0.0878902537393,0.0284986881644,0.0773099752084,0.0213389454921,0.0325593645748,0.0348453161271,0.037711770695,0.0473895303606,0.0754050061247,0.0230583760727,0.0999386300265,0.0819915868911,0.0223573610294,0.0879889922091,0,0.0250183060469,0.1002087600452
"2382.RU006.C181.RH.2.147.root.6.11.lane1.NoIndex.L001.sequences",0.0888869418165,0.0991815684007,0.0873065537254,0.03488393885,0.0264091097645,0.1062987502863,0.0784495423312,0.0855150803866,0.0411952822571,0.0914502896165,0.0371489965599,0.0422277064968,0.0755307902617,0.0862906817896,0.0318055371357,0.088888146767,0.0379104821686,0.0236730923769,0.0960266949161,0.0372348734028,0.1014973446364,0.0205675148425,0.0947040153539,0.0929440562122,0.0337539789905,0.0840279594333,0.0293695607489,0.0181346187873,0.0339968997515,0.0432211737816,0.0547111973438,0.0801528272923,0.0194754138711,0.1023916060807,0.0836702676917,0.0198894319123,0.0971268655076,0.0250183060469,0,0.1030842092863
"1642.MS00531",0.0289190979729,0.0266550180032,0.0209543411425,0.1124588391871,0.1072426886583,0.0213836781767,0.1504893471885,0.0207888109635,0.1007462816146,0.0242654771093,0.1010133968411,0.1010298360303,0.0280152146577,0.030366186134,0.1017284261044,0.0251978665363,0.1028457779607,0.1084609764611,0.0228941642511,0.0985820083402,0.0223613771967,0.1004220418666,0.0237718920575,0.0216761446944,0.1305186114282,0.0351850365948,0.1024358753616,0.1127411912668,0.1128652605081,0.102831392721,0.1045276076416,0.032342041721,0.1061043760636,0.0209311871437,0.023147238802,0.1135133177645,0.0419477724457,0.1002087600452,0.1030842092863,0
