"","2382.SH008.C6.HA.2.733.root.9.12.lane7.NoIndex.L007.sequences","2382.SH005.C3.RH.5.59.root.6.11.lane1.NoIndex.L001.sequences","1642.MS00608","2382.RU006.C181.RH.1.777.rhizo.9.12.lane7.NoIndex.L007.sequences","1642.MS00577","2382.GM.181.R4.root.10.12.lane7.NoIndex.L007.sequences","2382.GM.181.R2.rhizo.10.12.lane7.NoIndex.L007.sequences","1642.MS00440","2382.RU006.C181.RH.1.578.root.4.12.lane7.NoIndex.L007.sequences","1642.MS00366","1642.MS00526","1024.MU002.C3.HA.2.66.rhizo.6.11.G1.L00","2382.RU006.C181.RH.2.582.rhizo.4.12.lane7.NoIndex.L007.sequences","1642.MS00445","2382.RU006.C181.RH.2.782.rhizo.9.12.lane7.NoIndex.L007.sequences","2382.SH004.C1.RH.1.203.root.9.11.lane1.NoIndex.L001.sequences","1642.MS00332","1642.MS00605","2382.SH008.C6.HA.4.542.rhizo.4.12.lane7.NoIndex.L007.sequences","1642.MS00488","2382.GM.181.R2.root.10.12.lane7.NoIndex.L007.sequences","1642.MS00618","2382.SH007.C6.RH.2.708.root.9.12.lane7.NoIndex.L007.sequences","1642.MS00524","1642.MS00622","1642.MS00421","2382.SH004.C1.RH.1.602.rhizo.9.12.lane7.NoIndex.L007.sequences","1642.MS00625","1642.MS00574","1642.MS00341","2382.DPOO1.C1.HA.1.23.r1.root.6.11.lane7.NoIndex.L007.sequences","2382.MU002.C3.HA.2.683.root.9.12.lane7.NoIndex.L007.sequences","1642.MS00499","2382.RU006.C181.RH.3.588.root.4.12.lane7.NoIndex.L007.sequences","1642.MS00494","1642.MS00377","1642.MS00615","2382.SH004.C1.RH.5.422.rhizo.4.12.lane7.NoIndex.L007.sequences","1642.MS00598","2382.HE003.C181.HA.3.763.root.9.12.lane7.NoIndex.L007.sequences"
"2382.SH008.C6.HA.2.733.root.9.12.lane7.NoIndex.L007.sequences",0,0.0153877663478,0.1080443302508,0.0421444013825,0.089871081995,0.0294929226416,0.0458312475185,0.0862412266069,0.0317412758343,0.0828908449152,0.0953093347074,0.0352036963274,0.039349224373,0.1004886557517,0.0569288247039,0.0218086424903,0.0816784234348,0.1060989405639,0.034405825857,0.1160982870536,0.0199375308364,0.1108733931461,0.0150172069907,0.1064840289793,0.0950152174847,0.0814180794064,0.0367895619634,0.0995141452901,0.0933438731894,0.0817897914594,0.0151329354002,0.0151227680115,0.0898395476544,0.0254713898827,0.0938571193414,0.0908398604752,0.1091649017076,0.0361831404765,0.0985374928473,0.0197224048686
"2382.SH005.C3.RH.5.59.root.6.11.lane1.NoIndex.L001.sequences",0.0153877663478,0,0.1101006240534,0.0473710027212,0.090554181084,0.0222130876786,0.0655693130367,0.0857636525101,0.0347044356811,0.0756023582253,0.0961091307681,0.0376098880742,0.0418471987499,0.0997231381604,0.0593141811761,0.0180076809468,0.0766976193619,0.1090093637948,0.0377920456138,0.1072325291683,0.0206871518921,0.1120604302005,0.0178812886548,0.1045350178451,0.0986712786648,0.0808897427768,0.0516946209298,0.1046879030375,0.0981647443096,0.0785540008471,0.0219608301111,0.0195412745947,0.0898583778042,0.0273708447373,0.0929270468962,0.0871090349427,0.106117095559,0.0398556709213,0.0965750181453,0.0200922434987
"1642.MS00608",0.1080443302508,0.1101006240534,0,0.0917663849607,0.0203384344499,0.1154761703269,0.07900103054,0.0230029160576,0.1034636892077,0.0391748132903,0.0235728714004,0.0928241096468,0.0884019341218,0.0250688244843,0.0946233499162,0.1047370926107,0.0379772283678,0.0202586048484,0.0904888030199,0.0247839263949,0.1233005888475,0.0288487741456,0.1235960852822,0.0253898359137,0.0228482189005,0.0226450678105,0.0927314495234,0.0238566924799,0.0217935061405,0.0325616499698,0.1072106815049,0.1154159007317,0.0226548445942,0.1060860340462,0.0248236189927,0.0341717246817,0.0204669865173,0.0903406791215,0.0183918304864,0.1208292087543
"2382.RU006.C181.RH.1.777.rhizo.9.12.lane7.NoIndex.L007.sequences",0.0421444013825,0.0473710027212,0.0917663849607,0,0.0829317356474,0.0770919744381,0.0293292939611,0.0789504598002,0.0366353283388,0.0756079600934,0.0824705476487,0.0314098349042,0.0213909611209,0.0885972703986,0.0270898550477,0.0429077258494,0.0841794681541,0.0904173889697,0.0309714140386,0.0962206700073,0.0514147948118,0.0937401988917,0.0509124106002,0.0864829037606,0.0832645440931,0.0719755282307,0.027906774821,0.0811117580089,0.0797627623228,0.0749806138422,0.0475043371239,0.0469327880715,0.0786984679105,0.0358565677164,0.0769992971225,0.085064393913,0.0931981278155,0.0314145104283,0.0839967063185,0.0482994183826
"1642.MS00577",0.089871081995,0.090554181084,0.0203384344499,0.0829317356474,0,0.1008793178935,0.0856886898284,0.0202439367834,0.0874387443413,0.0325914368455,0.0193957153764,0.0851409879255,0.0794874330133,0.0225732156961,0.0840837231009,0.0912354103038,0.032121315329,0.0211204673796,0.0809995440172,0.0209239698804,0.1025223051535,0.0265348445155,0.107110199259,0.0235709995204,0.0224817751449,0.0210481608305,0.0917377078527,0.0210585429624,0.0187423061239,0.0316985078679,0.0921205330061,0.094623982077,0.0206611730745,0.0856317177751,0.0221398442467,0.0316602450336,0.02269110788,0.0827531756514,0.0214418553211,0.1048267736334
"2382.GM.181.R4.root.10.12.lane7.NoIndex.L007.sequences",0.0294929226416,0.0222130876786,0.1154761703269,0.0770919744381,0.1008793178935,0,0.0531309410374,0.095900470606,0.0319501459636,0.0756920553115,0.1096759317206,0.0538333726305,0.0546896977127,0.1138666335578,0.0657756298431,0.0344399114021,0.0847877960115,0.1153466567125,0.0635443293789,0.1376409868773,0.0214901506111,0.1391960032245,0.0290247883893,0.123714361946,0.1155005642496,0.0917444924895,0.0585806291617,0.1300742294354,0.1115082419082,0.0812660134296,0.0376490301207,0.0340846584841,0.102589383109,0.0304094886359,0.1196112461348,0.0889528359859,0.1300802988954,0.0623874846394,0.1148316414715,0.0267685796637
"2382.GM.181.R2.rhizo.10.12.lane7.NoIndex.L007.sequences",0.0458312475185,0.0655693130367,0.07900103054,0.0293292939611,0.0856886898284,0.0531309410374,0,0.0728770994312,0.0394846422911,0.0888234945537,0.0768065118444,0.0379809360628,0.0322295010863,0.0809006766753,0.0351133529785,0.0518383755137,0.0881742634626,0.0799841925908,0.0347606292749,0.0881922602165,0.0389746667973,0.0864132897516,0.0539225732888,0.0797756910432,0.075111581064,0.0670159207795,0.0292039648549,0.0738884770115,0.071273997373,0.0661585215159,0.0539657014199,0.0569190009181,0.0713427138777,0.0400131068988,0.0705145062782,0.076275688099,0.0855387817813,0.0339520175793,0.074504292599,0.0541142033822
"1642.MS00440",0.0862412266069,0.0857636525101,0.0230029160576,0.0789504598002,0.0202439367834,0.095900470606,0.0728770994312,0,0.0832911224509,0.0263934073558,0.0207787824418,0.0762314021302,0.0730609821329,0.0203296195119,0.080681060735,0.0837194211083,0.0237672116942,0.0232480102924,0.075046803144,0.0219344174479,0.0986353161315,0.0287731810568,0.1026401057538,0.0233798711075,0.0249033108921,0.0183609365141,0.0810816869866,0.022341753661,0.0210645676285,0.0253958166835,0.09006461577,0.0904079525163,0.0205308686808,0.0828779555175,0.0222615208809,0.0243238584545,0.025572023947,0.0758099506798,0.0229778785516,0.099180172676
"2382.RU006.C181.RH.1.578.root.4.12.lane7.NoIndex.L007.sequences",0.0317412758343,0.0347044356811,0.1034636892077,0.0366353283388,0.0874387443413,0.0319501459636,0.0394846422911,0.0832911224509,0,0.0778037938152,0.0927913580099,0.0462637774298,0.0362534615042,0.0957534524141,0.0368726309043,0.0454871957168,0.0839731099494,0.1054120263961,0.0482457329479,0.1096298543369,0.0265411181893,0.1115626104669,0.0312465691404,0.1017801435015,0.0933656772962,0.0785236872348,0.0492928665213,0.0975469435331,0.0912576245396,0.0783672426493,0.0346946251493,0.0376489942801,0.0875063662117,0.0108571306512,0.0873721588317,0.0879272645996,0.1002933445867,0.0520508231229,0.0941248211561,0.0270563624237
"1642.MS00366",0.0828908449152,0.0756023582253,0.0391748132903,0.0756079600934,0.0325914368455,0.0756920553115,0.0888234945537,0.0263934073558,0.0778037938152,0,0.0391704093904,0.0788427616288,0.0745601737879,0.0292283089278,0.0738067861083,0.076684992911,0.0172958968607,0.037107914446,0.0791112848589,0.036333041197,0.0887354903257,0.043857966903,0.0963279601287,0.0412317941702,0.0389450094725,0.0268120739531,0.093832749778,0.0437896890797,0.0359158971181,0.0198994913238,0.0866330924901,0.085846470017,0.0350653123273,0.0739195294189,0.0411928934879,0.0193873233035,0.0422363675836,0.0798792993279,0.0408552257348,0.0933581901905
"1642.MS00526",0.0953093347074,0.0961091307681,0.0235728714004,0.0824705476487,0.0193957153764,0.1096759317206,0.0768065118444,0.0207787824418,0.0927913580099,0.0391704093904,0,0.0826724909848,0.078790516296,0.0227529399883,0.0852005235457,0.0931172241734,0.0390302577226,0.0230470009748,0.0789928282628,0.0205437797149,0.1111086440335,0.0241671130013,0.1141812460341,0.0209034204112,0.0223148835566,0.0209750711526,0.0844647311965,0.020706299106,0.0200159628463,0.0385854300619,0.0984900310117,0.1009200340619,0.0191762054371,0.0939684643303,0.0217484050144,0.0336837835994,0.0232238523514,0.0813209027068,0.0218687109646,0.1104505546277
"1024.MU002.C3.HA.2.66.rhizo.6.11.G1.L00",0.0352036963274,0.0376098880742,0.0928241096468,0.0314098349042,0.0851409879255,0.0538333726305,0.0379809360628,0.0762314021302,0.0462637774298,0.0788427616288,0.0826724909848,0,0.0285521210051,0.0889666040549,0.0427361821905,0.0325380231963,0.0866876410716,0.0902752499618,0.0244055048004,0.1027623182586,0.0484308584425,0.0934633404037,0.0461771355713,0.0871708176183,0.0839683526297,0.0714610798329,0.0260096152117,0.0821265544901,0.0808789456123,0.0759424218528,0.0401919511626,0.0368859361753,0.0814956645783,0.0415814029926,0.0780253996195,0.0838511711045,0.0958403603196,0.0263137032789,0.0844292527182,0.0476430010566
"2382.RU006.C181.RH.2.582.rhizo.4.12.lane7.NoIndex.L007.sequences",0.039349224373,0.0418471987499,0.0884019341218,0.0213909611209,0.0794874330133,0.0546896977127,0.0322295010863,0.0730609821329,0.0362534615042,0.0745601737879,0.078790516296,0.0285521210051,0,0.0853538939544,0.0308362712565,0.0382094501254,0.0801321585526,0.0875563161159,0.025617314169,0.095455346099,0.0513959698344,0.0931364579942,0.0512960881731,0.0841726886394,0.0824277984313,0.0669813269781,0.028078089535,0.0787718821361,0.0769633141375,0.0734869169659,0.0472281321235,0.0445450325425,0.0764435497391,0.0355913619671,0.0749176234425,0.0801773901374,0.0925116912487,0.0270359742982,0.0808468066315,0.0514902299095
"1642.MS00445",0.1004886557517,0.0997231381604,0.0250688244843,0.0885972703986,0.0225732156961,0.1138666335578,0.0809006766753,0.0203296195119,0.0957534524141,0.0292283089278,0.0227529399883,0.0889666040549,0.0853538939544,0,0.0900053105379,0.0967552197408,0.025540653276,0.024806600878,0.0861812919087,0.0217148314521,0.1112574377008,0.0276676251357,0.1177455925026,0.0250234205463,0.0254126701793,0.0206768893543,0.0897999686224,0.0248638608087,0.0235130414371,0.0267224953211,0.1011965370019,0.1047470062662,0.0226355690319,0.0950533058933,0.0251064991931,0.027245693879,0.0266772192112,0.0871400387221,0.0246866092201,0.1120488408955
"2382.RU006.C181.RH.2.782.rhizo.9.12.lane7.NoIndex.L007.sequences",0.0569288247039,0.0593141811761,0.0946233499162,0.0270898550477,0.0840837231009,0.0657756298431,0.0351133529785,0.080681060735,0.0368726309043,0.0738067861083,0.0852005235457,0.0427361821905,0.0308362712565,0.0900053105379,0,0.0565538310042,0.0818324502441,0.0931896270532,0.0444250469549,0.1050574723337,0.0618986018944,0.1011800273807,0.0697726309079,0.0931033702731,0.0885185751459,0.0721759838744,0.0382720036681,0.0864298409785,0.0832764711739,0.0745576842534,0.0664799288613,0.0661783263804,0.0835599639834,0.0385032589416,0.0810858044833,0.0842359302846,0.0999239089074,0.0476497778857,0.0871717797594,0.0679147043754
"2382.SH004.C1.RH.1.203.root.9.11.lane1.NoIndex.L001.sequences",0.0218086424903,0.0180076809468,0.1047370926107,0.0429077258494,0.0912354103038,0.0344399114021,0.0518383755137,0.0837194211083,0.0454871957168,0.076684992911,0.0931172241734,0.0325380231963,0.0382094501254,0.0967552197408,0.0565538310042,0,0.0794525535128,0.1027868344174,0.0323179188171,0.1116386963962,0.0346285964416,0.1096881785053,0.0281038370142,0.1016426239174,0.0994667127236,0.0794172654752,0.0366971912469,0.0995636022074,0.0933337592664,0.0799162526408,0.0329440960709,0.02883644371,0.0897726149468,0.037682646285,0.0918473262482,0.0884980892982,0.1059587535193,0.0322967190337,0.0966663291523,0.0315177696159
"1642.MS00332",0.0816784234348,0.0766976193619,0.0379772283678,0.0841794681541,0.032121315329,0.0847877960115,0.0881742634626,0.0237672116942,0.0839731099494,0.0172958968607,0.0390302577226,0.0866876410716,0.0801321585526,0.025540653276,0.0818324502441,0.0794525535128,0,0.0367065969109,0.0824191329539,0.0342681345855,0.0894542971615,0.0468201462899,0.0952863104721,0.0424670029534,0.0407718760704,0.0254093902912,0.0926154356225,0.0409857406827,0.0370537196884,0.0192359055837,0.0843684407432,0.0866020719779,0.0356409533646,0.0796210320062,0.0419094330042,0.0194375324204,0.0440613521378,0.0841284294208,0.0420148385115,0.0916117394831
"1642.MS00605",0.1060989405639,0.1090093637948,0.0202586048484,0.0904173889697,0.0211204673796,0.1153466567125,0.0799841925908,0.0232480102924,0.1054120263961,0.037107914446,0.0230470009748,0.0902752499618,0.0875563161159,0.024806600878,0.0931896270532,0.1027868344174,0.0367065969109,0,0.0868832081619,0.0256154727311,0.1205204348322,0.0282022528214,0.1230595374408,0.0247131127813,0.0236577367851,0.0233674271383,0.0907136348851,0.0236215305925,0.0208355935825,0.0317232951999,0.1067410635028,0.1120969735188,0.0229856338872,0.1059717565243,0.0249030332117,0.0339411638644,0.0231790608832,0.0882760678613,0.0202364023174,0.121593188956
"2382.SH008.C6.HA.4.542.rhizo.4.12.lane7.NoIndex.L007.sequences",0.034405825857,0.0377920456138,0.0904888030199,0.0309714140386,0.0809995440172,0.0635443293789,0.0347606292749,0.075046803144,0.0482457329479,0.0791112848589,0.0789928282628,0.0244055048004,0.025617314169,0.0861812919087,0.0444250469549,0.0323179188171,0.0824191329539,0.0868832081619,0,0.0949054889496,0.0509997264984,0.0929263717587,0.0484429731235,0.0856848066347,0.0830667908049,0.0683288027244,0.0199665464872,0.0797741739662,0.0777868928757,0.0748723856196,0.0421680826855,0.0401937497967,0.0755734684942,0.0442214254097,0.0767895962184,0.0839463094485,0.0945739278945,0.0186852784834,0.0819590965947,0.0494385718498
"1642.MS00488",0.1160982870536,0.1072325291683,0.0247839263949,0.0962206700073,0.0209239698804,0.1376409868773,0.0881922602165,0.0219344174479,0.1096298543369,0.036333041197,0.0205437797149,0.1027623182586,0.095455346099,0.0217148314521,0.1050574723337,0.1116386963962,0.0342681345855,0.0256154727311,0.0949054889496,0,0.1305393411085,0.0247618196763,0.1313510853524,0.0226196950485,0.0232744732124,0.0239811157968,0.1036025754659,0.0230099467442,0.0218732005051,0.0351559671519,0.1167056118416,0.1177938362598,0.0218373393482,0.1105498428555,0.0233288413257,0.0332632940389,0.0243791537341,0.0938258912559,0.0230245940419,0.1286773910594
"2382.GM.181.R2.root.10.12.lane7.NoIndex.L007.sequences",0.0199375308364,0.0206871518921,0.1233005888475,0.0514147948118,0.1025223051535,0.0214901506111,0.0389746667973,0.0986353161315,0.0265411181893,0.0887354903257,0.1111086440335,0.0484308584425,0.0513959698344,0.1112574377008,0.0618986018944,0.0346285964416,0.0894542971615,0.1205204348322,0.0509997264984,0.1305393411085,0,0.1283481825401,0.0162779871905,0.1222385791143,0.1059629813055,0.0922978240039,0.0475757573029,0.1117103853966,0.1088173087204,0.087634129088,0.0194851848977,0.0223475981242,0.1006244566179,0.0192419627966,0.1036426569831,0.1028588362291,0.1198460679201,0.0514936055482,0.1118183656396,0.0162684963503
"1642.MS00618",0.1108733931461,0.1120604302005,0.0288487741456,0.0937401988917,0.0265348445155,0.1391960032245,0.0864132897516,0.0287731810568,0.1115626104669,0.043857966903,0.0241671130013,0.0934633404037,0.0931364579942,0.0276676251357,0.1011800273807,0.1096881785053,0.0468201462899,0.0282022528214,0.0929263717587,0.0247618196763,0.1283481825401,0,0.1274752892757,0.0207983402539,0.0232885543074,0.0289930479324,0.0958983091522,0.0221917902262,0.0242996011776,0.0393116125867,0.1085077234188,0.1160401258366,0.0269865373767,0.111284011233,0.0258932602217,0.0405603599434,0.0268934108208,0.0927764201774,0.0245550393935,0.1252034440231
"2382.SH007.C6.RH.2.708.root.9.12.lane7.NoIndex.L007.sequences",0.0150172069907,0.0178812886548,0.1235960852822,0.0509124106002,0.107110199259,0.0290247883893,0.0539225732888,0.1026401057538,0.0312465691404,0.0963279601287,0.1141812460341,0.0461771355713,0.0512960881731,0.1177455925026,0.0697726309079,0.0281038370142,0.0952863104721,0.1230595374408,0.0484429731235,0.1313510853524,0.0162779871905,0.1274752892757,0,0.1246981462314,0.1099334301835,0.0943039230586,0.0480582373776,0.1134152705563,0.1087059839761,0.0978847009621,0.0156231048262,0.0186361328257,0.1068819196385,0.0214384803705,0.1102508066547,0.1086194077598,0.123544536017,0.0468466573623,0.1149546240024,0.0149722556413
"1642.MS00524",0.1064840289793,0.1045350178451,0.0253898359137,0.0864829037606,0.0235709995204,0.123714361946,0.0797756910432,0.0233798711075,0.1017801435015,0.0412317941702,0.0209034204112,0.0871708176183,0.0841726886394,0.0250234205463,0.0931033702731,0.1016426239174,0.0424670029534,0.0247131127813,0.0856848066347,0.0226196950485,0.1222385791143,0.0207983402539,0.1246981462314,0,0.0223107644311,0.0234506788342,0.0892585118056,0.020389822702,0.0216840668113,0.037731250353,0.1059947717971,0.1084903486132,0.0227306026143,0.102255757057,0.0228364566661,0.0377425717433,0.0245403522913,0.0854578183185,0.0234623804202,0.1237872971664
"1642.MS00622",0.0950152174847,0.0986712786648,0.0228482189005,0.0832645440931,0.0224817751449,0.1155005642496,0.075111581064,0.0249033108921,0.0933656772962,0.0389450094725,0.0223148835566,0.0839683526297,0.0824277984313,0.0254126701793,0.0885185751459,0.0994667127236,0.0407718760704,0.0236577367851,0.0830667908049,0.0232744732124,0.1059629813055,0.0232885543074,0.1099334301835,0.0223107644311,0,0.0241453932726,0.0853118237854,0.0194540352563,0.0202136408575,0.034079744788,0.0962081996656,0.1023432964925,0.0221291837423,0.0942454664853,0.0218398595149,0.0360530622283,0.0242109125098,0.0833449587204,0.0211231117165,0.1036203760321
"1642.MS00421",0.0814180794064,0.0808897427768,0.0226450678105,0.0719755282307,0.0210481608305,0.0917444924895,0.0670159207795,0.0183609365141,0.0785236872348,0.0268120739531,0.0209750711526,0.0714610798329,0.0669813269781,0.0206768893543,0.0721759838744,0.0794172654752,0.0254093902912,0.0233674271383,0.0683288027244,0.0239811157968,0.0922978240039,0.0289930479324,0.0943039230586,0.0234506788342,0.0241453932726,0,0.0754127473763,0.0233681317093,0.0210467116253,0.0252165541085,0.0834245844476,0.0875096236894,0.0203545462708,0.0781254640503,0.0218355442016,0.0249457181333,0.0258106548485,0.0710457448196,0.0225337090684,0.0919724512275
"2382.SH004.C1.RH.1.602.rhizo.9.12.lane7.NoIndex.L007.sequences",0.0367895619634,0.0516946209298,0.0927314495234,0.027906774821,0.0917377078527,0.0585806291617,0.0292039648549,0.0810816869866,0.0492928665213,0.093832749778,0.0844647311965,0.0260096152117,0.028078089535,0.0897999686224,0.0382720036681,0.0366971912469,0.0926154356225,0.0907136348851,0.0199665464872,0.1036025754659,0.0475757573029,0.0958983091522,0.0480582373776,0.0892585118056,0.0853118237854,0.0754127473763,0,0.0826389222984,0.081343569156,0.0789874950541,0.0467963334286,0.0472978647209,0.0818986378251,0.0442280632991,0.0793601035427,0.0896748084992,0.0963823580564,0.0159575101053,0.0854088385961,0.0471004279999
"1642.MS00625",0.0995141452901,0.1046879030375,0.0238566924799,0.0811117580089,0.0210585429624,0.1300742294354,0.0738884770115,0.022341753661,0.0975469435331,0.0437896890797,0.020706299106,0.0821265544901,0.0787718821361,0.0248638608087,0.0864298409785,0.0995636022074,0.0409857406827,0.0236215305925,0.0797741739662,0.0230099467442,0.1117103853966,0.0221917902262,0.1134152705563,0.020389822702,0.0194540352563,0.0233681317093,0.0826389222984,0,0.0189764954169,0.0392353519512,0.0993267113104,0.1068755896445,0.0207627157145,0.0980126897547,0.0209263937902,0.0372371981125,0.0237103081573,0.0807734728582,0.0209444164646,0.1076307623627
"1642.MS00574",0.0933438731894,0.0981647443096,0.0217935061405,0.0797627623228,0.0187423061239,0.1115082419082,0.071273997373,0.0210645676285,0.0912576245396,0.0359158971181,0.0200159628463,0.0808789456123,0.0769633141375,0.0235130414371,0.0832764711739,0.0933337592664,0.0370537196884,0.0208355935825,0.0777868928757,0.0218732005051,0.1088173087204,0.0242996011776,0.1087059839761,0.0216840668113,0.0202136408575,0.0210467116253,0.081343569156,0.0189764954169,0,0.0322708900554,0.0929443099504,0.0991477007958,0.0196351153778,0.0918743148564,0.0215616261996,0.0325770981489,0.023964897024,0.0790679312,0.0197658993794,0.1061225505043
"1642.MS00341",0.0817897914594,0.0785540008471,0.0325616499698,0.0749806138422,0.0316985078679,0.0812660134296,0.0661585215159,0.0253958166835,0.0783672426493,0.0198994913238,0.0385854300619,0.0759424218528,0.0734869169659,0.0267224953211,0.0745576842534,0.0799162526408,0.0192359055837,0.0317232951999,0.0748723856196,0.0351559671519,0.087634129088,0.0393116125867,0.0978847009621,0.037731250353,0.034079744788,0.0252165541085,0.0789874950541,0.0392353519512,0.0322708900554,0,0.0823973482984,0.0864301163221,0.030334736867,0.0767257862523,0.0404182641902,0.0172543244495,0.0375372146748,0.0774686417596,0.0337233833349,0.0921486999642
"2382.DPOO1.C1.HA.1.23.r1.root.6.11.lane7.NoIndex.L007.sequences",0.0151329354002,0.0219608301111,0.1072106815049,0.0475043371239,0.0921205330061,0.0376490301207,0.0539657014199,0.09006461577,0.0346946251493,0.0866330924901,0.0984900310117,0.0401919511626,0.0472281321235,0.1011965370019,0.0664799288613,0.0329440960709,0.0843684407432,0.1067410635028,0.0421680826855,0.1167056118416,0.0194851848977,0.1085077234188,0.0156231048262,0.1059947717971,0.0962081996656,0.0834245844476,0.0467963334286,0.0993267113104,0.0929443099504,0.0823973482984,0,0.0178848959886,0.0924172577888,0.0240812812157,0.0960879446392,0.0952028438392,0.1078556853111,0.0456890586286,0.0989939302813,0.0187523600808
"2382.MU002.C3.HA.2.683.root.9.12.lane7.NoIndex.L007.sequences",0.0151227680115,0.0195412745947,0.1154159007317,0.0469327880715,0.094623982077,0.0340846584841,0.0569190009181,0.0904079525163,0.0376489942801,0.085846470017,0.1009200340619,0.0368859361753,0.0445450325425,0.1047470062662,0.0661783263804,0.02883644371,0.0866020719779,0.1120969735188,0.0401937497967,0.1177938362598,0.0223475981242,0.1160401258366,0.0186361328257,0.1084903486132,0.1023432964925,0.0875096236894,0.0472978647209,0.1068755896445,0.0991477007958,0.0864301163221,0.0178848959886,0,0.0942733072578,0.0297715965832,0.0966555645159,0.0947652221934,0.111257312996,0.0412012018026,0.1026926583686,0.0226698105565
"1642.MS00499",0.0898395476544,0.0898583778042,0.0226548445942,0.0786984679105,0.0206611730745,0.102589383109,0.0713427138777,0.0205308686808,0.0875063662117,0.0350653123273,0.0191762054371,0.0814956645783,0.0764435497391,0.0226355690319,0.0835599639834,0.0897726149468,0.0356409533646,0.0229856338872,0.0755734684942,0.0218373393482,0.1006244566179,0.0269865373767,0.1068819196385,0.0227306026143,0.0221291837423,0.0203545462708,0.0818986378251,0.0207627157145,0.0196351153778,0.030334736867,0.0924172577888,0.0942733072578,0,0.0854884598499,0.0205418413726,0.0308411763425,0.0242742712507,0.0760365109279,0.0209017053396,0.1027068660983
"2382.RU006.C181.RH.3.588.root.4.12.lane7.NoIndex.L007.sequences",0.0254713898827,0.0273708447373,0.1060860340462,0.0358565677164,0.0856317177751,0.0304094886359,0.0400131068988,0.0828779555175,0.0108571306512,0.0739195294189,0.0939684643303,0.0415814029926,0.0355913619671,0.0950533058933,0.0385032589416,0.037682646285,0.0796210320062,0.1059717565243,0.0442214254097,0.1105498428555,0.0192419627966,0.111284011233,0.0214384803705,0.102255757057,0.0942454664853,0.0781254640503,0.0442280632991,0.0980126897547,0.0918743148564,0.0767257862523,0.0240812812157,0.0297715965832,0.0854884598499,0,0.0879926443829,0.0902953912717,0.1031511533071,0.0470130490242,0.0937020804712,0.0203020524439
"1642.MS00494",0.0938571193414,0.0929270468962,0.0248236189927,0.0769992971225,0.0221398442467,0.1196112461348,0.0705145062782,0.0222615208809,0.0873721588317,0.0411928934879,0.0217484050144,0.0780253996195,0.0749176234425,0.0251064991931,0.0810858044833,0.0918473262482,0.0419094330042,0.0249030332117,0.0767895962184,0.0233288413257,0.1036426569831,0.0258932602217,0.1102508066547,0.0228364566661,0.0218398595149,0.0218355442016,0.0793601035427,0.0209263937902,0.0215616261996,0.0404182641902,0.0960879446392,0.0966555645159,0.0205418413726,0.0879926443829,0,0.0376141332544,0.0253860002086,0.0784082492333,0.0229325614249,0.1063269896576
"1642.MS00377",0.0908398604752,0.0871090349427,0.0341717246817,0.085064393913,0.0316602450336,0.0889528359859,0.076275688099,0.0243238584545,0.0879272645996,0.0193873233035,0.0336837835994,0.0838511711045,0.0801773901374,0.027245693879,0.0842359302846,0.0884980892982,0.0194375324204,0.0339411638644,0.0839463094485,0.0332632940389,0.1028588362291,0.0405603599434,0.1086194077598,0.0377425717433,0.0360530622283,0.0249457181333,0.0896748084992,0.0372371981125,0.0325770981489,0.0172543244495,0.0952028438392,0.0947652221934,0.0308411763425,0.0902953912717,0.0376141332544,0,0.0388174897058,0.0853311610359,0.0372458908641,0.1067809312386
"1642.MS00615",0.1091649017076,0.106117095559,0.0204669865173,0.0931981278155,0.02269110788,0.1300802988954,0.0855387817813,0.025572023947,0.1002933445867,0.0422363675836,0.0232238523514,0.0958403603196,0.0925116912487,0.0266772192112,0.0999239089074,0.1059587535193,0.0440613521378,0.0231790608832,0.0945739278945,0.0243791537341,0.1198460679201,0.0268934108208,0.123544536017,0.0245403522913,0.0242109125098,0.0258106548485,0.0963823580564,0.0237103081573,0.023964897024,0.0375372146748,0.1078556853111,0.111257312996,0.0242742712507,0.1031511533071,0.0253860002086,0.0388174897058,0,0.0944347759467,0.0204846355664,0.117583823766
"2382.SH004.C1.RH.5.422.rhizo.4.12.lane7.NoIndex.L007.sequences",0.0361831404765,0.0398556709213,0.0903406791215,0.0314145104283,0.0827531756514,0.0623874846394,0.0339520175793,0.0758099506798,0.0520508231229,0.0798792993279,0.0813209027068,0.0263137032789,0.0270359742982,0.0871400387221,0.0476497778857,0.0322967190337,0.0841284294208,0.0882760678613,0.0186852784834,0.0938258912559,0.0514936055482,0.0927764201774,0.0468466573623,0.0854578183185,0.0833449587204,0.0710457448196,0.0159575101053,0.0807734728582,0.0790679312,0.0774686417596,0.0456890586286,0.0412012018026,0.0760365109279,0.0470130490242,0.0784082492333,0.0853311610359,0.0944347759467,0,0.0827494820707,0.0478677379459
"1642.MS00598",0.0985374928473,0.0965750181453,0.0183918304864,0.0839967063185,0.0214418553211,0.1148316414715,0.074504292599,0.0229778785516,0.0941248211561,0.0408552257348,0.0218687109646,0.0844292527182,0.0808468066315,0.0246866092201,0.0871717797594,0.0966663291523,0.0420148385115,0.0202364023174,0.0819590965947,0.0230245940419,0.1118183656396,0.0245550393935,0.1149546240024,0.0234623804202,0.0211231117165,0.0225337090684,0.0854088385961,0.0209444164646,0.0197658993794,0.0337233833349,0.0989939302813,0.1026926583686,0.0209017053396,0.0937020804712,0.0229325614249,0.0372458908641,0.0204846355664,0.0827494820707,0,0.1120686654456
"2382.HE003.C181.HA.3.763.root.9.12.lane7.NoIndex.L007.sequences",0.0197224048686,0.0200922434987,0.1208292087543,0.0482994183826,0.1048267736334,0.0267685796637,0.0541142033822,0.099180172676,0.0270563624237,0.0933581901905,0.1104505546277,0.0476430010566,0.0514902299095,0.1120488408955,0.0679147043754,0.0315177696159,0.0916117394831,0.121593188956,0.0494385718498,0.1286773910594,0.0162684963503,0.1252034440231,0.0149722556413,0.1237872971664,0.1036203760321,0.0919724512275,0.0471004279999,0.1076307623627,0.1061225505043,0.0921486999642,0.0187523600808,0.0226698105565,0.1027068660983,0.0203020524439,0.1063269896576,0.1067809312386,0.117583823766,0.0478677379459,0.1120686654456,0
