"","2382.DPOO1.C1.HA.1.23.r1.root.6.11.lane7.NoIndex.L007.sequences","1642.MS00593","2382.DPOO1.C1.HA.4.442.rhizo.4.12.lane7.NoIndex.L007.sequences","2382.HE003.C181.HA.2.558.root.4.12.lane7.NoIndex.L007.sequences","1642.MS00432","1642.MS00547","2382.DPOO1.C1.HA.1.23.root.6.11.lane1.NoIndex.L001.sequences","2382.SH007.C6.RH.5.723.root.9.12.lane7.NoIndex.L007.sequences","2382.RU006.C181.RH.5.797.rhizo.9.12.lane7.NoIndex.L007.sequences","2382.SH005.C3.RH.3.51.root.6.11.lane1.NoIndex.L001.sequences","1642.MS00448","2382.DPOO1.C1.HA.2.633.root.9.12.lane7.NoIndex.L007.sequences","2382.RU006.C181.RH.3.587.rhizo.4.12.lane7.NoIndex.L007.sequences","2382.DPOO1.C1.HA.4.643.root.9.12.lane7.NoIndex.L007.sequences","1642.MS00635","2382.SH004.C1.RH.1.3.root.6.11.lane1.NoIndex.L001.sequences","1642.MS00621","2382.SH004.C1.RH.4.617.rhizo.9.12.lane7.NoIndex.L007.sequences","2382.MU002.C3.HA.2.683.root.9.12.lane7.NoIndex.L007.sequences","1642.MS00374","2382.HE003.C181.HA.5.573.root.4.12.lane7.NoIndex.L007.sequences","1642.MS00552","2382.MU002.C3.HA.1.678.root.9.12.lane7.NoIndex.L007.sequences","1642.MS00385","2382.MU002.C3.HA.1.63.root.6.11.lane1.NoIndex.L001.sequences","2382.SH007.C6.RH.4.518.root.4.12.lane7.NoIndex.L007.sequences","1642.MS00523","1642.MS00368","1642.MS00622","2382.MU002.C3.HA.4.693.root.9.12.lane7.NoIndex.L007.sequences","2382.SH008.C6.HA.1.328.root.9.11.lane1.NoIndex.L001.sequences","2382.MU002.C3.HA.3.488.root.4.12.lane7.NoIndex.L007.sequences","1642.MS00629","2382.DPOO1.C1.HA.5.647.rhizo.9.12.lane7.NoIndex.L007.sequences","2382.RU006.C181.RH.3.787.rhizo.9.12.lane7.NoIndex.L007.sequences","1642.MS00339","1642.MS00357","1642.MS00394","2382.RU006.C181.RH.3.151.root.6.11.lane1.NoIndex.L001.sequences","2382.HE003.C181.HA.3.762.rhizo.9.12.lane7.NoIndex.L007.sequences"
"2382.DPOO1.C1.HA.1.23.r1.root.6.11.lane7.NoIndex.L007.sequences",0,0.1213165656848,0.0660998927614,0.0245411708801,0.1051481446798,0.1116056817336,0.0211929294796,0.022523123575,0.0546103467683,0.0303545050097,0.125326058605,0.0190822339834,0.0523130609037,0.0171851967588,0.116478065999,0.0237837083931,0.1150034243335,0.0446801877928,0.0207493378619,0.121547721436,0.0217163887264,0.1245499743415,0.0215192480847,0.0931008757857,0.0228922305566,0.0267210941343,0.1274773983279,0.0971584589723,0.1103621154975,0.0205529023965,0.0286079346303,0.0251612629096,0.1002187655366,0.0526507272621,0.0541284683998,0.0981480542445,0.1004641533488,0.1074707647244,0.0547218211249,0.0498129083813
"1642.MS00593",0.1213165656848,0,0.1123036379637,0.1220444083936,0.0297904897524,0.0267362590057,0.108684570257,0.1335306686734,0.1081019586687,0.1152418550282,0.0295755170366,0.1128604822517,0.1045276076167,0.1147417224159,0.0241173091631,0.125313538724,0.027864079387,0.1091846508554,0.1254299035399,0.0438083622757,0.1323131664005,0.0225571302302,0.117952949841,0.033486218841,0.1135763792314,0.1154885552804,0.0287927181884,0.04723578005,0.0312383730675,0.1251800467056,0.1234784949823,0.1087704882831,0.0366734181555,0.1140178772964,0.106658647153,0.0335283726226,0.0384238844405,0.0332323400593,0.1171204731813,0.111273838773
"2382.DPOO1.C1.HA.4.442.rhizo.4.12.lane7.NoIndex.L007.sequences",0.0660998927614,0.1123036379637,0,0.0607070786581,0.0862204471075,0.0985175824884,0.045453776969,0.0654483235217,0.0480769843863,0.0553036366075,0.1107560441148,0.0520839904561,0.0421892913431,0.0549275718946,0.101470739721,0.0653234143667,0.0966209999683,0.0323418101692,0.0595190963133,0.0918742358922,0.0642212978041,0.1125188359451,0.0630625204473,0.082857359247,0.0507117348052,0.0454069393349,0.1145459682705,0.0928918718824,0.1000852691883,0.0694111262486,0.05473836247,0.0562086221856,0.0828688129583,0.0291398610536,0.0447037619716,0.087084892293,0.089801430477,0.0897761842823,0.0659016778334,0.0428719904892
"2382.HE003.C181.HA.2.558.root.4.12.lane7.NoIndex.L007.sequences",0.0245411708801,0.1220444083936,0.0607070786581,0,0.0982131911768,0.109431450975,0.0306938148739,0.0241487067995,0.0478147656284,0.0278414565058,0.1201595780968,0.0250486448391,0.0432970352369,0.0264983464605,0.1122846947608,0.0286204886397,0.1146551190932,0.0448583858181,0.0279468997687,0.1183838199936,0.0119020346196,0.1224623259348,0.0316050459407,0.091285932444,0.0289678234959,0.0248371246842,0.1254026188528,0.0967540886186,0.1082809127639,0.0281874178057,0.0289444855115,0.0297524268959,0.0979344795519,0.0605300881453,0.0499772541836,0.0967110289418,0.0948136017299,0.1044131280505,0.0383839318481,0.0434933886528
"1642.MS00432",0.1051481446798,0.0297904897524,0.0862204471075,0.0982131911768,0,0.0256511825054,0.0835842552644,0.109785164618,0.0851281574865,0.0899499810294,0.0263906911825,0.0903366855064,0.0784533603878,0.0941816425271,0.0278424922766,0.103648054547,0.0265567398001,0.0872480220003,0.1035096898043,0.0483919315776,0.1058495921964,0.0261345855956,0.0993979164779,0.0254243189154,0.0894641989459,0.0934564388677,0.0276989832796,0.0353341818151,0.026143211432,0.1078151707313,0.0970060047596,0.0885556087728,0.0307207681988,0.0882196205699,0.0846415578923,0.0259414708371,0.0267401247253,0.0235789722118,0.0889423319742,0.0896794824085
"1642.MS00547",0.1116056817336,0.0267362590057,0.0985175824884,0.109431450975,0.0256511825054,0,0.0946328726288,0.1168393526538,0.0934968022709,0.1058055131499,0.027107218308,0.0992665447458,0.0902560535501,0.1031253595636,0.0250533022343,0.1159331989704,0.0229996015648,0.0961291581763,0.1124012505039,0.0467417308515,0.1179666998796,0.0254796641956,0.1060288353924,0.0302290150066,0.0984845090736,0.1038649185904,0.0267334489791,0.0438460474156,0.0232270332063,0.1151458113471,0.1085197941125,0.0996330092524,0.0272046089426,0.0969717187636,0.0931817532887,0.0346051977766,0.0353710161864,0.0267683456417,0.0995780332263,0.0941240557154
"2382.DPOO1.C1.HA.1.23.root.6.11.lane1.NoIndex.L001.sequences",0.0211929294796,0.108684570257,0.045453776969,0.0306938148739,0.0835842552644,0.0946328726288,0,0.0329927905981,0.0443381642623,0.0300505367897,0.1052885327244,0.0211162431172,0.0383557752348,0.020374491595,0.0999089930594,0.0325319680978,0.0990810587444,0.0347188546479,0.0274196284999,0.1072884899024,0.0294715007196,0.107761430677,0.0284309630065,0.0802578125302,0.0238672741551,0.0277466934559,0.1092998708149,0.0926431811999,0.0938638676332,0.0292289989969,0.0262659884505,0.0263770590751,0.0860432135891,0.0351951630734,0.0417773836753,0.0836481080489,0.0885257806938,0.0937141574556,0.0487059918692,0.0442317149785
"2382.SH007.C6.RH.5.723.root.9.12.lane7.NoIndex.L007.sequences",0.022523123575,0.1335306686734,0.0654483235217,0.0241487067995,0.109785164618,0.1168393526538,0.0329927905981,0,0.0533980704155,0.0167767794382,0.1304885890321,0.0247040158329,0.0560932921874,0.0221352578147,0.1235801347695,0.0113796367963,0.1294785409285,0.0413829229415,0.0205306954388,0.1056811174154,0.0175896853011,0.1286511872074,0.0377994462117,0.0960099596861,0.024879013891,0.0198089185964,0.1376926255427,0.0966308019261,0.1207006340076,0.025235582569,0.0175264231734,0.0244027790952,0.1087252544128,0.0624883591525,0.0608435024047,0.0976991344424,0.100486520461,0.1145693537267,0.0521758907399,0.0496293193789
"2382.RU006.C181.RH.5.797.rhizo.9.12.lane7.NoIndex.L007.sequences",0.0546103467683,0.1081019586687,0.0480769843863,0.0478147656284,0.0851281574865,0.0934968022709,0.0443381642623,0.0533980704155,0,0.0423903849041,0.1095022334278,0.0407408336721,0.0300728410384,0.0461671188437,0.0987940002775,0.0560759331104,0.0938503400277,0.0353031899599,0.0562936492996,0.0911396755689,0.0474391928741,0.111693174709,0.058739831574,0.0824253192848,0.0453467358746,0.039268633402,0.1124545487509,0.0893398760218,0.0941243285894,0.0607679205821,0.0460290041934,0.0490697465227,0.081527839256,0.0405399857969,0.0257911383301,0.0876314003832,0.0888105446159,0.0856322172484,0.0377278456171,0.0308501930881
"2382.SH005.C3.RH.3.51.root.6.11.lane1.NoIndex.L001.sequences",0.0303545050097,0.1152418550282,0.0553036366075,0.0278414565058,0.0899499810294,0.1058055131499,0.0300505367897,0.0167767794382,0.0423903849041,0,0.111449682921,0.0262082953731,0.0432316629265,0.0255847122235,0.1051882409843,0.0174230143352,0.1074316093675,0.0359035357654,0.0252446320599,0.1076196018654,0.0240411319893,0.1119418101385,0.0300488165623,0.0889886682066,0.0251685882739,0.021207880147,0.1207244398027,0.0936783117914,0.1057713403582,0.0360607058491,0.019345137079,0.0246318677974,0.0933791367447,0.0496266235287,0.0470194260604,0.0878204793129,0.0911364498241,0.1008709438327,0.0420329858453,0.0399987749149
"1642.MS00448",0.125326058605,0.0295755170366,0.1107560441148,0.1201595780968,0.0263906911825,0.027107218308,0.1052885327244,0.1304885890321,0.1095022334278,0.111449682921,0,0.1109822416515,0.1013338168846,0.1146181021925,0.0287628656299,0.1244806725642,0.0292633754847,0.1114266365409,0.1244249464426,0.0459163347083,0.12466086647,0.0252135884535,0.1206777926687,0.0287534996578,0.1091056293029,0.1168970325743,0.0246898124879,0.0377009656777,0.0289236317052,0.1289781252704,0.1190226546275,0.1091808568892,0.0384156539986,0.1129671202438,0.106975191708,0.0288611886695,0.0318879491142,0.027578690166,0.1106709734765,0.1128831917326
"2382.DPOO1.C1.HA.2.633.root.9.12.lane7.NoIndex.L007.sequences",0.0190822339834,0.1128604822517,0.0520839904561,0.0250486448391,0.0903366855064,0.0992665447458,0.0211162431172,0.0247040158329,0.0407408336721,0.0262082953731,0.1109822416515,0,0.0431808790738,0.0131962153391,0.1025129695016,0.0259361061708,0.1048312018696,0.0377112187654,0.0204074260355,0.1044582765199,0.0257094118709,0.1103948995374,0.0213736219435,0.0801395254962,0.0217841932495,0.0238905282563,0.1156765703375,0.0847956198675,0.0993142218855,0.0216661991909,0.0236696047357,0.023730094324,0.0890611479971,0.0392630139161,0.0416573629455,0.0857193758631,0.0867316471737,0.0949129843023,0.0469803917926,0.0425481343535
"2382.RU006.C181.RH.3.587.rhizo.4.12.lane7.NoIndex.L007.sequences",0.0523130609037,0.1045276076167,0.0421892913431,0.0432970352369,0.0784533603878,0.0902560535501,0.0383557752348,0.0560932921874,0.0300728410384,0.0432316629265,0.1013338168846,0.0431808790738,0,0.0440978200842,0.0932163312947,0.0553895900786,0.0903274258696,0.0385368594402,0.0528037976276,0.0844789409059,0.0468423458303,0.104474839602,0.0547878918691,0.0740970582139,0.0443440839314,0.039091769595,0.1052068908796,0.0779934710828,0.0900693696966,0.0579265143178,0.0473002697879,0.0469041384204,0.07790049843,0.043366571836,0.025510849717,0.07804468492,0.0793393300663,0.079818878414,0.032114515216,0.0335606932447
"2382.DPOO1.C1.HA.4.643.root.9.12.lane7.NoIndex.L007.sequences",0.0171851967588,0.1147417224159,0.0549275718946,0.0264983464605,0.0941816425271,0.1031253595636,0.020374491595,0.0221352578147,0.0461671188437,0.0255847122235,0.1146181021925,0.0131962153391,0.0440978200842,0,0.1072476770373,0.0213415060613,0.1072576683373,0.0352059984397,0.0167618631823,0.1001033328144,0.0275797783162,0.1152538508353,0.0243173620792,0.0853413273616,0.0210430772156,0.0238659804091,0.118727381117,0.0919564206312,0.1025363155447,0.0208602754403,0.0231216713139,0.0225217589488,0.092803466492,0.0436339324889,0.0456241282304,0.089630730053,0.0921301939098,0.100414100559,0.0510393396185,0.0429491485506
"1642.MS00635",0.116478065999,0.0241173091631,0.101470739721,0.1122846947608,0.0278424922766,0.0250533022343,0.0999089930594,0.1235801347695,0.0987940002775,0.1051882409843,0.0287628656299,0.1025129695016,0.0932163312947,0.1072476770373,0,0.1213663907426,0.0241719418072,0.0993526638216,0.1173474453005,0.0466145556382,0.1230263384135,0.0233480525287,0.111104391562,0.0322713993513,0.1042178112328,0.105375530194,0.029326658117,0.0487296737546,0.0265849901421,0.1199253500924,0.1121824893299,0.101539166853,0.0320483890007,0.1035155398721,0.0988383200627,0.0354251071644,0.03876719598,0.0296337973553,0.1049663073746,0.1021141496999
"2382.SH004.C1.RH.1.3.root.6.11.lane1.NoIndex.L001.sequences",0.0237837083931,0.125313538724,0.0653234143667,0.0286204886397,0.103648054547,0.1159331989704,0.0325319680978,0.0113796367963,0.0560759331104,0.0174230143352,0.1244806725642,0.0259361061708,0.0553895900786,0.0213415060613,0.1213663907426,0,0.1227586978157,0.0412043768907,0.02235499347,0.1160812765893,0.0211261147147,0.1234301179778,0.0345832469852,0.0951433616698,0.0251654369018,0.0232597628086,0.1319357863711,0.0946673691186,0.1176076735717,0.0283556981308,0.0168855615708,0.0239297222102,0.1086852312737,0.0594638664878,0.0581669153103,0.0902952104057,0.0992172746596,0.1133336241254,0.0524208992689,0.0523972740193
"1642.MS00621",0.1150034243335,0.027864079387,0.0966209999683,0.1146551190932,0.0265567398001,0.0229996015648,0.0990810587444,0.1294785409285,0.0938503400277,0.1074316093675,0.0292633754847,0.1048312018696,0.0903274258696,0.1072576683373,0.0241719418072,0.1227586978157,0,0.0953223136077,0.1200793560422,0.0446708561193,0.1225483516801,0.0276445716454,0.1079782037055,0.0314528102056,0.1057591424143,0.108105543116,0.0269456543237,0.0429716483349,0.0230735244453,0.1201497842569,0.1160376373326,0.1050067278753,0.0267188880307,0.097144341523,0.0919057098202,0.0365238219957,0.0349839031708,0.0266073211941,0.1068147437517,0.0966629564522
"2382.SH004.C1.RH.4.617.rhizo.9.12.lane7.NoIndex.L007.sequences",0.0446801877928,0.1091846508554,0.0323418101692,0.0448583858181,0.0872480220003,0.0961291581763,0.0347188546479,0.0413829229415,0.0353031899599,0.0359035357654,0.1114266365409,0.0377112187654,0.0385368594402,0.0352059984397,0.0993526638216,0.0412043768907,0.0953223136077,0,0.0424875045691,0.0982590673114,0.0473145799325,0.1119177940968,0.0457730298814,0.0810946378757,0.0402761156847,0.0252306020068,0.1144238338286,0.0920363684096,0.0979436827519,0.0524019474344,0.0321817463493,0.0395301939627,0.0834816595951,0.0280478730614,0.0371855023497,0.0856787667521,0.0868414922652,0.0892238287554,0.0549341746116,0.0317843453115
"2382.MU002.C3.HA.2.683.root.9.12.lane7.NoIndex.L007.sequences",0.0207493378619,0.1254299035399,0.0595190963133,0.0279468997687,0.1035096898043,0.1124012505039,0.0274196284999,0.0205306954388,0.0562936492996,0.0252446320599,0.1244249464426,0.0204074260355,0.0528037976276,0.0167618631823,0.1173474453005,0.02235499347,0.1200793560422,0.0424875045691,0,0.1161915654236,0.0254393742046,0.1218205672551,0.0187067577251,0.0924178479144,0.0202209757844,0.0262784381221,0.1286381351131,0.0964839885261,0.113840898531,0.0155863316655,0.0209949104339,0.0170033740143,0.1046023676622,0.0511605388692,0.0580144609695,0.0927754330303,0.0965572758666,0.1102412714636,0.0570079823607,0.0533612001991
"1642.MS00374",0.121547721436,0.0438083622757,0.0918742358922,0.1183838199936,0.0483919315776,0.0467417308515,0.1072884899024,0.1056811174154,0.0911396755689,0.1076196018654,0.0459163347083,0.1044582765199,0.0844789409059,0.1001033328144,0.0466145556382,0.1160812765893,0.0446708561193,0.0982590673114,0.1161915654236,0,0.1245757474644,0.0464934300371,0.1004312949151,0.0357896401415,0.107684432314,0.0972269688159,0.0501919450933,0.0494270006506,0.0484074664692,0.1137475817327,0.1129226483099,0.1075868118985,0.0478507257499,0.0983861064916,0.0901451851128,0.0425975675647,0.0446493795693,0.0368284124036,0.0909596801355,0.0921749125139
"2382.HE003.C181.HA.5.573.root.4.12.lane7.NoIndex.L007.sequences",0.0217163887264,0.1323131664005,0.0642212978041,0.0119020346196,0.1058495921964,0.1179666998796,0.0294715007196,0.0175896853011,0.0474391928741,0.0240411319893,0.12466086647,0.0257094118709,0.0468423458303,0.0275797783162,0.1230263384135,0.0211261147147,0.1225483516801,0.0473145799325,0.0254393742046,0.1245757474644,0,0.1302352103785,0.0330128708618,0.0935366379356,0.0259924617471,0.0246138756851,0.1318568910578,0.0985297214398,0.1098918438745,0.0260583183695,0.0252538379182,0.0302944944965,0.1079487593669,0.0614690375797,0.0525926540917,0.1004548171957,0.1017870253736,0.1138463821338,0.0507694933074,0.0451192121773
"1642.MS00552",0.1245499743415,0.0225571302302,0.1125188359451,0.1224623259348,0.0261345855956,0.0254796641956,0.107761430677,0.1286511872074,0.111693174709,0.1119418101385,0.0252135884535,0.1103948995374,0.104474839602,0.1152538508353,0.0233480525287,0.1234301179778,0.0276445716454,0.1119177940968,0.1218205672551,0.0464934300371,0.1302352103785,0,0.1187499362228,0.0311622756336,0.1099885680894,0.1133922142028,0.025347165575,0.0405608587238,0.0307367636369,0.1254849488216,0.1180074021558,0.1072586250861,0.0366165846722,0.1147418689933,0.1103585059496,0.0282644666606,0.0333839541636,0.0300578524786,0.1143231234864,0.111282302767
"2382.MU002.C3.HA.1.678.root.9.12.lane7.NoIndex.L007.sequences",0.0215192480847,0.117952949841,0.0630625204473,0.0316050459407,0.0993979164779,0.1060288353924,0.0284309630065,0.0377994462117,0.058739831574,0.0300488165623,0.1206777926687,0.0213736219435,0.0547878918691,0.0243173620792,0.111104391562,0.0345832469852,0.1079782037055,0.0457730298814,0.0187067577251,0.1004312949151,0.0330128708618,0.1187499362228,0,0.0893995743629,0.0228605218209,0.0318619589354,0.1253706962346,0.0921511277614,0.1112156466629,0.0174023554541,0.0336876202036,0.0278408018295,0.0970637367904,0.0547742580567,0.0568665442155,0.0901252777573,0.0921512626849,0.1013364199016,0.0564454303104,0.0530191709756
"1642.MS00385",0.0931008757857,0.033486218841,0.082857359247,0.091285932444,0.0254243189154,0.0302290150066,0.0802578125302,0.0960099596861,0.0824253192848,0.0889886682066,0.0287534996578,0.0801395254962,0.0740970582139,0.0853413273616,0.0322713993513,0.0951433616698,0.0314528102056,0.0810946378757,0.0924178479144,0.0357896401415,0.0935366379356,0.0311622756336,0.0893995743629,0,0.0818988853929,0.0831102009651,0.0343126985599,0.0270762796226,0.0307041602205,0.095420620197,0.0883204177085,0.0828813053714,0.0304431615733,0.0853627402928,0.0789628621558,0.0226848981078,0.0223380396249,0.0230033064078,0.0843280462639,0.0827529536452
"2382.MU002.C3.HA.1.63.root.6.11.lane1.NoIndex.L001.sequences",0.0228922305566,0.1135763792314,0.0507117348052,0.0289678234959,0.0894641989459,0.0984845090736,0.0238672741551,0.024879013891,0.0453467358746,0.0251685882739,0.1091056293029,0.0217841932495,0.0443440839314,0.0210430772156,0.1042178112328,0.0251654369018,0.1057591424143,0.0402761156847,0.0202209757844,0.107684432314,0.0259924617471,0.1099885680894,0.0228605218209,0.0818988853929,0,0.0263985932602,0.1129040590208,0.0880505704741,0.0989237159937,0.021471414321,0.0219102140256,0.0214849975953,0.0927955866752,0.0446632881221,0.0454180584027,0.0836627324032,0.0872801475776,0.100048377731,0.0470326304639,0.0454658562239
"2382.SH007.C6.RH.4.518.root.4.12.lane7.NoIndex.L007.sequences",0.0267210941343,0.1154885552804,0.0454069393349,0.0248371246842,0.0934564388677,0.1038649185904,0.0277466934559,0.0198089185964,0.039268633402,0.021207880147,0.1168970325743,0.0238905282563,0.039091769595,0.0238659804091,0.105375530194,0.0232597628086,0.108105543116,0.0252306020068,0.0262784381221,0.0972269688159,0.0246138756851,0.1133922142028,0.0318619589354,0.0831102009651,0.0263985932602,0,0.1201535186517,0.0921362766593,0.1027072944882,0.0308394617435,0.0180672550594,0.0242482412186,0.0922217681154,0.0414286628205,0.0390603805712,0.085409601834,0.0897976568253,0.1003637910909,0.0495842809176,0.036263503633
"1642.MS00523",0.1274773983279,0.0287927181884,0.1145459682705,0.1254026188528,0.0276989832796,0.0267334489791,0.1092998708149,0.1376926255427,0.1124545487509,0.1207244398027,0.0246898124879,0.1156765703375,0.1052068908796,0.118727381117,0.029326658117,0.1319357863711,0.0269456543237,0.1144238338286,0.1286381351131,0.0501919450933,0.1318568910578,0.025347165575,0.1253706962346,0.0343126985599,0.1129040590208,0.1201535186517,0,0.0454144083665,0.0284962279258,0.1322230979313,0.1251576222041,0.1124901066312,0.0366625139969,0.114593367137,0.1106991436082,0.0354912243145,0.0374461380805,0.0318601120527,0.1180891560502,0.1156207508135
"1642.MS00368",0.0971584589723,0.04723578005,0.0928918718824,0.0967540886186,0.0353341818151,0.0438460474156,0.0926431811999,0.0966308019261,0.0893398760218,0.0936783117914,0.0377009656777,0.0847956198675,0.0779934710828,0.0919564206312,0.0487296737546,0.0946673691186,0.0429716483349,0.0920363684096,0.0964839885261,0.0494270006506,0.0985297214398,0.0405608587238,0.0921511277614,0.0270762796226,0.0880505704741,0.0921362766593,0.0454144083665,0,0.0460104522319,0.0992152919025,0.0959029588279,0.0907556558578,0.0487580532984,0.0962443013431,0.0839287660604,0.024519203676,0.02023695042,0.0313363318907,0.0824255162476,0.0895758214462
"1642.MS00622",0.1103621154975,0.0312383730675,0.1000852691883,0.1082809127639,0.026143211432,0.0232270332063,0.0938638676332,0.1207006340076,0.0941243285894,0.1057713403582,0.0289236317052,0.0993142218855,0.0900693696966,0.1025363155447,0.0265849901421,0.1176076735717,0.0230735244453,0.0979436827519,0.113840898531,0.0484074664692,0.1098918438745,0.0307367636369,0.1112156466629,0.0307041602205,0.0989237159937,0.1027072944882,0.0284962279258,0.0460104522319,0,0.1161085965834,0.1073326582064,0.1005660391416,0.0252257096858,0.0977458528891,0.0932853865586,0.0355673808681,0.0365555719278,0.0275304620223,0.1041428323446,0.0978258707136
"2382.MU002.C3.HA.4.693.root.9.12.lane7.NoIndex.L007.sequences",0.0205529023965,0.1251800467056,0.0694111262486,0.0281874178057,0.1078151707313,0.1151458113471,0.0292289989969,0.025235582569,0.0607679205821,0.0360607058491,0.1289781252704,0.0216661991909,0.0579265143178,0.0208602754403,0.1199253500924,0.0283556981308,0.1201497842569,0.0524019474344,0.0155863316655,0.1137475817327,0.0260583183695,0.1254849488216,0.0174023554541,0.095420620197,0.021471414321,0.0308394617435,0.1322230979313,0.0992152919025,0.1161085965834,0,0.0254579281642,0.0250893910065,0.1070374702185,0.0593237339795,0.0585226851415,0.1014985023045,0.1029725707573,0.1126027455317,0.0589386973916,0.0532174109485
"2382.SH008.C6.HA.1.328.root.9.11.lane1.NoIndex.L001.sequences",0.0286079346303,0.1234784949823,0.05473836247,0.0289444855115,0.0970060047596,0.1085197941125,0.0262659884505,0.0175264231734,0.0460290041934,0.019345137079,0.1190226546275,0.0236696047357,0.0473002697879,0.0231216713139,0.1121824893299,0.0168855615708,0.1160376373326,0.0321817463493,0.0209949104339,0.1129226483099,0.0252538379182,0.1180074021558,0.0336876202036,0.0883204177085,0.0219102140256,0.0180672550594,0.1251576222041,0.0959029588279,0.1073326582064,0.0254579281642,0,0.0218753979638,0.1005091770844,0.0476991379074,0.0493748145396,0.0889802046476,0.0947524157221,0.1068972909558,0.0527351361644,0.0456936329465
"2382.MU002.C3.HA.3.488.root.4.12.lane7.NoIndex.L007.sequences",0.0251612629096,0.1087704882831,0.0562086221856,0.0297524268959,0.0885556087728,0.0996330092524,0.0263770590751,0.0244027790952,0.0490697465227,0.0246318677974,0.1091808568892,0.023730094324,0.0469041384204,0.0225217589488,0.101539166853,0.0239297222102,0.1050067278753,0.0395301939627,0.0170033740143,0.1075868118985,0.0302944944965,0.1072586250861,0.0278408018295,0.0828813053714,0.0214849975953,0.0242482412186,0.1124901066312,0.0907556558578,0.1005660391416,0.0250893910065,0.0218753979638,0,0.0918830929187,0.0468416488213,0.0495189405892,0.0817600767422,0.0874967083949,0.0976832842473,0.05084228858,0.0456485576494
"1642.MS00629",0.1002187655366,0.0366734181555,0.0828688129583,0.0979344795519,0.0307207681988,0.0272046089426,0.0860432135891,0.1087252544128,0.081527839256,0.0933791367447,0.0384156539986,0.0890611479971,0.07790049843,0.092803466492,0.0320483890007,0.1086852312737,0.0267188880307,0.0834816595951,0.1046023676622,0.0478507257499,0.1079487593669,0.0366165846722,0.0970637367904,0.0304431615733,0.0927955866752,0.0922217681154,0.0366625139969,0.0487580532984,0.0252257096858,0.1070374702185,0.1005091770844,0.0918830929187,0,0.0842319753483,0.0806943014568,0.0379413127028,0.0374547335196,0.0283693189535,0.090351498872,0.0845250782523
"2382.DPOO1.C1.HA.5.647.rhizo.9.12.lane7.NoIndex.L007.sequences",0.0526507272621,0.1140178772964,0.0291398610536,0.0605300881453,0.0882196205699,0.0969717187636,0.0351951630734,0.0624883591525,0.0405399857969,0.0496266235287,0.1129671202438,0.0392630139161,0.043366571836,0.0436339324889,0.1035155398721,0.0594638664878,0.097144341523,0.0280478730614,0.0511605388692,0.0983861064916,0.0614690375797,0.1147418689933,0.0547742580567,0.0853627402928,0.0446632881221,0.0414286628205,0.114593367137,0.0962443013431,0.0977458528891,0.0593237339795,0.0476991379074,0.0468416488213,0.0842319753483,0,0.0412755390363,0.0927548066677,0.0930938769996,0.0922949896958,0.0705878399996,0.0421965827771
"2382.RU006.C181.RH.3.787.rhizo.9.12.lane7.NoIndex.L007.sequences",0.0541284683998,0.106658647153,0.0447037619716,0.0499772541836,0.0846415578923,0.0931817532887,0.0417773836753,0.0608435024047,0.0257911383301,0.0470194260604,0.106975191708,0.0416573629455,0.025510849717,0.0456241282304,0.0988383200627,0.0581669153103,0.0919057098202,0.0371855023497,0.0580144609695,0.0901451851128,0.0525926540917,0.1103585059496,0.0568665442155,0.0789628621558,0.0454180584027,0.0390603805712,0.1106991436082,0.0839287660604,0.0932853865586,0.0585226851415,0.0493748145396,0.0495189405892,0.0806943014568,0.0412755390363,0,0.0841448895389,0.084207081939,0.0837869577078,0.0390482033172,0.0275983851365
"1642.MS00339",0.0981480542445,0.0335283726226,0.087084892293,0.0967110289418,0.0259414708371,0.0346051977766,0.0836481080489,0.0976991344424,0.0876314003832,0.0878204793129,0.0288611886695,0.0857193758631,0.07804468492,0.089630730053,0.0354251071644,0.0902952104057,0.0365238219957,0.0856787667521,0.0927754330303,0.0425975675647,0.1004548171957,0.0282644666606,0.0901252777573,0.0226848981078,0.0836627324032,0.085409601834,0.0354912243145,0.024519203676,0.0355673808681,0.1014985023045,0.0889802046476,0.0817600767422,0.0379413127028,0.0927548066677,0.0841448895389,0,0.0225175710895,0.0275412888639,0.0858777293905,0.091073265989
"1642.MS00357",0.1004641533488,0.0384238844405,0.089801430477,0.0948136017299,0.0267401247253,0.0353710161864,0.0885257806938,0.100486520461,0.0888105446159,0.0911364498241,0.0318879491142,0.0867316471737,0.0793393300663,0.0921301939098,0.03876719598,0.0992172746596,0.0349839031708,0.0868414922652,0.0965572758666,0.0446493795693,0.1017870253736,0.0333839541636,0.0921512626849,0.0223380396249,0.0872801475776,0.0897976568253,0.0374461380805,0.02023695042,0.0365555719278,0.1029725707573,0.0947524157221,0.0874967083949,0.0374547335196,0.0930938769996,0.084207081939,0.0225175710895,0,0.0254624457414,0.0868806938467,0.0874488939682
"1642.MS00394",0.1074707647244,0.0332323400593,0.0897761842823,0.1044131280505,0.0235789722118,0.0267683456417,0.0937141574556,0.1145693537267,0.0856322172484,0.1008709438327,0.027578690166,0.0949129843023,0.079818878414,0.100414100559,0.0296337973553,0.1133336241254,0.0266073211941,0.0892238287554,0.1102412714636,0.0368284124036,0.1138463821338,0.0300578524786,0.1013364199016,0.0230033064078,0.100048377731,0.1003637910909,0.0318601120527,0.0313363318907,0.0275304620223,0.1126027455317,0.1068972909558,0.0976832842473,0.0283693189535,0.0922949896958,0.0837869577078,0.0275412888639,0.0254624457414,0,0.0958123530993,0.0887710118209
"2382.RU006.C181.RH.3.151.root.6.11.lane1.NoIndex.L001.sequences",0.0547218211249,0.1171204731813,0.0659016778334,0.0383839318481,0.0889423319742,0.0995780332263,0.0487059918692,0.0521758907399,0.0377278456171,0.0420329858453,0.1106709734765,0.0469803917926,0.032114515216,0.0510393396185,0.1049663073746,0.0524208992689,0.1068147437517,0.0549341746116,0.0570079823607,0.0909596801355,0.0507694933074,0.1143231234864,0.0564454303104,0.0843280462639,0.0470326304639,0.0495842809176,0.1180891560502,0.0824255162476,0.1041428323446,0.0589386973916,0.0527351361644,0.05084228858,0.090351498872,0.0705878399996,0.0390482033172,0.0858777293905,0.0868806938467,0.0958123530993,0,0.0458677905446
"2382.HE003.C181.HA.3.762.rhizo.9.12.lane7.NoIndex.L007.sequences",0.0498129083813,0.111273838773,0.0428719904892,0.0434933886528,0.0896794824085,0.0941240557154,0.0442317149785,0.0496293193789,0.0308501930881,0.0399987749149,0.1128831917326,0.0425481343535,0.0335606932447,0.0429491485506,0.1021141496999,0.0523972740193,0.0966629564522,0.0317843453115,0.0533612001991,0.0921749125139,0.0451192121773,0.111282302767,0.0530191709756,0.0827529536452,0.0454658562239,0.036263503633,0.1156207508135,0.0895758214462,0.0978258707136,0.0532174109485,0.0456936329465,0.0456485576494,0.0845250782523,0.0421965827771,0.0275983851365,0.091073265989,0.0874488939682,0.0887710118209,0.0458677905446,0
