"","2382.SH004.C1.RH.5.623.root.9.12.lane7.NoIndex.L007.sequences","2382.DPOO1.C1.HA.3.238.root.9.11.lane1.NoIndex.L001.sequences","2382.SH005.C3.RH.3.463.root.4.12.lane7.NoIndex.L007.sequences","2382.MU002.C3.HA.4.293.root.9.11.lane1.NoIndex.L001.sequences","1642.MS00470","1642.MS00447","1642.MS00525","2382.RU006.C181.RH.1.577.rhizo.4.12.lane7.NoIndex.L007.sequences","1642.MS00577","2382.MU002.C3.HA.3.487.rhizo.4.12.lane7.NoIndex.L007.sequences","2382.DPOO1.C1.HA.4.243.root.9.11.lane1.NoIndex.L001.sequences","1642.MS00429","2382.MU002.C3.HA.3.71.root.6.11.lane1.NoIndex.L001.sequences","1642.MS00398","1642.MS00349","2382.RU006.C181.RH.2.782.rhizo.9.12.lane7.NoIndex.L007.sequences","2382.SH007.C6.RH.1.703.root.9.12.lane7.NoIndex.L007.sequences","2382.SH007.C6.RH.5.522.rhizo.4.12.lane7.NoIndex.L007.sequences","2382.MU002.C3.HA.5.79.root.6.11.lane1.NoIndex.L001.sequences","1642.MS00493","1642.MS00532","1642.MS00489","2382.SH007.C6.RH.4.318.root.9.11.lane1.NoIndex.L001.sequences","1642.MS00379","2382.RU006.C181.RH.5.598.root.4.12.lane7.NoIndex.L007.sequences","1642.MS00485","1642.MS00442","2382.SH008.C6.HA.2.533.root.4.12.lane7.NoIndex.L007.sequences","2382.RU006.C181.RH.3.588.root.4.12.lane7.NoIndex.L007.sequences","1642.MS00520","2382.SH007.C6.RH.1.303.root.9.11.lane1.NoIndex.L001.sequences","1642.MS00413","2382.MU002.C3.HA.5.697.rhizo.9.12.lane7.NoIndex.L007.sequences","2382.GM.181.R3.root.10.12.lane7.NoIndex.L007.sequences","2382.SH007.C6.RH.4.518.root.4.12.lane7.NoIndex.L007.sequences","2382.SH007.C6.RH.1.503.root.4.12.lane7.NoIndex.L007.sequences","2382.SH008.C6.HA.4.742.rhizo.9.12.lane7.NoIndex.L007.sequences","2382.MU002.C3.HA.5.498.root.4.12.lane7.NoIndex.L007.sequences","2382.DPOO1.C1.HA.2.433.root.4.12.lane7.NoIndex.L007.sequences","1642.MS00553"
"2382.SH004.C1.RH.5.623.root.9.12.lane7.NoIndex.L007.sequences",0,0.0268482163771,0.0210127540985,0.0225696747932,0.0966065087985,0.1146138314009,0.0997233069253,0.0577219732989,0.0926815722803,0.0641252714978,0.0254153180853,0.0926021266225,0.0204728762585,0.0887667718069,0.0938729282011,0.0583378967811,0.0125041301037,0.0431678068387,0.0237809530916,0.0983363512274,0.0975810048666,0.1169145842555,0.0192672558242,0.0956810728079,0.0340456179353,0.1148665404142,0.1054971019717,0.033888047817,0.0272081044226,0.0943277497096,0.024654847938,0.0949039006197,0.0564452501635,0.0219040602114,0.0214012348807,0.0201267201441,0.046188396227,0.0205935755069,0.0180513755288,0.1161798086144
"2382.DPOO1.C1.HA.3.238.root.9.11.lane1.NoIndex.L001.sequences",0.0268482163771,0,0.0246791745031,0.0233276406722,0.0884999715713,0.1017921029747,0.0889540676994,0.0437738895595,0.0860395669245,0.0541566755913,0.0200471661457,0.0851387779505,0.0221881953157,0.0832653904912,0.0823126117858,0.0538297442505,0.0216755110296,0.0355536839475,0.0258162882583,0.0865843366121,0.0877098801537,0.1013644939626,0.0221054308746,0.0836717242563,0.0305999740424,0.0998787404844,0.093145554264,0.0338472272682,0.0262526636661,0.0843632976367,0.0245007972205,0.0863806592206,0.047183322813,0.0308394419471,0.0236580958943,0.0230074892872,0.0450245471411,0.0241108270606,0.0189520964789,0.0998933405487
"2382.SH005.C3.RH.3.463.root.4.12.lane7.NoIndex.L007.sequences",0.0210127540985,0.0246791745031,0,0.0201844885603,0.1007376858887,0.1141270366994,0.101046231137,0.0471840142812,0.0935342371329,0.0539854133288,0.0234995259752,0.0948124782226,0.0185669416282,0.0902005943876,0.0960530107381,0.060473386699,0.0143111689749,0.039814386428,0.0229885853359,0.0966268625849,0.0982444689053,0.1169167014078,0.0196898611627,0.0962086264366,0.0300917661198,0.1121086901614,0.1047530420851,0.0408895305313,0.0206409365707,0.0901725705412,0.0259302863114,0.0951441843256,0.0518475221892,0.0260382197283,0.0246473482894,0.0134434413367,0.0428002867393,0.0160615571539,0.0165170250724,0.1100601529456
"2382.MU002.C3.HA.4.293.root.9.11.lane1.NoIndex.L001.sequences",0.0225696747932,0.0233276406722,0.0201844885603,0,0.0821182977272,0.09720720892,0.0938503902542,0.0418967764185,0.0823785402143,0.0524395508874,0.0201578714464,0.0907827440926,0.0156846443584,0.0801671153392,0.0833200794482,0.0480105458507,0.0201954835212,0.0315730136995,0.0163056676569,0.0818922392981,0.0828713450279,0.1000674957829,0.0192972521161,0.0808912467657,0.0297384661099,0.0953649309712,0.0862287246215,0.031164960761,0.0253545881544,0.0793731680854,0.0214125853462,0.0786220940249,0.0379584072384,0.0265249273013,0.0232265937082,0.0206849926316,0.0325899797625,0.0200680796992,0.0202322890526,0.0931317805793
"1642.MS00470",0.0966065087985,0.0884999715713,0.1007376858887,0.0821182977272,0,0.0264607839164,0.0202500171216,0.0805292178858,0.0206599947852,0.0891555832114,0.0881753454422,0.02791496856,0.0893079572879,0.0293750527125,0.0414251783819,0.0866702870964,0.1019011097558,0.0821908117079,0.0857626292295,0.0208213768879,0.0189674160111,0.0195706919103,0.0959835863037,0.0262092275357,0.0957891148884,0.0196252036752,0.0214599691349,0.0824132426433,0.0940118552175,0.0224433260048,0.084878942315,0.0204745430512,0.084148474338,0.0992943121495,0.0891195272337,0.1087701999782,0.0853025517531,0.1035683407941,0.0971834621569,0.0300983198945
"1642.MS00447",0.1146138314009,0.1017921029747,0.1141270366994,0.09720720892,0.0264607839164,0,0.0273615333152,0.1021114644967,0.0265025558606,0.1039505146349,0.1016533119498,0.026569133367,0.1045888578799,0.0251758423782,0.0372705149946,0.1102286255774,0.1185798784633,0.0981542066357,0.0997549231618,0.0271981064537,0.0267712793234,0.0234045393269,0.1107724289058,0.0229426196841,0.1108834881849,0.0252099298364,0.0230528793357,0.0979182828796,0.112099925164,0.0234783634996,0.1002115416921,0.0244461072016,0.1049096350063,0.1142795133943,0.1043890412377,0.1229614452912,0.1005966964201,0.1186862731747,0.1123355069652,0.0292356510156
"1642.MS00525",0.0997233069253,0.0889540676994,0.101046231137,0.0938503902542,0.0202500171216,0.0273615333152,0,0.0836760121773,0.0198820487047,0.0899311881636,0.0891961761111,0.0251564470308,0.0944070458778,0.0298711395945,0.0425747661313,0.0883615073093,0.1045643954252,0.083786885943,0.0890145491356,0.0215450520797,0.0191325093118,0.0213569132552,0.1035693617485,0.0273080014287,0.1052439425811,0.0205199854249,0.0222718806534,0.0828877176,0.0979657136967,0.0204106535569,0.08822388148,0.0225633656504,0.0851721021899,0.1032242342644,0.0927114428534,0.1099617334992,0.0904211515063,0.1050689087624,0.0966859604399,0.030164374846
"2382.RU006.C181.RH.1.577.rhizo.4.12.lane7.NoIndex.L007.sequences",0.0577219732989,0.0437738895595,0.0471840142812,0.0418967764185,0.0805292178858,0.1021114644967,0.0836760121773,0,0.083923984288,0.0465492421222,0.0479678340344,0.0802167016407,0.0439308168332,0.0824192953168,0.0842608553748,0.023753854127,0.0537590215266,0.0336789000848,0.0449879410954,0.0790285233039,0.0827656414128,0.0913352020748,0.0447160137751,0.0807045447463,0.0401157802297,0.0981740607758,0.0883177628843,0.0415468448685,0.0345690268357,0.0840553853492,0.036617302369,0.0782044052655,0.0397227681739,0.0737709845449,0.044149764947,0.0609673011384,0.0403541145313,0.0561513471169,0.0513915626922,0.091640343982
"1642.MS00577",0.0926815722803,0.0860395669245,0.0935342371329,0.0823785402143,0.0206599947852,0.0265025558606,0.0198820487047,0.083923984288,0,0.1018021487864,0.0890206839087,0.0263415647873,0.0871477415455,0.0271755832967,0.0379666054735,0.0867937962071,0.0987823906253,0.0839860104801,0.0834387392576,0.0218747095763,0.0193618722504,0.0209167373138,0.0931827473638,0.0276321119328,0.0908730551793,0.0202854071417,0.0240978616647,0.0831376316931,0.0900591998354,0.0195352392338,0.0852228203113,0.022911718556,0.0896131353544,0.0924838262093,0.0875849001481,0.1057419644526,0.0992514700262,0.0996951802503,0.0933123839907,0.0304258730658
"2382.MU002.C3.HA.3.487.rhizo.4.12.lane7.NoIndex.L007.sequences",0.0641252714978,0.0541566755913,0.0539854133288,0.0524395508874,0.0891555832114,0.1039505146349,0.0899311881636,0.0465492421222,0.1018021487864,0,0.0457365442113,0.0890818871425,0.0567184124308,0.1048303812973,0.099270369394,0.0500321561499,0.0680177353579,0.0289901321926,0.0478534478891,0.0884778520091,0.0892276049029,0.1103239829532,0.0647402210962,0.0859730791435,0.0789802135337,0.1068498472205,0.0920609845246,0.0542864297469,0.0649003311461,0.1205621656264,0.0504630200197,0.0892224465061,0.0289057991208,0.0824029367781,0.0466882022332,0.0685351683596,0.0274015326518,0.0638093011505,0.0527790092948,0.1005690770219
"2382.DPOO1.C1.HA.4.243.root.9.11.lane1.NoIndex.L001.sequences",0.0254153180853,0.0200471661457,0.0234995259752,0.0201578714464,0.0881753454422,0.1016533119498,0.0891961761111,0.0479678340344,0.0890206839087,0.0457365442113,0,0.0854206285843,0.0186646759132,0.0850692574629,0.083225254398,0.0595979262422,0.0223543316926,0.0302685839796,0.0210516267179,0.0871018179159,0.0882349239542,0.1074151372724,0.0242311368874,0.0851573812063,0.0414349787016,0.1037343741828,0.0928686813542,0.0320108995313,0.0316896888198,0.0872680925522,0.0227865825396,0.084659141961,0.0409518828777,0.03079070452,0.0226267178639,0.0251075270694,0.0361407354325,0.024645641182,0.0170046878554,0.0987228003443
"1642.MS00429",0.0926021266225,0.0851387779505,0.0948124782226,0.0907827440926,0.02791496856,0.026569133367,0.0251564470308,0.0802167016407,0.0263415647873,0.0890818871425,0.0854206285843,0,0.0891605361001,0.0228367801888,0.0299485906405,0.084582679944,0.0963093725239,0.0803014173619,0.0841224334523,0.0284771714978,0.0242164535297,0.0259136647039,0.0960454193363,0.0221502289297,0.098155738948,0.0287047674865,0.0274682956936,0.0768384705539,0.0947216537017,0.0251492669713,0.0865249183626,0.0239111157204,0.0875976346083,0.0919677444913,0.0855488773621,0.1029341067982,0.084444045167,0.0996277514005,0.0910695569825,0.0343137515498
"2382.MU002.C3.HA.3.71.root.6.11.lane1.NoIndex.L001.sequences",0.0204728762585,0.0221881953157,0.0185669416282,0.0156846443584,0.0893079572879,0.1045888578799,0.0944070458778,0.0439308168332,0.0871477415455,0.0567184124308,0.0186646759132,0.0891605361001,0,0.0829848010275,0.0855675577512,0.0523476857189,0.0169776338531,0.0357635342781,0.0171611627053,0.088304507654,0.0900274725937,0.1088407339897,0.0171589542205,0.0870257544308,0.0307380189575,0.1038802467023,0.0942698963644,0.0353881743783,0.0251697481666,0.0857319653371,0.0233083920401,0.0852964172345,0.0449041329929,0.0259549605636,0.0225295110354,0.0181512692777,0.0437198429858,0.0167072504292,0.0164728463491,0.1016366280203
"1642.MS00398",0.0887667718069,0.0832653904912,0.0902005943876,0.0801671153392,0.0293750527125,0.0251758423782,0.0298711395945,0.0824192953168,0.0271755832967,0.1048303812973,0.0850692574629,0.0228367801888,0.0829848010275,0,0.0292825343653,0.0867032177741,0.0903191567531,0.0846167794801,0.0768426562875,0.0336860764022,0.0313234356822,0.026344711507,0.0855285370535,0.0222794725089,0.0859621690261,0.0280702686791,0.0294375511332,0.0802876760804,0.086375060525,0.0242911632516,0.0845834194444,0.0261132026753,0.0928032543033,0.0793037782419,0.0826009337624,0.0967827907149,0.1035158821605,0.0940297852244,0.0884491822185,0.0410936276844
"1642.MS00349",0.0938729282011,0.0823126117858,0.0960530107381,0.0833200794482,0.0414251783819,0.0372705149946,0.0425747661313,0.0842608553748,0.0379666054735,0.099270369394,0.083225254398,0.0299485906405,0.0855675577512,0.0292825343653,0,0.0846302784734,0.0941671593251,0.0840567120743,0.0797988324223,0.0399261607309,0.0385507513439,0.0392996943758,0.0947945023465,0.0250553826989,0.0894535579355,0.0425994735947,0.038609050916,0.0845692744164,0.0893984694966,0.0410256309886,0.0805510564136,0.029680221558,0.0891984052686,0.0832472386026,0.0831881782306,0.098455806683,0.0986988896057,0.1008937654519,0.0926270651648,0.0524818492316
"2382.RU006.C181.RH.2.782.rhizo.9.12.lane7.NoIndex.L007.sequences",0.0583378967811,0.0538297442505,0.060473386699,0.0480105458507,0.0866702870964,0.1102286255774,0.0883615073093,0.023753854127,0.0867937962071,0.0500321561499,0.0595979262422,0.084582679944,0.0523476857189,0.0867032177741,0.0846302784734,0,0.0630961541255,0.0427574122361,0.0519534297589,0.0862815370899,0.0875079047304,0.1123466320945,0.0560679402657,0.087294191402,0.0455996248691,0.1058706117077,0.0945318797586,0.0496820108812,0.0406281266602,0.0889039799304,0.0464443018371,0.0840623497177,0.0420023632119,0.0697431423807,0.0532004486605,0.0766405551193,0.0469621709011,0.0657871738427,0.0614957156009,0.1012219962388
"2382.SH007.C6.RH.1.703.root.9.12.lane7.NoIndex.L007.sequences",0.0125041301037,0.0216755110296,0.0143111689749,0.0201954835212,0.1019011097558,0.1185798784633,0.1045643954252,0.0537590215266,0.0987823906253,0.0680177353579,0.0223543316926,0.0963093725239,0.0169776338531,0.0903191567531,0.0941671593251,0.0630961541255,0,0.0409272920967,0.0205352631659,0.1015573830695,0.1017603435931,0.120003193279,0.0141709712239,0.0968952188538,0.0284063137152,0.117350066576,0.1087519434087,0.0332190583748,0.0204148965504,0.0956466484154,0.0218299417559,0.0975978802752,0.0574253252432,0.0195359217719,0.0191964987135,0.0151712515256,0.0474647600557,0.0169702932466,0.0154694321963,0.117618129464
"2382.SH007.C6.RH.5.522.rhizo.4.12.lane7.NoIndex.L007.sequences",0.0431678068387,0.0355536839475,0.039814386428,0.0315730136995,0.0821908117079,0.0981542066357,0.083786885943,0.0336789000848,0.0839860104801,0.0289901321926,0.0302685839796,0.0803014173619,0.0357635342781,0.0846167794801,0.0840567120743,0.0427574122361,0.0409272920967,0,0.0313483954661,0.0811573286418,0.0825270041837,0.1053241544816,0.0378428487405,0.0811466550359,0.0560884430564,0.1018875793374,0.0868129304243,0.0244016742795,0.0443001539734,0.0881441646623,0.0224407423572,0.0790131107801,0.0290095558191,0.0656833568326,0.0222266148247,0.0437416173256,0.0220714272351,0.0462947622577,0.0354855937531,0.0928512223936
"2382.MU002.C3.HA.5.79.root.6.11.lane1.NoIndex.L001.sequences",0.0237809530916,0.0258162882583,0.0229885853359,0.0163056676569,0.0857626292295,0.0997549231618,0.0890145491356,0.0449879410954,0.0834387392576,0.0478534478891,0.0210516267179,0.0841224334523,0.0171611627053,0.0768426562875,0.0797988324223,0.0519534297589,0.0205352631659,0.0313483954661,0,0.0842737943666,0.0850941192595,0.100535019298,0.0201000517377,0.0806264224391,0.0351533173436,0.0984331968877,0.0901437516189,0.0301424933874,0.0288565501637,0.0794240156805,0.022602768829,0.0814572118868,0.0399754344798,0.0273069069195,0.0220151490453,0.023069795318,0.0359239009067,0.0253241233465,0.0224023830671,0.0975495323001
"1642.MS00493",0.0983363512274,0.0865843366121,0.0966268625849,0.0818922392981,0.0208213768879,0.0271981064537,0.0215450520797,0.0790285233039,0.0218747095763,0.0884778520091,0.0871018179159,0.0284771714978,0.088304507654,0.0336860764022,0.0399261607309,0.0862815370899,0.1015573830695,0.0811573286418,0.0842737943666,0,0.0187467287605,0.0225207415884,0.0943750836774,0.02615040923,0.0934399667141,0.0222579657945,0.0221107652666,0.0812255039547,0.0901115697257,0.0239148668977,0.083595825638,0.021588866557,0.0848898160854,0.1096489237483,0.0885203212581,0.1071398184314,0.0850325923576,0.0998663258592,0.0956979723379,0.0286801379318
"1642.MS00532",0.0975810048666,0.0877098801537,0.0982444689053,0.0828713450279,0.0189674160111,0.0267712793234,0.0191325093118,0.0827656414128,0.0193618722504,0.0892276049029,0.0882349239542,0.0242164535297,0.0900274725937,0.0313234356822,0.0385507513439,0.0875079047304,0.1017603435931,0.0825270041837,0.0850941192595,0.0187467287605,0,0.0203665412471,0.0969540612048,0.0260306882457,0.0950879614488,0.0205244886195,0.0220151421413,0.0815642826725,0.0933466444099,0.0222272657788,0.0847817046634,0.0213593280122,0.084905417347,0.100076566954,0.0893084747298,0.1087024694884,0.0852270531445,0.1015594394496,0.094842480941,0.0297470556092
"1642.MS00489",0.1169145842555,0.1013644939626,0.1169167014078,0.1000674957829,0.0195706919103,0.0234045393269,0.0213569132552,0.0913352020748,0.0209167373138,0.1103239829532,0.1074151372724,0.0259136647039,0.1088407339897,0.026344711507,0.0392996943758,0.1123466320945,0.120003193279,0.1053241544816,0.100535019298,0.0225207415884,0.0203665412471,0,0.1140474895849,0.0239550320578,0.1109512509112,0.0178141979891,0.0223952351563,0.1022870766028,0.1128299435388,0.0194631733582,0.1059229539009,0.022426323816,0.1077985216514,0.1003135899537,0.1108063397864,0.1250676692675,0.1077908427585,0.1213341017987,0.1148759418152,0.0297599835082
"2382.SH007.C6.RH.4.318.root.9.11.lane1.NoIndex.L001.sequences",0.0192672558242,0.0221054308746,0.0196898611627,0.0192972521161,0.0959835863037,0.1107724289058,0.1035693617485,0.0447160137751,0.0931827473638,0.0647402210962,0.0242311368874,0.0960454193363,0.0171589542205,0.0855285370535,0.0947945023465,0.0560679402657,0.0141709712239,0.0378428487405,0.0201000517377,0.0943750836774,0.0969540612048,0.1140474895849,0,0.0927045644091,0.0280773341342,0.1086588253803,0.101868722146,0.0420035524588,0.0227205936907,0.089617392126,0.020084703726,0.0924353855398,0.052201124175,0.0213753201551,0.021774789243,0.0183318982021,0.0414585148032,0.0202789409666,0.0212099936376,0.1097826382235
"1642.MS00379",0.0956810728079,0.0836717242563,0.0962086264366,0.0808912467657,0.0262092275357,0.0229426196841,0.0273080014287,0.0807045447463,0.0276321119328,0.0859730791435,0.0851573812063,0.0221502289297,0.0870257544308,0.0222794725089,0.0250553826989,0.087294191402,0.0968952188538,0.0811466550359,0.0806264224391,0.02615040923,0.0260306882457,0.0239550320578,0.0927045644091,0,0.0893456922627,0.026322452934,0.0231850784315,0.0778649004187,0.0918383224504,0.0272340976076,0.0834331417335,0.0212375264701,0.0864978788943,0.0897596672795,0.0846300793814,0.1048985675464,0.0827912584175,0.1006584108497,0.0938994552859,0.0367795838605
"2382.RU006.C181.RH.5.598.root.4.12.lane7.NoIndex.L007.sequences",0.0340456179353,0.0305999740424,0.0300917661198,0.0297384661099,0.0957891148884,0.1108834881849,0.1052439425811,0.0401157802297,0.0908730551793,0.0789802135337,0.0414349787016,0.098155738948,0.0307380189575,0.0859621690261,0.0894535579355,0.0455996248691,0.0284063137152,0.0560884430564,0.0351533173436,0.0934399667141,0.0950879614488,0.1109512509112,0.0280773341342,0.0893456922627,0,0.1079318766477,0.1004473026843,0.0425310665198,0.0120097433409,0.0860025859674,0.0374689474516,0.0920241625316,0.0683241375492,0.0295635457169,0.0397004636781,0.0368078499392,0.0583639810311,0.0337330454167,0.0368292006031,0.1093446181441
"1642.MS00485",0.1148665404142,0.0998787404844,0.1121086901614,0.0953649309712,0.0196252036752,0.0252099298364,0.0205199854249,0.0981740607758,0.0202854071417,0.1068498472205,0.1037343741828,0.0287047674865,0.1038802467023,0.0280702686791,0.0425994735947,0.1058706117077,0.117350066576,0.1018875793374,0.0984331968877,0.0222579657945,0.0205244886195,0.0178141979891,0.1086588253803,0.026322452934,0.1079318766477,0,0.022037937048,0.1106517671037,0.1071447456516,0.0182282343749,0.101691645062,0.0252823296887,0.1049222928716,0.1181546903051,0.1057282585355,0.1231736315408,0.1036648143465,0.1162168866204,0.1102619869453,0.0313076732561
"1642.MS00442",0.1054971019717,0.093145554264,0.1047530420851,0.0862287246215,0.0214599691349,0.0230528793357,0.0222718806534,0.0883177628843,0.0240978616647,0.0920609845246,0.0928686813542,0.0274682956936,0.0942698963644,0.0294375511332,0.038609050916,0.0945318797586,0.1087519434087,0.0868129304243,0.0901437516189,0.0221107652666,0.0220151421413,0.0223952351563,0.101868722146,0.0231850784315,0.1004473026843,0.022037937048,0,0.086864900556,0.1002253677888,0.023624188959,0.0903175887657,0.0204334522814,0.0895951491963,0.1095922687561,0.0953819759341,0.1133831600598,0.0879781247458,0.108628019386,0.1022007794032,0.0293868047942
"2382.SH008.C6.HA.2.533.root.4.12.lane7.NoIndex.L007.sequences",0.033888047817,0.0338472272682,0.0408895305313,0.031164960761,0.0824132426433,0.0979182828796,0.0828877176,0.0415468448685,0.0831376316931,0.0542864297469,0.0320108995313,0.0768384705539,0.0353881743783,0.0802876760804,0.0845692744164,0.0496820108812,0.0332190583748,0.0244016742795,0.0301424933874,0.0812255039547,0.0815642826725,0.1022870766028,0.0420035524588,0.0778649004187,0.0425310665198,0.1106517671037,0.086864900556,0,0.0359507059598,0.0968387711694,0.0304566606843,0.0804724620565,0.0433764204282,0.0376908159338,0.0242540251836,0.0316892758863,0.0482525846739,0.0465413677367,0.0314146776196,0.1085208111724
"2382.RU006.C181.RH.3.588.root.4.12.lane7.NoIndex.L007.sequences",0.0272081044226,0.0262526636661,0.0206409365707,0.0253545881544,0.0940118552175,0.112099925164,0.0979657136967,0.0345690268357,0.0900591998354,0.0649003311461,0.0316896888198,0.0947216537017,0.0251697481666,0.086375060525,0.0893984694966,0.0406281266602,0.0204148965504,0.0443001539734,0.0288565501637,0.0901115697257,0.0933466444099,0.1128299435388,0.0227205936907,0.0918383224504,0.0120097433409,0.1071447456516,0.1002253677888,0.0359507059598,0,0.084082362481,0.0290713108395,0.0900894312936,0.0545787186507,0.025611473969,0.0302532353735,0.0254489322339,0.0481631851262,0.0255832864844,0.0257797358803,0.1069475628866
"1642.MS00520",0.0943277497096,0.0843632976367,0.0901725705412,0.0793731680854,0.0224433260048,0.0234783634996,0.0204106535569,0.0840553853492,0.0195352392338,0.1205621656264,0.0872680925522,0.0251492669713,0.0857319653371,0.0242911632516,0.0410256309886,0.0889039799304,0.0956466484154,0.0881441646623,0.0794240156805,0.0239148668977,0.0222272657788,0.0194631733582,0.089617392126,0.0272340976076,0.0860025859674,0.0182282343749,0.023624188959,0.0968387711694,0.084082362481,0,0.0853923363902,0.0245100985735,0.0944702189272,0.0958904307031,0.0887638523424,0.1001792458299,0.1211086828918,0.0965903350306,0.0902012580364,0.0319226401524
"2382.SH007.C6.RH.1.303.root.9.11.lane1.NoIndex.L001.sequences",0.024654847938,0.0245007972205,0.0259302863114,0.0214125853462,0.084878942315,0.1002115416921,0.08822388148,0.036617302369,0.0852228203113,0.0504630200197,0.0227865825396,0.0865249183626,0.0233083920401,0.0845834194444,0.0805510564136,0.0464443018371,0.0218299417559,0.0224407423572,0.022602768829,0.083595825638,0.0847817046634,0.1059229539009,0.020084703726,0.0834331417335,0.0374689474516,0.101691645062,0.0903175887657,0.0304566606843,0.0290713108395,0.0853923363902,0,0.0813871990085,0.0355703208909,0.0335814410044,0.0185178428479,0.0255346769371,0.0367952044274,0.0319139572131,0.0248195198442,0.0953075425175
"1642.MS00413",0.0949039006197,0.0863806592206,0.0951441843256,0.0786220940249,0.0204745430512,0.0244461072016,0.0225633656504,0.0782044052655,0.022911718556,0.0892224465061,0.084659141961,0.0239111157204,0.0852964172345,0.0261132026753,0.029680221558,0.0840623497177,0.0975978802752,0.0790131107801,0.0814572118868,0.021588866557,0.0213593280122,0.022426323816,0.0924353855398,0.0212375264701,0.0920241625316,0.0252823296887,0.0204334522814,0.0804724620565,0.0900894312936,0.0245100985735,0.0813871990085,0,0.081969015502,0.0996762778582,0.0869134493538,0.1063768524431,0.086256675118,0.0988187886944,0.0907378836746,0.0304333555746
"2382.MU002.C3.HA.5.697.rhizo.9.12.lane7.NoIndex.L007.sequences",0.0564452501635,0.047183322813,0.0518475221892,0.0379584072384,0.084148474338,0.1049096350063,0.0851721021899,0.0397227681739,0.0896131353544,0.0289057991208,0.0409518828777,0.0875976346083,0.0449041329929,0.0928032543033,0.0891984052686,0.0420023632119,0.0574253252432,0.0290095558191,0.0399754344798,0.0848898160854,0.084905417347,0.1077985216514,0.052201124175,0.0864978788943,0.0683241375492,0.1049222928716,0.0895951491963,0.0433764204282,0.0545787186507,0.0944702189272,0.0355703208909,0.081969015502,0,0.0686541746156,0.0403417899097,0.0604632475693,0.0310509104615,0.0575642003479,0.0478770630451,0.0933874362987
"2382.GM.181.R3.root.10.12.lane7.NoIndex.L007.sequences",0.0219040602114,0.0308394419471,0.0260382197283,0.0265249273013,0.0992943121495,0.1142795133943,0.1032242342644,0.0737709845449,0.0924838262093,0.0824029367781,0.03079070452,0.0919677444913,0.0259549605636,0.0793037782419,0.0832472386026,0.0697431423807,0.0195359217719,0.0656833568326,0.0273069069195,0.1096489237483,0.100076566954,0.1003135899537,0.0213753201551,0.0897596672795,0.0295635457169,0.1181546903051,0.1095922687561,0.0376908159338,0.025611473969,0.0958904307031,0.0335814410044,0.0996762778582,0.0686541746156,0,0.029733813238,0.0209501197571,0.0579643033204,0.0293792236105,0.0249548230152,0.1217581013507
"2382.SH007.C6.RH.4.518.root.4.12.lane7.NoIndex.L007.sequences",0.0214012348807,0.0236580958943,0.0246473482894,0.0232265937082,0.0891195272337,0.1043890412377,0.0927114428534,0.044149764947,0.0875849001481,0.0466882022332,0.0226267178639,0.0855488773621,0.0225295110354,0.0826009337624,0.0831881782306,0.0532004486605,0.0191964987135,0.0222266148247,0.0220151490453,0.0885203212581,0.0893084747298,0.1108063397864,0.021774789243,0.0846300793814,0.0397004636781,0.1057282585355,0.0953819759341,0.0242540251836,0.0302532353735,0.0887638523424,0.0185178428479,0.0869134493538,0.0403417899097,0.029733813238,0,0.0211104822251,0.0281835683762,0.027581492475,0.020462552409,0.1043967452962
"2382.SH007.C6.RH.1.503.root.4.12.lane7.NoIndex.L007.sequences",0.0201267201441,0.0230074892872,0.0134434413367,0.0206849926316,0.1087701999782,0.1229614452912,0.1099617334992,0.0609673011384,0.1057419644526,0.0685351683596,0.0251075270694,0.1029341067982,0.0181512692777,0.0967827907149,0.098455806683,0.0766405551193,0.0151712515256,0.0437416173256,0.023069795318,0.1071398184314,0.1087024694884,0.1250676692675,0.0183318982021,0.1048985675464,0.0368078499392,0.1231736315408,0.1133831600598,0.0316892758863,0.0254489322339,0.1001792458299,0.0255346769371,0.1063768524431,0.0604632475693,0.0209501197571,0.0211104822251,0,0.0456454197502,0.0174586330608,0.017718056182,0.1213382334331
"2382.SH008.C6.HA.4.742.rhizo.9.12.lane7.NoIndex.L007.sequences",0.046188396227,0.0450245471411,0.0428002867393,0.0325899797625,0.0853025517531,0.1005966964201,0.0904211515063,0.0403541145313,0.0992514700262,0.0274015326518,0.0361407354325,0.084444045167,0.0437198429858,0.1035158821605,0.0986988896057,0.0469621709011,0.0474647600557,0.0220714272351,0.0359239009067,0.0850325923576,0.0852270531445,0.1077908427585,0.0414585148032,0.0827912584175,0.0583639810311,0.1036648143465,0.0879781247458,0.0482525846739,0.0481631851262,0.1211086828918,0.0367952044274,0.086256675118,0.0310509104615,0.0579643033204,0.0281835683762,0.0456454197502,0,0.0484707190792,0.0368617013309,0.1001999280548
"2382.MU002.C3.HA.5.498.root.4.12.lane7.NoIndex.L007.sequences",0.0205935755069,0.0241108270606,0.0160615571539,0.0200680796992,0.1035683407941,0.1186862731747,0.1050689087624,0.0561513471169,0.0996951802503,0.0638093011505,0.024645641182,0.0996277514005,0.0167072504292,0.0940297852244,0.1008937654519,0.0657871738427,0.0169702932466,0.0462947622577,0.0253241233465,0.0998663258592,0.1015594394496,0.1213341017987,0.0202789409666,0.1006584108497,0.0337330454167,0.1162168866204,0.108628019386,0.0465413677367,0.0255832864844,0.0965903350306,0.0319139572131,0.0988187886944,0.0575642003479,0.0293792236105,0.027581492475,0.0174586330608,0.0484707190792,0,0.0168169232011,0.1157037063054
"2382.DPOO1.C1.HA.2.433.root.4.12.lane7.NoIndex.L007.sequences",0.0180513755288,0.0189520964789,0.0165170250724,0.0202322890526,0.0971834621569,0.1123355069652,0.0966859604399,0.0513915626922,0.0933123839907,0.0527790092948,0.0170046878554,0.0910695569825,0.0164728463491,0.0884491822185,0.0926270651648,0.0614957156009,0.0154694321963,0.0354855937531,0.0224023830671,0.0956979723379,0.094842480941,0.1148759418152,0.0212099936376,0.0938994552859,0.0368292006031,0.1102619869453,0.1022007794032,0.0314146776196,0.0257797358803,0.0902012580364,0.0248195198442,0.0907378836746,0.0478770630451,0.0249548230152,0.020462552409,0.017718056182,0.0368617013309,0.0168169232011,0,0.1074694585718
"1642.MS00553",0.1161798086144,0.0998933405487,0.1100601529456,0.0931317805793,0.0300983198945,0.0292356510156,0.030164374846,0.091640343982,0.0304258730658,0.1005690770219,0.0987228003443,0.0343137515498,0.1016366280203,0.0410936276844,0.0524818492316,0.1012219962388,0.117618129464,0.0928512223936,0.0975495323001,0.0286801379318,0.0297470556092,0.0297599835082,0.1097826382235,0.0367795838605,0.1093446181441,0.0313076732561,0.0293868047942,0.1085208111724,0.1069475628866,0.0319226401524,0.0953075425175,0.0304333555746,0.0933874362987,0.1217581013507,0.1043967452962,0.1213382334331,0.1001999280548,0.1157037063054,0.1074694585718,0
