"","2382.SH007.C6.RH.2.508.root.4.12.lane7.NoIndex.L007.sequences","1642.MS00578","1642.MS00426","1642.MS00421","2382.MU002.C3.HA.2.67.root.6.11.lane1.NoIndex.L001.sequences","1642.MS00516","2382.DPOO1.C1.HA.3.31.root.6.11.lane1.NoIndex.L001.sequences","1642.MS00520","1001.SKM7","2382.DPOO1.C1.HA.2.632.rhizo.9.12.lane7.NoIndex.L007.sequences","2382.SH008.C6.HA.2.533.root.4.12.lane7.NoIndex.L007.sequences","2382.SH004.C1.RH.3.612.rhizo.9.12.lane7.NoIndex.L007.sequences","1001.SKM9","2382.RU006.C181.RH.2.782.rhizo.9.12.lane7.NoIndex.L007.sequences","2382.SH004.C1.RH.1.402.rhizo.4.12.lane7.NoIndex.L007.sequences","1642.MS00571","2382.SH008.C6.HA.1.SH008.root.root.9.12.lane7.NoIndex.L007.sequences","1642.MS00371","1642.MS00538","1642.MS00498","1642.MS00494","1001.SKD8","1642.MS00588","1642.MS00463","2382.GM.181.R1.rhizo.10.12.lane7.NoIndex.L007.sequences","1642.MS00354","1642.MS00470","2382.HE003.C181.HA.2.127.root.6.11.lane1.NoIndex.L001.sequences","1642.MS00402","1642.MS00418","1642.MS00517","2382.DPOO1.C1.HA.5.248.root.9.11.lane1.NoIndex.L001.sequences","2382.HE003.C181.HA.3.762.rhizo.9.12.lane7.NoIndex.L007.sequences","2382.SH005.C3.RH.1.653.root.9.12.lane7.NoIndex.L007.sequences","2382.SH004.C1.RH.4.418.root.4.12.lane7.NoIndex.L007.sequences","2382.SH008.C6.HA.3.537.rhizo.4.12.lane7.NoIndex.L007.sequences","2382.MU002.C3.HA.5.698.root.9.12.lane7.NoIndex.L007.sequences","2382.HE003.C181.HA.3.131.r1.root.6.11.lane7.NoIndex.L007.sequences","1642.MS00486","1642.MS00491"
"2382.SH007.C6.RH.2.508.root.4.12.lane7.NoIndex.L007.sequences",0,0.1049175648645,0.0845357563441,0.085416969453,0.0181885129137,0.1018032706641,0.0180005200045,0.0925030611811,0.0789394104404,0.044982600377,0.0276261129879,0.0368963766605,0.0980577137388,0.0590064017224,0.0331632100982,0.09884388563,0.0170119099166,0.0891692535584,0.0940360292891,0.094464163829,0.0955976396663,0.0768834971829,0.1050104700957,0.0908625868183,0.0378326060406,0.0732759133783,0.0964983064368,0.0198594720372,0.0863906875288,0.0986430795174,0.0880884975114,0.0234975182682,0.0380384581791,0.0172901462139,0.0167878081312,0.0383997872117,0.0258540060346,0.0248473258568,0.1124962147599,0.094288103533
"1642.MS00578",0.1049175648645,0,0.0299845261286,0.0264732347785,0.1089016131254,0.0221507844096,0.1089993651358,0.0172705062747,0.1851378056261,0.1176209155654,0.1032074064431,0.1193262005879,0.1939576586884,0.1126585095121,0.1045046647473,0.0229497538601,0.1162422475082,0.0474257999739,0.0246643845795,0.0205409697129,0.0270932982363,0.1564364820469,0.0239064215258,0.0226636828764,0.093000771311,0.0422927803732,0.0238697409979,0.1014815809169,0.0273122758621,0.025353258646,0.0224368405396,0.0996721296157,0.1073019145773,0.1119623818554,0.125102874543,0.1073766424167,0.1108725503289,0.1309851701965,0.0230741700599,0.0359826615747
"1642.MS00426",0.0845357563441,0.0299845261286,0,0.020931040376,0.0880324434349,0.0262054795674,0.0895399079888,0.0296061908594,0.1547350121567,0.0834698197659,0.0775825889591,0.0819531523547,0.1608571970886,0.0849422064039,0.0785146252029,0.0263928415313,0.0966192164532,0.0281128146651,0.0250984105799,0.0247181408458,0.0294363737444,0.1442592393212,0.0326866946179,0.025819158679,0.0691227678325,0.0305366521775,0.0258199350743,0.0830227058723,0.0231728298354,0.0236530353792,0.0238900477221,0.081064211515,0.0806664089307,0.0897154125855,0.1066002019273,0.0817947957519,0.0943145924842,0.1102009172147,0.0251403965278,0.0302313634529
"1642.MS00421",0.085416969453,0.0264732347785,0.020931040376,0,0.0898274450245,0.0238285676514,0.0876445775371,0.0249806934312,0.1517110479891,0.0824407787141,0.0783971673914,0.0824077131751,0.1567868006492,0.0817696159688,0.0780565036782,0.0244223390674,0.0960585611027,0.0322192696455,0.0219884391531,0.0220684206172,0.023437042073,0.1427358555655,0.0309857581973,0.0246358554187,0.0671310718958,0.0312549611683,0.022840537437,0.0832087157998,0.0211462829055,0.021049001672,0.0208809594946,0.0814500334919,0.0800275659914,0.0902905456726,0.1027105613044,0.0804812627014,0.0906733386788,0.1121292630552,0.0215342737361,0.0268234719522
"2382.MU002.C3.HA.2.67.root.6.11.lane1.NoIndex.L001.sequences",0.0181885129137,0.1089016131254,0.0880324434349,0.0898274450245,0,0.1087937229689,0.018577079044,0.0911839762046,0.0909974324479,0.0600542587344,0.0306313802375,0.0538610174254,0.1052577843343,0.0608418732209,0.0389798965709,0.1047616130471,0.0156189097402,0.0918194273179,0.0999899767046,0.0984810515254,0.0974838881991,0.0700442880016,0.1052579063657,0.0978234484221,0.0425530981315,0.0716520504234,0.1018602659326,0.0229526924203,0.0940627587094,0.0995260431085,0.0928160525278,0.0222175350747,0.0410279960349,0.0162205344991,0.0187156862372,0.04097970004,0.0188367397084,0.0238139965295,0.1176890562435,0.1000890744609
"1642.MS00516",0.1018032706641,0.0221507844096,0.0262054795674,0.0238285676514,0.1087937229689,0,0.10677338199,0.0217984599811,0.1795656468757,0.0942555281042,0.0965345891973,0.0970138829664,0.18720845552,0.0989643532609,0.094070915324,0.0216461336359,0.1153629200277,0.0436667030665,0.02075035432,0.0219460950932,0.0222203011959,0.1658370737924,0.0285044437587,0.0238986072797,0.0800391219668,0.042104972164,0.0211982377948,0.0983647013534,0.0240496366514,0.0233125157255,0.0204637519935,0.0950343246835,0.0943693504662,0.1083950176534,0.1217425404605,0.0966418635707,0.1114125762879,0.1301049207542,0.0201553490501,0.0257510423336
"2382.DPOO1.C1.HA.3.31.root.6.11.lane1.NoIndex.L001.sequences",0.0180005200045,0.1089993651358,0.0895399079888,0.0876445775371,0.018577079044,0.10677338199,0,0.0934933224308,0.0946117907752,0.0528564027247,0.0315002615226,0.0484357732486,0.1088876608948,0.065224631661,0.0350053412681,0.1011578587125,0.0172288972408,0.0941630780513,0.0976048068608,0.0969620855953,0.0950280411401,0.0763783661345,0.1063268037001,0.0949293871028,0.0380946500267,0.0775811586561,0.1015793126522,0.0219087127123,0.092616748949,0.0994721763755,0.0894109568767,0.0173612904075,0.0380538869396,0.0182867327987,0.0173122627878,0.0410834333516,0.0284272779793,0.0263145523421,0.1153211800219,0.0987946690589
"1642.MS00520",0.0925030611811,0.0172705062747,0.0296061908594,0.0249806934312,0.0911839762046,0.0217984599811,0.0934933224308,0,0.1873135803718,0.1238748918369,0.0969957609436,0.1241551879503,0.199313545983,0.095867816587,0.0942781458816,0.020341925634,0.098695867462,0.0459585534443,0.0221637329615,0.019954323692,0.0261633957104,0.1360142445711,0.0235777808318,0.0229223400411,0.0817734717788,0.0370715288797,0.023600730659,0.088505580623,0.0267445894764,0.0234045325573,0.0201823211237,0.0837009121589,0.096207116136,0.0960350199848,0.1067293057418,0.0958519812004,0.0877580535809,0.1085789012664,0.020341467993,0.030608474465
"1001.SKM7",0.0789394104404,0.1851378056261,0.1547350121567,0.1517110479891,0.0909974324479,0.1795656468757,0.0946117907752,0.1873135803718,0,0.127079723284,0.0990716801241,0.1005135325983,0.0056114748715,0.1357093586548,0.0931622616039,0.1804153048733,0.0720931406389,0.1530197659073,0.1681550763708,0.1712322056593,0.1682244695111,0.0254011480084,0.1645709151407,0.1661276046315,0.1158016424227,0.1547906514973,0.1659886409229,0.104563100214,0.1618880796874,0.1688632714587,0.1678713586926,0.1065870884991,0.1120389391406,0.082344361555,0.0800845742668,0.1011313600768,0.0933267172639,0.0970064757852,0.1787994318685,0.1684310826778
"2382.DPOO1.C1.HA.2.632.rhizo.9.12.lane7.NoIndex.L007.sequences",0.044982600377,0.1176209155654,0.0834698197659,0.0824407787141,0.0600542587344,0.0942555281042,0.0528564027247,0.1238748918369,0.127079723284,0,0.0592021268316,0.0229767929113,0.1467649703063,0.0442922928699,0.0276521315566,0.1045611594938,0.0581451043229,0.1004095613971,0.086952990712,0.0963945065722,0.0818399214703,0.1413592005137,0.1013410415119,0.0895203830065,0.031903875334,0.1244951476341,0.0846819988035,0.050517612793,0.0815421193536,0.0913253909556,0.0898174101875,0.0510356671331,0.0324427863147,0.0562316652866,0.0506077074147,0.0275244299203,0.0819855601285,0.0754641761608,0.093421799969,0.0837220134288
"2382.SH008.C6.HA.2.533.root.4.12.lane7.NoIndex.L007.sequences",0.0276261129879,0.1032074064431,0.0775825889591,0.0783971673914,0.0306313802375,0.0965345891973,0.0315002615226,0.0969957609436,0.0990716801241,0.0592021268316,0,0.0481847064927,0.1072015732918,0.0518581654957,0.0243889900135,0.08761340519,0.0318108192836,0.0804172536714,0.0880549029907,0.0877131009789,0.0920956940687,0.0838283497267,0.0981565568622,0.0877573528884,0.0391417977155,0.0675438895482,0.08815565783,0.0289995107683,0.0839095440555,0.0905549615678,0.0821881909601,0.0321903353232,0.0354078094749,0.0352221651215,0.0452718751158,0.0263439356812,0.0402938637726,0.0604519996682,0.106965164101,0.0939239335436
"2382.SH004.C1.RH.3.612.rhizo.9.12.lane7.NoIndex.L007.sequences",0.0368963766605,0.1193262005879,0.0819531523547,0.0824077131751,0.0538610174254,0.0970138829664,0.0484357732486,0.1241551879503,0.1005135325983,0.0229767929113,0.0481847064927,0,0.1230124924299,0.0458627837798,0.0220306578622,0.1064407736584,0.0455552720854,0.0991735364213,0.0873784240272,0.0969942118493,0.0841460417845,0.1031651007918,0.1016661087338,0.0904477856086,0.0272643568738,0.1155733482534,0.0858240091303,0.0453527100073,0.0833713134539,0.091849116196,0.0898623676902,0.0489801009445,0.0321812529229,0.0488971145737,0.0400709805388,0.0244078547519,0.0755272364724,0.0647370294529,0.0925737376275,0.0849305427404
"1001.SKM9",0.0980577137388,0.1939576586884,0.1608571970886,0.1567868006492,0.1052577843343,0.18720845552,0.1088876608948,0.199313545983,0.0056114748715,0.1467649703063,0.1072015732918,0.1230124924299,0,0.1434193958458,0.1122311109761,0.1902382465835,0.0851919505342,0.1594921226752,0.1712666428731,0.1781687528043,0.1734607339179,0.0315295344286,0.1694122994805,0.1728498335082,0.1242701884164,0.1644470283806,0.1692347517806,0.1132000545629,0.1662216620572,0.1731997217447,0.17687286666,0.121460707513,0.1241011418257,0.1126003036603,0.099105559497,0.1206917428696,0.1026492321858,0.1119778107905,0.1832814797352,0.1748628547434
"2382.RU006.C181.RH.2.782.rhizo.9.12.lane7.NoIndex.L007.sequences",0.0590064017224,0.1126585095121,0.0849422064039,0.0817696159688,0.0608418732209,0.0989643532609,0.065224631661,0.095867816587,0.1357093586548,0.0442922928699,0.0518581654957,0.0458627837798,0.1434193958458,0,0.0490260260097,0.093342382045,0.0701512471815,0.0868713795631,0.0934725813467,0.095833547496,0.0895599734007,0.128684208981,0.1080458288121,0.096250296,0.0366788673855,0.0774070226354,0.0923818743241,0.0522092289828,0.0878910757709,0.1009697077188,0.0890696145323,0.0576100265763,0.0393093737472,0.0628886436448,0.0756955163473,0.0494797727332,0.0651626674815,0.0800918046055,0.1164689258761,0.0867774256121
"2382.SH004.C1.RH.1.402.rhizo.4.12.lane7.NoIndex.L007.sequences",0.0331632100982,0.1045046647473,0.0785146252029,0.0780565036782,0.0389798965709,0.094070915324,0.0350053412681,0.0942781458816,0.0931622616039,0.0276521315566,0.0243889900135,0.0220306578622,0.1122311109761,0.0490260260097,0,0.0902817928332,0.0427553628326,0.0853957633743,0.0887155833542,0.0894703214336,0.0863426137914,0.0969181281662,0.1035468974297,0.0876970118388,0.0337842917985,0.0798308536051,0.0900526472013,0.0364828146764,0.0842686094538,0.0964003058053,0.084130596721,0.0327990711485,0.0287483362268,0.0417619806299,0.0369553344272,0.0214586941725,0.0543521327094,0.05931115451,0.1098317431712,0.0870097017963
"1642.MS00571",0.09884388563,0.0229497538601,0.0263928415313,0.0244223390674,0.1047616130471,0.0216461336359,0.1011578587125,0.020341925634,0.1804153048733,0.1045611594938,0.08761340519,0.1064407736584,0.1902382465835,0.093342382045,0.0902817928332,0,0.1096434129428,0.0396191257492,0.0224712100673,0.0218715364874,0.0255839713392,0.1466367518923,0.0256058962365,0.0237330786006,0.0741787730283,0.0374090254629,0.022984430324,0.0995918253145,0.0248663681411,0.0238942060284,0.0214116280593,0.0909248356901,0.0887728102274,0.1041412681725,0.1132499683513,0.0926909823434,0.1060623573645,0.1359232033699,0.0213284903688,0.0274245762504
"2382.SH008.C6.HA.1.SH008.root.root.9.12.lane7.NoIndex.L007.sequences",0.0170119099166,0.1162422475082,0.0966192164532,0.0960585611027,0.0156189097402,0.1153629200277,0.0172288972408,0.098695867462,0.0720931406389,0.0581451043229,0.0318108192836,0.0455552720854,0.0851919505342,0.0701512471815,0.0427553628326,0.1096434129428,0,0.102326045896,0.1066216061498,0.1032647700132,0.1054512521658,0.0672890178973,0.1122939247085,0.1014807467967,0.0494527306043,0.0753421229501,0.1080479573862,0.0242171186716,0.1016795289958,0.1088515888339,0.0972272762629,0.0241249938681,0.0480771990564,0.0162854487658,0.0154932745824,0.0459983905015,0.0215304095396,0.0218902336747,0.1229237212968,0.1070114440155
"1642.MS00371",0.0891692535584,0.0474257999739,0.0281128146651,0.0322192696455,0.0918194273179,0.0436667030665,0.0941630780513,0.0459585534443,0.1530197659073,0.1004095613971,0.0804172536714,0.0991735364213,0.1594921226752,0.0868713795631,0.0853957633743,0.0396191257492,0.102326045896,0,0.039869420375,0.0420200684541,0.047052143984,0.1360362610008,0.0474090056116,0.0407871289308,0.0746573682559,0.0223298583608,0.044422390192,0.0915350663795,0.0353584568735,0.0332783153658,0.0380193883582,0.0868464146448,0.0865060350811,0.091113475456,0.1177271929056,0.0872603707817,0.0999964395279,0.1214008331235,0.0413511791098,0.044003753365
"1642.MS00538",0.0940360292891,0.0246643845795,0.0250984105799,0.0219884391531,0.0999899767046,0.02075035432,0.0976048068608,0.0221637329615,0.1681550763708,0.086952990712,0.0880549029907,0.0873784240272,0.1712666428731,0.0934725813467,0.0887155833542,0.0224712100673,0.1066216061498,0.039869420375,0,0.0211067829828,0.0229217961781,0.1600570470129,0.0286663242248,0.022045843095,0.0739017806933,0.0397873073662,0.020841625777,0.0891321810443,0.0218203076573,0.0228488846344,0.0205326695932,0.0872508662257,0.0896858124272,0.1012107533755,0.1131876284341,0.0907051667626,0.1024785499261,0.1201653839444,0.0207189439951,0.0248326198444
"1642.MS00498",0.094464163829,0.0205409697129,0.0247181408458,0.0220684206172,0.0984810515254,0.0219460950932,0.0969620855953,0.019954323692,0.1712322056593,0.0963945065722,0.0877131009789,0.0969942118493,0.1781687528043,0.095833547496,0.0894703214336,0.0218715364874,0.1032647700132,0.0420200684541,0.0211067829828,0,0.0234048160202,0.1478148217632,0.0251030100479,0.0196878213482,0.0769198361856,0.0384159955555,0.0221556411046,0.0908444383233,0.0225074655966,0.0215235901827,0.0206637757922,0.0884017216585,0.0917420806427,0.1016279296168,0.1126022121076,0.0926569246585,0.0963388897586,0.1202900220824,0.0191667704342,0.0273977308725
"1642.MS00494",0.0955976396663,0.0270932982363,0.0294363737444,0.023437042073,0.0974838881991,0.0222203011959,0.0950280411401,0.0261633957104,0.1682244695111,0.0818399214703,0.0920956940687,0.0841460417845,0.1734607339179,0.0895599734007,0.0863426137914,0.0255839713392,0.1054512521658,0.047052143984,0.0229217961781,0.0234048160202,0,0.1596456082266,0.0315145153693,0.0255316799408,0.0736163070694,0.0475292404429,0.0217054996115,0.0891175329915,0.0240264662206,0.0253416243766,0.0236911655474,0.0881605836103,0.0888983159909,0.1004522891481,0.1117140988339,0.088764774354,0.1024329389953,0.1220497468019,0.0223178093587,0.0254941120255
"1001.SKD8",0.0768834971829,0.1564364820469,0.1442592393212,0.1427358555655,0.0700442880016,0.1658370737924,0.0763783661345,0.1360142445711,0.0254011480084,0.1413592005137,0.0838283497267,0.1031651007918,0.0315295344286,0.128684208981,0.0969181281662,0.1466367518923,0.0672890178973,0.1360362610008,0.1600570470129,0.1478148217632,0.1596456082266,0,0.1557018891603,0.1527977638837,0.1077346679363,0.0961870241868,0.1574787008879,0.0879099300241,0.1536228748598,0.1567105814929,0.1438066300837,0.0832652479551,0.1131264495729,0.0752516036361,0.0877485721331,0.1069179298686,0.0628043004052,0.083728951125,0.1726443472988,0.1599187633439
"1642.MS00588",0.1050104700957,0.0239064215258,0.0326866946179,0.0309857581973,0.1052579063657,0.0285044437587,0.1063268037001,0.0235777808318,0.1645709151407,0.1013410415119,0.0981565568622,0.1016661087338,0.1694122994805,0.1080458288121,0.1035468974297,0.0256058962365,0.1122939247085,0.0474090056116,0.0286663242248,0.0251030100479,0.0315145153693,0.1557018891603,0,0.0267096525277,0.0901546703905,0.0453585837185,0.0279644029109,0.1009284372041,0.0319692673889,0.0287563804806,0.0262529506459,0.0982127195134,0.1053821039422,0.1117824412427,0.1302697664906,0.1013832995178,0.1004954101365,0.1337991355879,0.0273959342391,0.0362823884517
"1642.MS00463",0.0908625868183,0.0226636828764,0.025819158679,0.0246358554187,0.0978234484221,0.0238986072797,0.0949293871028,0.0229223400411,0.1661276046315,0.0895203830065,0.0877573528884,0.0904477856086,0.1728498335082,0.096250296,0.0876970118388,0.0237330786006,0.1014807467967,0.0407871289308,0.022045843095,0.0196878213482,0.0255316799408,0.1527977638837,0.0267096525277,0,0.0760325855126,0.0393094985048,0.0222971911118,0.0901608843106,0.0240134825522,0.0243700502923,0.0218609920464,0.087993384295,0.0895566060313,0.1003209650334,0.1123819113866,0.090244807305,0.0968532258378,0.1192266901168,0.0214182550539,0.027043539786
"2382.GM.181.R1.rhizo.10.12.lane7.NoIndex.L007.sequences",0.0378326060406,0.093000771311,0.0691227678325,0.0671310718958,0.0425530981315,0.0800391219668,0.0380946500267,0.0817734717788,0.1158016424227,0.031903875334,0.0391417977155,0.0272643568738,0.1242701884164,0.0366788673855,0.0337842917985,0.0741787730283,0.0494527306043,0.0746573682559,0.0739017806933,0.0769198361856,0.0736163070694,0.1077346679363,0.0901546703905,0.0760325855126,0,0.0674012048588,0.0729450035839,0.0350840254791,0.0688301535456,0.0815727100186,0.0679788002306,0.0378936216671,0.0325843160627,0.0428219034798,0.043783803433,0.0373836018243,0.0554053404232,0.0606931926869,0.0779505286086,0.0681743207247
"1642.MS00354",0.0732759133783,0.0422927803732,0.0305366521775,0.0312549611683,0.0716520504234,0.042104972164,0.0775811586561,0.0370715288797,0.1547906514973,0.1244951476341,0.0675438895482,0.1155733482534,0.1644470283806,0.0774070226354,0.0798308536051,0.0374090254629,0.0753421229501,0.0223298583608,0.0397873073662,0.0384159955555,0.0475292404429,0.0961870241868,0.0453585837185,0.0393094985048,0.0674012048588,0,0.0420993330095,0.0714150965683,0.0369694972656,0.0335690551082,0.0360094037618,0.068844640177,0.0784869148061,0.0745333875534,0.0957694099153,0.0810165599003,0.0697766069949,0.0839411795868,0.0386468143052,0.0454850800763
"1642.MS00470",0.0964983064368,0.0238697409979,0.0258199350743,0.022840537437,0.1018602659326,0.0211982377948,0.1015793126522,0.023600730659,0.1659886409229,0.0846819988035,0.08815565783,0.0858240091303,0.1692347517806,0.0923818743241,0.0900526472013,0.022984430324,0.1080479573862,0.044422390192,0.020841625777,0.0221556411046,0.0217054996115,0.1574787008879,0.0279644029109,0.0222971911118,0.0729450035839,0.0420993330095,0,0.0915776581954,0.0226661709562,0.0221393168749,0.0206392598369,0.0888338747988,0.0876648094683,0.1025668136121,0.1171615152984,0.0916975773291,0.1009631923873,0.1274497231418,0.0193756036052,0.0263158999742
"2382.HE003.C181.HA.2.127.root.6.11.lane1.NoIndex.L001.sequences",0.0198594720372,0.1014815809169,0.0830227058723,0.0832087157998,0.0229526924203,0.0983647013534,0.0219087127123,0.088505580623,0.104563100214,0.050517612793,0.0289995107683,0.0453527100073,0.1132000545629,0.0522092289828,0.0364828146764,0.0995918253145,0.0242171186716,0.0915350663795,0.0891321810443,0.0908444383233,0.0891175329915,0.0879099300241,0.1009284372041,0.0901608843106,0.0350840254791,0.0714150965683,0.0915776581954,0,0.083509509092,0.0933858591874,0.0846814298006,0.0250418690977,0.0320019431976,0.0257676277325,0.0253495259734,0.0404735086135,0.0292337018566,0.0293192228821,0.1105161297882,0.0892700849457
"1642.MS00402",0.0863906875288,0.0273122758621,0.0231728298354,0.0211462829055,0.0940627587094,0.0240496366514,0.092616748949,0.0267445894764,0.1618880796874,0.0815421193536,0.0839095440555,0.0833713134539,0.1662216620572,0.0878910757709,0.0842686094538,0.0248663681411,0.1016795289958,0.0353584568735,0.0218203076573,0.0225074655966,0.0240264662206,0.1536228748598,0.0319692673889,0.0240134825522,0.0688301535456,0.0369694972656,0.0226661709562,0.083509509092,0,0.0220454969715,0.0223152912386,0.0830909856367,0.0825211825671,0.0931846763354,0.1006689365566,0.0857094667179,0.1005892346299,0.1138829884571,0.0226755165799,0.0264379957246
"1642.MS00418",0.0986430795174,0.025353258646,0.0236530353792,0.021049001672,0.0995260431085,0.0233125157255,0.0994721763755,0.0234045325573,0.1688632714587,0.0913253909556,0.0905549615678,0.091849116196,0.1731997217447,0.1009697077188,0.0964003058053,0.0238942060284,0.1088515888339,0.0332783153658,0.0228488846344,0.0215235901827,0.0253416243766,0.1567105814929,0.0287563804806,0.0243700502923,0.0815727100186,0.0335690551082,0.0221393168749,0.0933858591874,0.0220454969715,0,0.0227396964128,0.0923940492714,0.0972750812625,0.105634117849,0.1190921733752,0.0958993212493,0.1018714672628,0.1237835077966,0.021947852763,0.0288326383707
"1642.MS00517",0.0880884975114,0.0224368405396,0.0238900477221,0.0208809594946,0.0928160525278,0.0204637519935,0.0894109568767,0.0201823211237,0.1678713586926,0.0898174101875,0.0821881909601,0.0898623676902,0.17687286666,0.0890696145323,0.084130596721,0.0214116280593,0.0972272762629,0.0380193883582,0.0205326695932,0.0206637757922,0.0236911655474,0.1438066300837,0.0262529506459,0.0218609920464,0.0679788002306,0.0360094037618,0.0206392598369,0.0846814298006,0.0223152912386,0.0227396964128,0,0.0819252388063,0.0835916217446,0.0943967875424,0.1049531377842,0.0858473731369,0.0935504701967,0.1137477746353,0.0200271128699,0.0269739302377
"2382.DPOO1.C1.HA.5.248.root.9.11.lane1.NoIndex.L001.sequences",0.0234975182682,0.0996721296157,0.081064211515,0.0814500334919,0.0222175350747,0.0950343246835,0.0173612904075,0.0837009121589,0.1065870884991,0.0510356671331,0.0321903353232,0.0489801009445,0.121460707513,0.0576100265763,0.0327990711485,0.0909248356901,0.0241249938681,0.0868464146448,0.0872508662257,0.0884017216585,0.0881605836103,0.0832652479551,0.0982127195134,0.087993384295,0.0378936216671,0.068844640177,0.0888338747988,0.0250418690977,0.0830909856367,0.0923940492714,0.0819252388063,0,0.0358369855631,0.0261633794943,0.0250095598837,0.0355967952331,0.0332951970941,0.0385459998595,0.109026440085,0.087733785026
"2382.HE003.C181.HA.3.762.rhizo.9.12.lane7.NoIndex.L007.sequences",0.0380384581791,0.1073019145773,0.0806664089307,0.0800275659914,0.0410279960349,0.0943693504662,0.0380538869396,0.096207116136,0.1120389391406,0.0324427863147,0.0354078094749,0.0321812529229,0.1241011418257,0.0393093737472,0.0287483362268,0.0887728102274,0.0480771990564,0.0865060350811,0.0896858124272,0.0917420806427,0.0888983159909,0.1131264495729,0.1053821039422,0.0895566060313,0.0325843160627,0.0784869148061,0.0876648094683,0.0320019431976,0.0825211825671,0.0972750812625,0.0835916217446,0.0358369855631,0,0.0442167118562,0.0465218351834,0.0335013063246,0.0514705901774,0.0582249105685,0.0920147873069,0.0848336933972
"2382.SH005.C3.RH.1.653.root.9.12.lane7.NoIndex.L007.sequences",0.0172901462139,0.1119623818554,0.0897154125855,0.0902905456726,0.0162205344991,0.1083950176534,0.0182867327987,0.0960350199848,0.082344361555,0.0562316652866,0.0352221651215,0.0488971145737,0.1126003036603,0.0628886436448,0.0417619806299,0.1041412681725,0.0162854487658,0.091113475456,0.1012107533755,0.1016279296168,0.1004522891481,0.0752516036361,0.1117824412427,0.1003209650334,0.0428219034798,0.0745333875534,0.1025668136121,0.0257676277325,0.0931846763354,0.105634117849,0.0943967875424,0.0261633794943,0.0442167118562,0,0.0142574417157,0.0466730718036,0.0240098203332,0.0217288742938,0.1188786618232,0.0997776129604
"2382.SH004.C1.RH.4.418.root.4.12.lane7.NoIndex.L007.sequences",0.0167878081312,0.125102874543,0.1066002019273,0.1027105613044,0.0187156862372,0.1217425404605,0.0173122627878,0.1067293057418,0.0800845742668,0.0506077074147,0.0452718751158,0.0400709805388,0.099105559497,0.0756955163473,0.0369553344272,0.1132499683513,0.0154932745824,0.1177271929056,0.1131876284341,0.1126022121076,0.1117140988339,0.0877485721331,0.1302697664906,0.1123819113866,0.043783803433,0.0957694099153,0.1171615152984,0.0253495259734,0.1006689365566,0.1190921733752,0.1049531377842,0.0250095598837,0.0465218351834,0.0142574417157,0,0.0424531782237,0.0244791525881,0.0187310960659,0.1303767948777,0.1110464356854
"2382.SH008.C6.HA.3.537.rhizo.4.12.lane7.NoIndex.L007.sequences",0.0383997872117,0.1073766424167,0.0817947957519,0.0804812627014,0.04097970004,0.0966418635707,0.0410834333516,0.0958519812004,0.1011313600768,0.0275244299203,0.0263439356812,0.0244078547519,0.1206917428696,0.0494797727332,0.0214586941725,0.0926909823434,0.0459983905015,0.0872603707817,0.0907051667626,0.0926569246585,0.088764774354,0.1069179298686,0.1013832995178,0.090244807305,0.0373836018243,0.0810165599003,0.0916975773291,0.0404735086135,0.0857094667179,0.0958993212493,0.0858473731369,0.0355967952331,0.0335013063246,0.0466730718036,0.0424531782237,0,0.0589833861711,0.0676245660761,0.1104268764378,0.0877883920836
"2382.MU002.C3.HA.5.698.root.9.12.lane7.NoIndex.L007.sequences",0.0258540060346,0.1108725503289,0.0943145924842,0.0906733386788,0.0188367397084,0.1114125762879,0.0284272779793,0.0877580535809,0.0933267172639,0.0819855601285,0.0402938637726,0.0755272364724,0.1026492321858,0.0651626674815,0.0543521327094,0.1060623573645,0.0215304095396,0.0999964395279,0.1024785499261,0.0963388897586,0.1024329389953,0.0628043004052,0.1004954101365,0.0968532258378,0.0554053404232,0.0697766069949,0.1009631923873,0.0292337018566,0.1005892346299,0.1018714672628,0.0935504701967,0.0332951970941,0.0514705901774,0.0240098203332,0.0244791525881,0.0589833861711,0,0.0274839029703,0.1154198372683,0.1051717041337
"2382.HE003.C181.HA.3.131.r1.root.6.11.lane7.NoIndex.L007.sequences",0.0248473258568,0.1309851701965,0.1102009172147,0.1121292630552,0.0238139965295,0.1301049207542,0.0263145523421,0.1085789012664,0.0970064757852,0.0754641761608,0.0604519996682,0.0647370294529,0.1119778107905,0.0800918046055,0.05931115451,0.1359232033699,0.0218902336747,0.1214008331235,0.1201653839444,0.1202900220824,0.1220497468019,0.083728951125,0.1337991355879,0.1192266901168,0.0606931926869,0.0839411795868,0.1274497231418,0.0293192228821,0.1138829884571,0.1237835077966,0.1137477746353,0.0385459998595,0.0582249105685,0.0217288742938,0.0187310960659,0.0676245660761,0.0274839029703,0,0.1482038960498,0.1184035580872
"1642.MS00486",0.1124962147599,0.0230741700599,0.0251403965278,0.0215342737361,0.1176890562435,0.0201553490501,0.1153211800219,0.020341467993,0.1787994318685,0.093421799969,0.106965164101,0.0925737376275,0.1832814797352,0.1164689258761,0.1098317431712,0.0213284903688,0.1229237212968,0.0413511791098,0.0207189439951,0.0191667704342,0.0223178093587,0.1726443472988,0.0273959342391,0.0214182550539,0.0779505286086,0.0386468143052,0.0193756036052,0.1105161297882,0.0226755165799,0.021947852763,0.0200271128699,0.109026440085,0.0920147873069,0.1188786618232,0.1303767948777,0.1104268764378,0.1154198372683,0.1482038960498,0,0.0264269091919
"1642.MS00491",0.094288103533,0.0359826615747,0.0302313634529,0.0268234719522,0.1000890744609,0.0257510423336,0.0987946690589,0.030608474465,0.1684310826778,0.0837220134288,0.0939239335436,0.0849305427404,0.1748628547434,0.0867774256121,0.0870097017963,0.0274245762504,0.1070114440155,0.044003753365,0.0248326198444,0.0273977308725,0.0254941120255,0.1599187633439,0.0362823884517,0.027043539786,0.0681743207247,0.0454850800763,0.0263158999742,0.0892700849457,0.0264379957246,0.0288326383707,0.0269739302377,0.087733785026,0.0848336933972,0.0997776129604,0.1110464356854,0.0877883920836,0.1051717041337,0.1184035580872,0.0264269091919,0
