"","1642.MS00516","1642.MS00354","1642.MS00517","2382.SH005.C3.RH.1.653.root.9.12.lane7.NoIndex.L007.sequences","2382.MU002.C3.HA.5.698.root.9.12.lane7.NoIndex.L007.sequences","2382.SH004.C1.RH.1.402.rhizo.4.12.lane7.NoIndex.L007.sequences","1642.MS00402","1001.SKD8","1642.MS00538","2382.SH008.C6.HA.2.533.root.4.12.lane7.NoIndex.L007.sequences","1642.MS00371","1642.MS00421","1642.MS00486","2382.SH008.C6.HA.1.SH008.root.root.9.12.lane7.NoIndex.L007.sequences","2382.SH004.C1.RH.4.418.root.4.12.lane7.NoIndex.L007.sequences","1642.MS00470","1642.MS00426","2382.GM.181.R1.rhizo.10.12.lane7.NoIndex.L007.sequences","2382.SH008.C6.HA.3.537.rhizo.4.12.lane7.NoIndex.L007.sequences","2382.SH007.C6.RH.2.508.root.4.12.lane7.NoIndex.L007.sequences","1001.SKM9","1642.MS00491","1642.MS00494","1642.MS00418","1642.MS00520","2382.HE003.C181.HA.3.762.rhizo.9.12.lane7.NoIndex.L007.sequences","1642.MS00571","2382.DPOO1.C1.HA.3.31.root.6.11.lane1.NoIndex.L001.sequences","1642.MS00463","2382.HE003.C181.HA.2.127.root.6.11.lane1.NoIndex.L001.sequences","2382.HE003.C181.HA.3.131.r1.root.6.11.lane7.NoIndex.L007.sequences","1001.SKM7","1642.MS00578","2382.DPOO1.C1.HA.2.632.rhizo.9.12.lane7.NoIndex.L007.sequences","1642.MS00588","2382.MU002.C3.HA.2.67.root.6.11.lane1.NoIndex.L001.sequences","2382.DPOO1.C1.HA.5.248.root.9.11.lane1.NoIndex.L001.sequences","2382.RU006.C181.RH.2.782.rhizo.9.12.lane7.NoIndex.L007.sequences","1642.MS00498","2382.SH004.C1.RH.3.612.rhizo.9.12.lane7.NoIndex.L007.sequences"
"1642.MS00516",0,0.774,-0.984,1,1,1,-0.789,1,-0.992,1,0.954,-0.88,-0.812,1,1,-0.824,-0.522,1,1,1,1,-0.51,-0.704,-0.752,-0.633,1,-0.836,1,-0.838,1,1,1,-0.515,1,-0.0600000000000001,1,1,1,-0.974,1
"1642.MS00354",0.774,0,-0.043,1,1,1,0.929,1,0.922,1,-0.944,-0.073,0.946,1,1,0.978,-0.0679999999999999,1,1,1,1,0.996,1,0.669,-0.988,1,-0.779,1,0.873,1,1,1,0.107,1,0.971,1,1,1,0.281,1
"1642.MS00517",-0.984,-0.043,0,1,1,1,-0.738,1,-0.944,1,0.898,-0.915,-0.769,1,1,-0.844,-0.636,1,1,1,1,-0.391,-0.397,-0.45,-0.747,1,-0.982,1,-0.88,1,1,1,-0.604,1,0.119,1,1,1,-0.98,1
"2382.SH005.C3.RH.1.653.root.9.12.lane7.NoIndex.L007.sequences",1,1,1,0,-0.81,0.966,1,0.969,1,0.988,1,1,1,-0.998,-0.986,1,1,0.984,0.984,-1,0.995,1,1,1,1,0.982,1,-0.98,1,-0.935,-0.978,0.998,1,0.996,1,-0.996,-0.962,1,1,0.857
"2382.MU002.C3.HA.5.698.root.9.12.lane7.NoIndex.L007.sequences",1,1,1,-0.81,0,0.996,1,0.888,1,0.984,1,1,1,-0.966,-0.261,1,1,1,1,-0.86,0.655,1,1,1,1,0.998,1,-0.934,1,-0.97,-0.874,0.905,1,0.998,1,-1,-0.884,1,1,0.998
"2382.SH004.C1.RH.1.402.rhizo.4.12.lane7.NoIndex.L007.sequences",1,1,1,0.966,0.996,0,1,0.997,1,0.724,1,1,1,0.92,0.792,1,1,0.898,-0.98,0.958,0.998,1,1,1,1,0.505,1,0.924,1,0.968,0.986,1,1,-0.001,1,0.994,0.99,1,1,-0.972
"1642.MS00402",-0.789,0.929,-0.738,1,1,1,0,1,-0.947,1,0.93,-0.996,-0.598,1,1,-0.911,-0.888,1,1,1,1,-0.334,-0.904,-0.94,0.694,1,-0.00600000000000001,1,-0.551,1,1,1,0.794,1,0.694,1,1,1,-0.663,1
"1001.SKD8",1,1,1,0.969,0.888,0.997,1,0,1,0.954,1,1,1,0.743,0.996,1,1,1,1,0.963,-0.945,1,1,1,1,1,1,0.99,1,0.975,0.79,-0.966,1,1,1,0.951,0.998,1,1,1
"1642.MS00538",-0.992,0.922,-0.944,1,1,1,-0.947,1,0,1,1,-0.861,-0.81,1,1,-0.976,-0.812,1,1,1,1,-0.832,-0.862,-0.866,-0.346,1,-0.609,1,-0.968,1,1,1,-0.292,1,-0.166,1,1,1,-0.948,1
"2382.SH008.C6.HA.2.533.root.4.12.lane7.NoIndex.L007.sequences",1,1,1,0.988,0.984,0.724,1,0.954,1,0,1,1,1,0.783,0.978,1,1,1,0.644,0.975,0.994,1,1,1,1,1,1,0.986,1,0.976,0.934,1,1,1,1,0.986,0.996,1,1,0.966
"1642.MS00371",0.954,-0.944,0.898,1,1,1,0.93,1,1,1,0,0.288,0.998,1,1,1,0.0069999999999999,1,1,1,1,0.996,1,0.847,0.998,1,0.975,1,0.99,1,1,1,1,1,1,1,1,1,0.898,1
"1642.MS00421",-0.88,-0.073,-0.915,1,1,1,-0.996,1,-0.861,1,0.288,0,-0.684,1,1,-0.839,-0.996,1,1,1,1,-0.301,-0.516,-0.866,0.075,1,-0.295,1,-0.658,1,1,1,0.318,1,0.629,1,1,1,-0.883,1
"1642.MS00486",-0.812,0.946,-0.769,1,1,1,-0.598,1,-0.81,1,0.998,-0.684,0,1,1,-0.796,-0.255,1,1,1,1,-0.232,-0.329,-0.596,-0.112,1,-0.231,1,-0.69,1,1,1,0.266,1,0.177,1,1,1,-0.758,1
"2382.SH008.C6.HA.1.SH008.root.root.9.12.lane7.NoIndex.L007.sequences",1,1,1,-0.998,-0.966,0.92,1,0.743,1,0.783,1,1,1,0,-0.962,1,1,1,0.932,-0.998,0.799,1,1,1,1,1,1,-0.994,1,-0.956,-0.988,0.924,1,0.998,1,-1,-0.989,1,1,0.914
"2382.SH004.C1.RH.4.418.root.4.12.lane7.NoIndex.L007.sequences",1,1,1,-0.986,-0.261,0.792,1,0.996,1,0.978,1,1,1,-0.962,0,1,1,0.994,0.945,-0.994,0.998,1,1,1,1,1,1,-1,1,-0.8,-0.966,0.998,1,0.99,1,-0.94,-0.857,1,1,0.725
"1642.MS00470",-0.824,0.978,-0.844,1,1,1,-0.911,1,-0.976,1,1,-0.839,-0.796,1,1,0,-0.658,1,1,1,1,-0.423,-0.909,-0.704,0.347,1,-0.02,1,-0.897,1,1,1,0.151,1,0.121,1,1,1,-0.799,1
"1642.MS00426",-0.522,-0.0679999999999999,-0.636,1,1,1,-0.888,1,-0.812,1,0.0069999999999999,-0.996,-0.255,1,1,-0.658,0,1,1,1,1,-0.133,-0.197,-0.658,0.683,1,0.093,1,-0.448,1,1,1,0.847,1,0.725,1,1,1,-0.542,1
"2382.GM.181.R1.rhizo.10.12.lane7.NoIndex.L007.sequences",1,1,1,0.984,1,0.898,1,1,1,1,1,1,1,1,0.994,1,1,0,0.96,0.998,1,1,1,1,1,0.454,1,0.998,1,0.958,0.988,1,1,-0.167,1,1,1,0.984,1,0
"2382.SH008.C6.HA.3.537.rhizo.4.12.lane7.NoIndex.L007.sequences",1,1,1,0.984,1,-0.98,1,1,1,0.644,1,1,1,0.932,0.945,1,1,0.96,0,0.967,1,1,1,1,1,0.706,1,0.998,1,0.978,0.992,1,1,-0.252,1,0.992,0.998,1,1,-0.884
"2382.SH007.C6.RH.2.508.root.4.12.lane7.NoIndex.L007.sequences",1,1,1,-1,-0.86,0.958,1,0.963,1,0.975,1,1,1,-0.998,-0.994,1,1,0.998,0.967,0,0.998,1,1,1,1,0.992,1,-0.907,1,-0.938,-0.986,0.998,1,1,1,-0.984,-0.873,1,1,0.925
"1001.SKM9",1,1,1,0.995,0.655,0.998,1,-0.945,1,0.994,1,1,1,0.799,0.998,1,1,1,1,0.998,0,1,1,1,1,1,1,0.996,1,1,0.99,-1,1,1,1,0.998,0.998,1,1,1
"1642.MS00491",-0.51,0.996,-0.391,1,1,1,-0.334,1,-0.832,1,0.996,-0.301,-0.232,1,1,-0.423,-0.133,1,1,1,1,0,-0.457,0.0629999999999999,0.957,1,0.131,1,-0.038,1,1,1,0.992,1,0.886,1,1,1,0.048,1
"1642.MS00494",-0.704,1,-0.397,1,1,1,-0.904,1,-0.862,1,1,-0.516,-0.329,1,1,-0.909,-0.197,1,1,1,1,-0.457,0,-0.718,0.702,1,0.535,1,-0.376,1,1,1,0.627,1,0.581,1,1,1,-0.405,1
"1642.MS00418",-0.752,0.669,-0.45,1,1,1,-0.94,1,-0.866,1,0.847,-0.866,-0.596,1,1,-0.704,-0.658,1,1,1,1,0.0629999999999999,-0.718,0,0.218,1,0.181,1,-0.476,1,1,1,0.531,1,0.179,1,1,1,-0.766,1
"1642.MS00520",-0.633,-0.988,-0.747,1,1,1,0.694,1,-0.346,1,0.998,0.075,-0.112,1,1,0.347,0.683,1,1,1,1,0.957,0.702,0.218,0,1,-1,1,-0.308,1,1,1,-0.994,1,-0.41,1,1,1,-0.874,1
"2382.HE003.C181.HA.3.762.rhizo.9.12.lane7.NoIndex.L007.sequences",1,1,1,0.982,0.998,0.505,1,1,1,1,1,1,1,1,1,1,1,0.454,0.706,0.992,1,1,1,1,1,0,1,0.998,1,0.641,0.962,1,1,-0.106,1,1,1,0.999,1,0.548
"1642.MS00571",-0.836,-0.779,-0.982,1,1,1,-0.00600000000000001,1,-0.609,1,0.975,-0.295,-0.231,1,1,-0.02,0.093,1,1,1,1,0.131,0.535,0.181,-1,1,0,1,-0.329,1,1,1,-0.864,1,0.0980000000000001,1,1,1,-0.793,1
"2382.DPOO1.C1.HA.3.31.root.6.11.lane1.NoIndex.L001.sequences",1,1,1,-0.98,-0.934,0.924,1,0.99,1,0.986,1,1,1,-0.994,-1,1,1,0.998,0.998,-0.907,0.996,1,1,1,1,0.998,1,0,1,-0.954,-0.988,1,1,0.98,1,-1,-0.998,1,1,0.93
"1642.MS00463",-0.838,0.873,-0.88,1,1,1,-0.551,1,-0.968,1,0.99,-0.658,-0.69,1,1,-0.897,-0.448,1,1,1,1,-0.038,-0.376,-0.476,-0.308,1,-0.329,1,0,1,1,1,-0.488,1,-0.313,1,1,1,-0.985,1
"2382.HE003.C181.HA.2.127.root.6.11.lane1.NoIndex.L001.sequences",1,1,1,-0.935,-0.97,0.968,1,0.975,1,0.976,1,1,1,-0.956,-0.8,1,1,0.958,0.978,-0.938,1,1,1,1,1,0.641,1,-0.954,1,0,-0.998,1,1,0.978,1,-0.974,-0.894,0.998,1,0.952
"2382.HE003.C181.HA.3.131.r1.root.6.11.lane7.NoIndex.L007.sequences",1,1,1,-0.978,-0.874,0.986,1,0.79,1,0.934,1,1,1,-0.988,-0.966,1,1,0.988,0.992,-0.986,0.99,1,1,1,1,0.962,1,-0.988,1,-0.998,0,0.996,1,0.996,1,-0.982,-0.874,0.998,1,0.992
"1001.SKM7",1,1,1,0.998,0.905,1,1,-0.966,1,1,1,1,1,0.924,0.998,1,1,1,1,0.998,-1,1,1,1,1,1,1,1,1,1,0.996,0,1,1,1,0.998,1,1,1,1
"1642.MS00578",-0.515,0.107,-0.604,1,1,1,0.794,1,-0.292,1,1,0.318,0.266,1,1,0.151,0.847,1,1,1,1,0.992,0.627,0.531,-0.994,1,-0.864,1,-0.488,1,1,1,0,1,-0.637,1,1,1,-0.898,1
"2382.DPOO1.C1.HA.2.632.rhizo.9.12.lane7.NoIndex.L007.sequences",1,1,1,0.996,0.998,-0.001,1,1,1,1,1,1,1,0.998,0.99,1,1,-0.167,-0.252,1,1,1,1,1,1,-0.106,1,0.98,1,0.978,0.996,1,1,0,1,1,0.964,1,1,-0.958
"1642.MS00588",-0.0600000000000001,0.971,0.119,1,1,1,0.694,1,-0.166,1,1,0.629,0.177,1,1,0.121,0.725,1,1,1,1,0.886,0.581,0.179,-0.41,1,0.0980000000000001,1,-0.313,1,1,1,-0.637,1,0,1,1,1,-0.402,1
"2382.MU002.C3.HA.2.67.root.6.11.lane1.NoIndex.L001.sequences",1,1,1,-0.996,-1,0.994,1,0.951,1,0.986,1,1,1,-1,-0.94,1,1,1,0.992,-0.984,0.998,1,1,1,1,1,1,-1,1,-0.974,-0.982,0.998,1,1,1,0,-0.994,1,1,0.994
"2382.DPOO1.C1.HA.5.248.root.9.11.lane1.NoIndex.L001.sequences",1,1,1,-0.962,-0.884,0.99,1,0.998,1,0.996,1,1,1,-0.989,-0.857,1,1,1,0.998,-0.873,0.998,1,1,1,1,1,1,-0.998,1,-0.894,-0.874,1,1,0.964,1,-0.994,0,1,1,0.967
"2382.RU006.C181.RH.2.782.rhizo.9.12.lane7.NoIndex.L007.sequences",1,1,1,1,1,1,1,1,1,1,1,1,1,1,1,1,1,0.984,1,1,1,1,1,1,1,0.999,1,1,1,0.998,0.998,1,1,1,1,1,1,0,1,1
"1642.MS00498",-0.974,0.281,-0.98,1,1,1,-0.663,1,-0.948,1,0.898,-0.883,-0.758,1,1,-0.799,-0.542,1,1,1,1,0.048,-0.405,-0.766,-0.874,1,-0.793,1,-0.985,1,1,1,-0.898,1,-0.402,1,1,1,0,1
"2382.SH004.C1.RH.3.612.rhizo.9.12.lane7.NoIndex.L007.sequences",1,1,1,0.857,0.998,-0.972,1,1,1,0.966,1,1,1,0.914,0.725,1,1,0,-0.884,0.925,1,1,1,1,1,0.548,1,0.93,1,0.952,0.992,1,1,-0.958,1,0.994,0.967,1,1,0
