"","1642.MS00406","2382.SH008.C6.HA.5.547.rhizo.4.12.lane7.NoIndex.L007.sequences","1642.MS00547","2382.MU002.C3.HA.5.698.root.9.12.lane7.NoIndex.L007.sequences","1642.MS00357","1642.MS00388","2382.SH008.C6.HA.3.737.rhizo.9.12.lane7.NoIndex.L007.sequences","2382.SH004.C1.RH.1.402.rhizo.4.12.lane7.NoIndex.L007.sequences","1642.MS00624","2382.MU002.C3.HA.1.278.root.9.11.lane1.NoIndex.L001.sequences","2382.DPOO1.C1.HA.4.442.rhizo.4.12.r1.lane7.NoIndex.L007.sequences","1642.MS00452","2382.MU002.C3.HA.2.682.rhizo.9.12.lane7.NoIndex.L007.sequences","1642.MS00512","1642.MS00453","1642.MS00473","1642.MS00605","1642.MS00386","1642.MS00590","1642.MS00603","2382.SH005.C3.RH.5.273.root.9.11.lane1.NoIndex.L001.sequences","1642.MS00639","2382.SH005.C3.RH.3.662.rhizo.9.12.lane7.NoIndex.L007.sequences","2382.DPOO1.C1.HA.1.628.root.9.12.lane7.NoIndex.L007.sequences","1642.MS00610","1642.MS00418","1642.MS00461","2382.MU002.C3.HA.4.492.rhizo.4.12.lane7.NoIndex.L007.sequences","1642.MS00495","1642.MS00462","1642.MS00431","2382.DPOO1.C1.HA.1.427.rhizo.4.12.lane7.NoIndex.L007.sequences","2382.HE003.C181.HA.1.752.rhizo.9.12.lane7.NoIndex.L007.sequences","1642.MS00469","2382.SH004.C1.RH.2.608.root.9.12.lane7.NoIndex.L007.sequences","1642.MS00503","2382.RU006.C181.RH.1.577.rhizo.4.12.lane7.NoIndex.L007.sequences","1642.MS00413","1642.MS00439","2382.DPOO1.C1.HA.5.248.root.9.11.lane1.NoIndex.L001.sequences"
"1642.MS00406",0,1,-0.767,1,-0.348,0.521,1,1,-0.027,1,1,-0.53,1,-1,-0.396,-0.727,0.184,-0.988,-0.726,0.23,1,0.433,1,1,-0.115,-0.733,-0.924,1,-0.886,-0.793,-0.992,1,1,-0.794,1,-0.998,1,-0.713,-0.276,1
"2382.SH008.C6.HA.5.547.rhizo.4.12.lane7.NoIndex.L007.sequences",1,0,1,1,1,1,-1,-0.525,1,1,-0.583,1,0.445,1,1,1,1,1,1,1,0.998,1,-0.968,0.974,1,1,1,-0.248,1,1,1,-0.998,-0.886,1,0.99,1,0.028,1,1,1
"1642.MS00547",-0.767,1,0,1,0.764,0.982,1,1,-0.939,1,1,-0.969,1,-0.782,-0.937,-1,-0.747,0.19,-0.775,-0.866,1,-0.742,1,1,-0.972,-0.698,-0.613,1,-0.945,-0.978,-0.629,1,1,-0.763,1,-0.78,1,-0.746,-0.312,1
"2382.MU002.C3.HA.5.698.root.9.12.lane7.NoIndex.L007.sequences",1,1,1,0,1,1,0.994,0.998,1,-0.992,1,1,1,1,1,1,1,1,1,1,-1,1,0.998,-0.526,1,1,1,1,1,1,1,1,1,1,-0.111,1,1,1,1,-0.934
"1642.MS00357",-0.348,1,0.764,1,0,-0.424,1,1,0.958,1,1,0.275,1,0.59,0.702,0.69,0.94,-0.617,0.936,0.983,1,0.99,1,1,0.936,-0.617,0.612,1,0.617,0.538,-0.444,1,1,0.611,1,0.612,1,-0.246,0.0840000000000001,1
"1642.MS00388",0.521,1,0.982,1,-0.424,0,1,1,1,1,1,0.898,1,0.872,0.969,0.748,0.996,-0.454,0.965,0.996,1,0.992,1,1,0.994,-0.074,0.912,1,0.454,0.945,-0.423,1,1,0.369,1,0.585,1,-0.58,0.299,1
"2382.SH008.C6.HA.3.737.rhizo.9.12.lane7.NoIndex.L007.sequences",1,-1,1,0.994,1,1,0,-0.718,1,0.996,-0.909,1,-0.487,1,1,1,1,1,1,1,0.981,1,-0.992,0.705,1,1,1,-0.404,1,1,1,-0.991,-0.935,1,0.972,1,0.506,1,1,0.992
"2382.SH004.C1.RH.1.402.rhizo.4.12.lane7.NoIndex.L007.sequences",1,-0.525,1,0.998,1,1,-0.718,0,1,0.99,0.472,1,-0.0669999999999999,1,1,1,1,1,1,1,0.93,1,0.307,0.97,1,1,1,0.988,1,1,1,0.333,0.948,1,0.896,1,1,1,1,1
"1642.MS00624",-0.027,1,-0.939,1,0.958,1,1,1,0,1,1,-0.723,1,0.428,-0.838,-1,-0.654,0.868,0.499,-0.966,1,-0.679,1,1,-0.982,0.132,0.769,1,0.413,-0.952,-0.25,1,1,0.583,1,0.0920000000000001,1,-0.372,0.503,1
"2382.MU002.C3.HA.1.278.root.9.11.lane1.NoIndex.L001.sequences",1,1,1,-0.992,1,1,0.996,0.99,1,0,1,1,0.998,1,1,1,1,1,1,1,-0.674,1,0.998,-1,1,1,1,1,1,1,1,1,1,1,-1,1,1,1,1,-1
"2382.DPOO1.C1.HA.4.442.rhizo.4.12.r1.lane7.NoIndex.L007.sequences",1,-0.583,1,1,1,1,-0.909,0.472,1,1,0,1,-0.783,1,1,1,1,1,1,1,1,1,-0.637,0.866,1,1,1,-0.037,1,1,1,-1,-0.571,1,1,1,0.996,1,1,0.931
"1642.MS00452",-0.53,1,-0.969,1,0.275,0.898,1,1,-0.723,1,1,0,1,-0.32,-1,-1,-0.927,-0.145,0.473,-1,1,-0.99,1,1,-0.99,-0.933,-0.4,1,0.142,-0.998,-0.804,1,1,-0.375,1,-0.336,1,-0.759,-0.806,1
"2382.MU002.C3.HA.2.682.rhizo.9.12.lane7.NoIndex.L007.sequences",1,0.445,1,1,1,1,-0.487,-0.0669999999999999,1,0.998,-0.783,1,0,1,1,1,1,1,1,1,1,1,-0.171,0.992,1,1,1,0.384,1,1,1,-0.122,0.302,1,1,1,1,1,1,0.988
"1642.MS00512",-1,1,-0.782,1,0.59,0.872,1,1,0.428,1,1,-0.32,1,0,-0.58,-0.408,0.119,-0.725,-0.988,0.259,1,0.563,1,1,0.24,-0.103,-1,1,-0.908,-0.359,-0.946,1,1,-0.998,1,-1,1,-0.342,0.293,1
"1642.MS00453",-0.396,1,-0.937,1,0.702,0.969,1,1,-0.838,1,1,-1,1,-0.58,0,-0.992,-0.861,0.172,0.184,-1,1,-0.88,1,1,-0.992,-0.942,-0.334,1,-0.004,-0.998,-0.885,1,1,-0.339,1,-0.257,1,-0.891,-0.68,1
"1642.MS00473",-0.727,1,-1,1,0.69,0.748,1,1,-1,1,1,-1,1,-0.408,-0.992,0,-0.657,0.01,-0.406,-1,1,-0.944,1,1,-1,-0.908,-0.298,1,-0.662,-1,-0.992,1,1,-0.69,1,-0.704,1,-1,-0.354,1
"1642.MS00605",0.184,1,-0.747,1,0.94,0.996,1,1,-0.654,1,1,-0.927,1,0.119,-0.861,-0.657,0,0.799,-0.386,-0.939,1,-0.966,1,1,-0.992,-0.145,-0.272,1,0.619,-0.819,0.016,1,1,-0.129,1,-0.096,1,0.488,-0.052,1
"1642.MS00386",-0.988,1,0.19,1,-0.617,-0.454,1,1,0.868,1,1,-0.145,1,-0.725,0.172,0.01,0.799,0,0.095,0.914,1,0.89,1,1,0.688,-0.842,-0.368,1,-0.449,0.0509999999999999,-1,1,1,-0.51,1,-1,1,-0.859,-0.273,1
"1642.MS00590",-0.726,1,-0.775,1,0.936,0.965,1,1,0.499,1,1,0.473,1,-0.988,0.184,-0.406,-0.386,0.095,0,0.532,1,0.598,1,1,0.0409999999999999,-0.197,-0.998,1,-1,-0.004,-0.229,1,1,-0.961,1,-0.991,1,0.119,0.439,1
"1642.MS00603",0.23,1,-0.866,1,0.983,0.996,1,1,-0.966,1,1,-1,1,0.259,-1,-1,-0.939,0.914,0.532,0,1,-0.967,1,1,-1,-0.451,0.462,1,0.509,-0.994,-0.437,1,1,0.199,1,-0.00700000000000001,1,-0.457,0.0449999999999999,1
"2382.SH005.C3.RH.5.273.root.9.11.lane1.NoIndex.L001.sequences",1,0.998,1,-1,1,1,0.981,0.93,1,-0.674,1,1,1,1,1,1,1,1,1,1,0,1,0.994,0.354,1,1,1,1,1,1,1,1,1,1,-0.073,1,1,1,1,-0.746
"1642.MS00639",0.433,1,-0.742,1,0.99,0.992,1,1,-0.679,1,1,-0.99,1,0.563,-0.88,-0.944,-0.966,0.89,0.598,-0.967,1,0,1,1,-0.958,-0.021,0.317,1,0.915,-0.93,-0.199,1,1,0.18,1,0.487,1,-0.243,-0.402,1
"2382.SH005.C3.RH.3.662.rhizo.9.12.lane7.NoIndex.L007.sequences",1,-0.968,1,0.998,1,1,-0.992,0.307,1,0.998,-0.637,1,-0.171,1,1,1,1,1,1,1,0.994,1,0,0.952,1,1,1,-0.255,1,1,1,-0.59,-0.928,1,0.949,1,0.859,1,1,0.996
"2382.DPOO1.C1.HA.1.628.root.9.12.lane7.NoIndex.L007.sequences",1,0.974,1,-0.526,1,1,0.705,0.97,1,-1,0.866,1,0.992,1,1,1,1,1,1,1,0.354,1,0.952,0,1,1,1,1,1,1,1,0.911,0.982,1,-1,1,1,1,1,-0.998
"1642.MS00610",-0.115,1,-0.972,1,0.936,0.994,1,1,-0.982,1,1,-0.99,1,0.24,-0.992,-1,-0.992,0.688,0.0409999999999999,-1,1,-0.958,1,1,0,-0.596,0.222,1,0.368,-0.994,-0.501,1,1,0.0700000000000001,1,-0.173,1,-0.492,-0.0639999999999999,1
"1642.MS00418",-0.733,1,-0.698,1,-0.617,-0.074,1,1,0.132,1,1,-0.933,1,-0.103,-0.942,-0.908,-0.145,-0.842,-0.197,-0.451,1,-0.021,1,1,-0.596,0,-0.438,1,-0.692,-0.903,-1,1,1,-0.769,1,-0.565,1,-0.996,-1,1
"1642.MS00461",-0.924,1,-0.613,1,0.612,0.912,1,1,0.769,1,1,-0.4,1,-1,-0.334,-0.298,-0.272,-0.368,-0.998,0.462,1,0.317,1,1,0.222,-0.438,0,1,-0.961,-0.421,-0.341,1,1,-0.98,1,-0.976,1,0.195,-0.311,1
"2382.MU002.C3.HA.4.492.rhizo.4.12.lane7.NoIndex.L007.sequences",1,-0.248,1,1,1,1,-0.404,0.988,1,1,-0.037,1,0.384,1,1,1,1,1,1,1,1,1,-0.255,1,1,1,1,0,1,1,1,-0.5,-0.244,1,1,1,0.604,1,1,1
"1642.MS00495",-0.886,1,-0.945,1,0.617,0.454,1,1,0.413,1,1,0.142,1,-0.908,-0.004,-0.662,0.619,-0.449,-1,0.509,1,0.915,1,1,0.368,-0.692,-0.961,1,0,-0.0590000000000001,-0.712,1,1,-0.992,1,-0.974,1,-0.776,0.0209999999999999,1
"1642.MS00462",-0.793,1,-0.978,1,0.538,0.945,1,1,-0.952,1,1,-0.998,1,-0.359,-0.998,-1,-0.819,0.0509999999999999,-0.004,-0.994,1,-0.93,1,1,-0.994,-0.903,-0.421,1,-0.0590000000000001,0,-0.708,1,1,-0.365,1,-0.514,1,-0.834,-0.606,1
"1642.MS00431",-0.992,1,-0.629,1,-0.444,-0.423,1,1,-0.25,1,1,-0.804,1,-0.946,-0.885,-0.992,0.016,-1,-0.229,-0.437,1,-0.199,1,1,-0.501,-1,-0.341,1,-0.712,-0.708,0,1,1,-0.964,1,-1,1,-1,-0.892,1
"2382.DPOO1.C1.HA.1.427.rhizo.4.12.lane7.NoIndex.L007.sequences",1,-0.998,1,1,1,1,-0.991,0.333,1,1,-1,1,-0.122,1,1,1,1,1,1,1,1,1,-0.59,0.911,1,1,1,-0.5,1,1,1,0,-0.412,1,0.996,1,0.899,1,1,0.998
"2382.HE003.C181.HA.1.752.rhizo.9.12.lane7.NoIndex.L007.sequences",1,-0.886,1,1,1,1,-0.935,0.948,1,1,-0.571,1,0.302,1,1,1,1,1,1,1,1,1,-0.928,0.982,1,1,1,-0.244,1,1,1,-0.412,0,1,0.998,1,-0.198,1,1,1
"1642.MS00469",-0.794,1,-0.763,1,0.611,0.369,1,1,0.583,1,1,-0.375,1,-0.998,-0.339,-0.69,-0.129,-0.51,-0.961,0.199,1,0.18,1,1,0.0700000000000001,-0.769,-0.98,1,-0.992,-0.365,-0.964,1,1,0,1,-0.974,1,-0.929,-0.578,1
"2382.SH004.C1.RH.2.608.root.9.12.lane7.NoIndex.L007.sequences",1,0.99,1,-0.111,1,1,0.972,0.896,1,-1,1,1,1,1,1,1,1,1,1,1,-0.073,1,0.949,-1,1,1,1,1,1,1,1,0.996,0.998,1,0,1,1,1,1,-0.988
"1642.MS00503",-0.998,1,-0.78,1,0.612,0.585,1,1,0.0920000000000001,1,1,-0.336,1,-1,-0.257,-0.704,-0.096,-1,-0.991,-0.00700000000000001,1,0.487,1,1,-0.173,-0.565,-0.976,1,-0.974,-0.514,-1,1,1,-0.974,1,0,1,-0.778,-0.169,1
"2382.RU006.C181.RH.1.577.rhizo.4.12.lane7.NoIndex.L007.sequences",1,0.028,1,1,1,1,0.506,1,1,1,0.996,1,1,1,1,1,1,1,1,1,1,1,0.859,1,1,1,1,0.604,1,1,1,0.899,-0.198,1,1,1,0,1,1,1
"1642.MS00413",-0.713,1,-0.746,1,-0.246,-0.58,1,1,-0.372,1,1,-0.759,1,-0.342,-0.891,-1,0.488,-0.859,0.119,-0.457,1,-0.243,1,1,-0.492,-0.996,0.195,1,-0.776,-0.834,-1,1,1,-0.929,1,-0.778,1,0,-0.829,1
"1642.MS00439",-0.276,1,-0.312,1,0.0840000000000001,0.299,1,1,0.503,1,1,-0.806,1,0.293,-0.68,-0.354,-0.052,-0.273,0.439,0.0449999999999999,1,-0.402,1,1,-0.0639999999999999,-1,-0.311,1,0.0209999999999999,-0.606,-0.892,1,1,-0.578,1,-0.169,1,-0.829,0,1
"2382.DPOO1.C1.HA.5.248.root.9.11.lane1.NoIndex.L001.sequences",1,1,1,-0.934,1,1,0.992,1,1,-1,0.931,1,0.988,1,1,1,1,1,1,1,-0.746,1,0.996,-0.998,1,1,1,1,1,1,1,0.998,1,1,-0.988,1,1,1,1,0
