"","1642.MS00422","2382.HE003.C181.HA.3.562.rhizo.4.12.lane7.NoIndex.L007.sequences","2382.SH005.C3.RH.2.457.rhizo.4.12.lane7.NoIndex.L007.sequences","2382.SH004.C1.RH.1.203.root.9.11.lane1.NoIndex.L001.sequences","1642.MS00579","1642.MS00499","1642.MS00402","2382.DPOO1.C1.HA.1.628.root.9.12.lane7.NoIndex.L007.sequences","2382.HE003.C181.HA.1.553.root.4.12.lane7.NoIndex.L007.sequences","2382.SH005.C3.RH.4.467.rhizo.4.12.lane7.NoIndex.L007.sequences","1642.MS00420","1642.MS00465","1642.MS00488","2382.MU002.C3.HA.2.683.root.9.12.lane7.NoIndex.L007.sequences","1642.MS00399","2382.HE003.C181.HA.4.135.root.6.11.lane1.NoIndex.L001.sequences","1642.MS00611","2382.SH007.C6.RH.4.718.root.9.12.lane7.NoIndex.L007.sequences","2382.SH007.C6.RH.4.318.root.9.11.lane1.NoIndex.L001.sequences","2382.DPOO1.C1.HA.2.27.root.6.11.lane1.NoIndex.L001.sequences","2382.HE003.C181.HA.3.131.root.6.11.lane1.NoIndex.L001.sequences","2382.SH005.C3.RH.4.55.root.6.11.lane1.NoIndex.L001.sequences","1642.MS00640","1642.MS00397","2382.HE003.C181.HA.2.558.root.4.12.lane7.NoIndex.L007.sequences","1642.MS00415","2382.RU006.C181.RH.5.598.root.4.12.lane7.NoIndex.L007.sequences","1642.MS00343","1642.MS00364","1642.MS00393","1642.MS00520","2382.SH004.C1.RH.3.213.root.9.11.lane1.NoIndex.L001.sequences","1642.MS00450","2382.RU006.C181.RH.2.583.root.4.12.lane7.NoIndex.L007.sequences","2382.SH008.C6.HA.1.SH008.root.root.9.12.lane7.NoIndex.L007.sequences","1642.MS00584","1001.SKB7","1642.MS00614","1642.MS00411","1642.MS00532"
"1642.MS00422",0,0.0835205481643,0.0858148768441,0.0936579868197,0.0242271442176,0.0214605342284,0.0204912640016,0.0951398785694,0.1032519966454,0.0804012345094,0.0239305335151,0.0236775719526,0.0248193912722,0.1030203482744,0.0221770442128,0.0929898860277,0.0257702849461,0.1176582324941,0.0962747445323,0.0951244756942,0.0931641513767,0.0895498689036,0.0272996162925,0.0195208794898,0.0983338453135,0.0223406028555,0.0956526726593,0.0293616012484,0.0510895732553,0.0190913826,0.0254852235426,0.0901757096319,0.022253855743,0.0908814297654,0.1008993822073,0.0279316186725,0.1743879402566,0.0301915090567,0.0202647596561,0.0215568874325
"2382.HE003.C181.HA.3.562.rhizo.4.12.lane7.NoIndex.L007.sequences",0.0835205481643,0,0.0392384390301,0.0449731915989,0.0978150721496,0.0895512770357,0.0840171694588,0.0469397483028,0.0413016819247,0.0305364541742,0.0964026756806,0.0976324854449,0.1076674528871,0.0527933565417,0.0957560694715,0.0343134087248,0.0954469466061,0.0607005668108,0.0449008353859,0.0453343889409,0.0374281200289,0.039539370907,0.1067609426904,0.0821107797717,0.0411775257722,0.0935449674634,0.0568630122531,0.0865101889141,0.0977938417348,0.0808801785464,0.0962527859913,0.0409277511758,0.0976163014878,0.0452047533135,0.0538284538601,0.1115491604845,0.142735977448,0.0989627051304,0.0884866835326,0.0899437775706
"2382.SH005.C3.RH.2.457.rhizo.4.12.lane7.NoIndex.L007.sequences",0.0858148768441,0.0392384390301,0,0.0336997159786,0.1024122477823,0.0920432254562,0.0883326475357,0.0488368167038,0.043684078514,0.0185361801635,0.097835685455,0.0956878491192,0.1180800192427,0.0443508292702,0.0952583164502,0.0469277299297,0.0975742602855,0.0473429672608,0.0474097633441,0.0403583919551,0.0447867588043,0.0425847936243,0.1079662145797,0.0832992891888,0.0479148728433,0.0940842368889,0.0630629015477,0.0870554384827,0.0995095165583,0.0855200828625,0.0988010566445,0.0291403557933,0.1011535132551,0.0492559187953,0.0444653603994,0.1126567952196,0.1133736364859,0.1077187524756,0.0909602478715,0.0930138196285
"2382.SH004.C1.RH.1.203.root.9.11.lane1.NoIndex.L001.sequences",0.0936579868197,0.0449731915989,0.0336997159786,0,0.1107877517091,0.1030320030265,0.0968439483009,0.0312581873604,0.0289461521495,0.0321548795421,0.1052874007086,0.1011039390436,0.1227727399413,0.0326817307657,0.0993073683689,0.0295468045712,0.1042779133819,0.0226753774784,0.0267998938002,0.0292040516633,0.0296991385692,0.0253653963617,0.1142765069958,0.0894133876694,0.0370040147156,0.1014171371649,0.0501096080886,0.089240520452,0.0962237280138,0.0930929391399,0.100150400589,0.016154463864,0.1084766076159,0.0410749282662,0.027448282895,0.1211435299357,0.078305968774,0.1145684734452,0.095541038213,0.103788697684
"1642.MS00579",0.0242271442176,0.0978150721496,0.1024122477823,0.1107877517091,0,0.0231571983379,0.0269752654173,0.1082119238638,0.1218312150097,0.0969128639947,0.0270799912676,0.0238919807205,0.0222642827012,0.117278414558,0.0248386119252,0.1060592986533,0.0241086837628,0.1356873613051,0.1095602863746,0.1087081390208,0.1076354151859,0.1041129671985,0.0238318033842,0.0248361773737,0.1108354336933,0.0267220944174,0.1080640125663,0.0401389221287,0.0614531068922,0.0249334972106,0.0218785549044,0.1065235658159,0.0235615917109,0.1060859565871,0.1161629914183,0.0236291388481,0.179539097107,0.0277212328636,0.0257461319166,0.0220895427028
"1642.MS00499",0.0214605342284,0.0895512770357,0.0920432254562,0.1030320030265,0.0231571983379,0,0.0229768165597,0.1018377340201,0.1083815072208,0.0862232986807,0.0252911418256,0.0220467101818,0.0235114836873,0.1092455208547,0.0248214938916,0.0987909137931,0.0264396546371,0.124464331795,0.1023863451244,0.1020006073977,0.0996981995872,0.0949243517089,0.0253592077153,0.0234290553037,0.102116963472,0.0249838641704,0.0994953499805,0.0348915247408,0.053979012458,0.0214832989488,0.0240744044577,0.0978984739824,0.0234627321642,0.095147612066,0.107155305591,0.0263295743627,0.1815911948458,0.0313087660188,0.0236269931119,0.0208611156859
"1642.MS00402",0.0204912640016,0.0840171694588,0.0883326475357,0.0968439483009,0.0269752654173,0.0229768165597,0,0.0931152881168,0.1002509282656,0.0836655838333,0.0256491639411,0.0251335242818,0.0266105940894,0.1032200730271,0.0235550616977,0.0897642284747,0.0277084384065,0.1165710462982,0.0946357999985,0.0955625164543,0.0913964097878,0.0902337636051,0.0294365110206,0.0225941777047,0.0953553738488,0.0235519493798,0.0971720880586,0.0291861147459,0.0509642051361,0.0216524225644,0.0281244848518,0.091662701799,0.0236005669936,0.0898102885944,0.1039376195382,0.0304400396973,0.1788464114473,0.0337830605696,0.0216664161941,0.0236113133568
"2382.DPOO1.C1.HA.1.628.root.9.12.lane7.NoIndex.L007.sequences",0.0951398785694,0.0469397483028,0.0488368167038,0.0312581873604,0.1082119238638,0.1018377340201,0.0931152881168,0,0.0226484029111,0.0463299489539,0.1109636295981,0.1023620831754,0.1165874739977,0.0193251845683,0.1022416492521,0.023552680635,0.1006042721951,0.0245273737023,0.0214444930133,0.0152500645459,0.0224901631291,0.02704422979,0.1126693102025,0.0917298695888,0.0264086970747,0.1048767860716,0.0453729114602,0.0993469053356,0.1059126857789,0.0934367920007,0.1005193661641,0.0274223363661,0.107972769029,0.0338490390582,0.0197290432243,0.1175638576175,0.1004799909158,0.1106752083301,0.0963610557797,0.1044076886426
"2382.HE003.C181.HA.1.553.root.4.12.lane7.NoIndex.L007.sequences",0.1032519966454,0.0413016819247,0.043684078514,0.0289461521495,0.1218312150097,0.1083815072208,0.1002509282656,0.0226484029111,0,0.043806241185,0.1167397087448,0.1083439312395,0.1255488210063,0.0237653571897,0.1074678257919,0.014682548271,0.1113497642153,0.01808818102,0.0204835419482,0.0173366411441,0.0118234812572,0.0230379408913,0.1202583866771,0.0980167571772,0.0146408378722,0.1116107767864,0.0395209226559,0.099199781091,0.1047256326426,0.0989584698051,0.1062788843433,0.0252679791192,0.1172194443141,0.027867642008,0.0176314648977,0.1285786377135,0.0888671273772,0.1287062502843,0.1061492338363,0.1136586681298
"2382.SH005.C3.RH.4.467.rhizo.4.12.lane7.NoIndex.L007.sequences",0.0804012345094,0.0305364541742,0.0185361801635,0.0321548795421,0.0969128639947,0.0862232986807,0.0836655838333,0.0463299489539,0.043806241185,0,0.0928502386168,0.0923281883166,0.1075275950431,0.0421644957086,0.0930652686515,0.042990742223,0.0917466679333,0.0485481591986,0.042550676762,0.0429777286316,0.0415925941572,0.0385603838037,0.1028132672312,0.0798607327424,0.0456794807034,0.0894663299784,0.0590007892247,0.0837850217231,0.0928533924675,0.0809634578084,0.0942360763391,0.0284241563608,0.0961305552128,0.0447620404009,0.04522719437,0.1073348064374,0.1220468356422,0.0984184495653,0.0854019826095,0.0878716812052
"1642.MS00420",0.0239305335151,0.0964026756806,0.097835685455,0.1052874007086,0.0270799912676,0.0252911418256,0.0256491639411,0.1109636295981,0.1167397087448,0.0928502386168,0,0.0261675938828,0.0250097082171,0.116508143275,0.0223042514911,0.1051340916965,0.0286988204308,0.1331107132345,0.1084375559312,0.1073305375804,0.1035069636083,0.1014482234378,0.029490578825,0.0237743874161,0.1116488131727,0.01921376142,0.1075934513542,0.0275813617559,0.0510573088699,0.0238229985169,0.0250765728042,0.1026862188759,0.0237491084484,0.1046208837183,0.1158336198531,0.0282897865126,0.1763054498957,0.0324976439006,0.0221676807432,0.0255803097419
"1642.MS00465",0.0236775719526,0.0976324854449,0.0956878491192,0.1011039390436,0.0238919807205,0.0220467101818,0.0251335242818,0.1023620831754,0.1083439312395,0.0923281883166,0.0261675938828,0,0.0238545004051,0.1083479059172,0.0212675187338,0.0990238554689,0.0293497885533,0.1188040826044,0.1010005023748,0.1003813143212,0.1003462271559,0.0959779731187,0.0232037483129,0.0232664797795,0.1032543192486,0.0265264247551,0.0995636671275,0.036163773841,0.0550457767796,0.023465985541,0.0200676555076,0.0975062732486,0.0246540152278,0.0972672788175,0.1048367023516,0.0246739822237,0.1772211798332,0.0376824885112,0.0245200782364,0.0229180359514
"1642.MS00488",0.0248193912722,0.1076674528871,0.1180800192427,0.1227727399413,0.0222642827012,0.0235114836873,0.0266105940894,0.1165874739977,0.1255488210063,0.1075275950431,0.0250097082171,0.0238545004051,0,0.1305076256336,0.0236469021773,0.1186511731488,0.0264016812391,0.1441275102838,0.1210594889118,0.1177617321015,0.1174419372128,0.1141256880677,0.0246779967806,0.0245909074269,0.1257212963681,0.0244104628336,0.1197061372605,0.0413018638537,0.0618965949414,0.0257904094399,0.0226461714477,0.120292582214,0.0220525966168,0.1180143336955,0.1307438845128,0.0252749145539,0.194822566617,0.0293050026222,0.0254554964522,0.0239980124362
"2382.MU002.C3.HA.2.683.root.9.12.lane7.NoIndex.L007.sequences",0.1030203482744,0.0527933565417,0.0443508292702,0.0326817307657,0.117278414558,0.1092455208547,0.1032200730271,0.0193251845683,0.0237653571897,0.0421644957086,0.116508143275,0.1083479059172,0.1305076256336,0,0.1054088473892,0.025897126375,0.1147150359486,0.023976244787,0.0239364788986,0.0197331617041,0.0253538180733,0.0271604191969,0.1196996257421,0.0965759042902,0.0264459118388,0.1095295947668,0.0454392756431,0.1026967313198,0.1053687042091,0.1000888320416,0.104530394447,0.0261954320024,0.1168422318414,0.0367338586531,0.0176082551189,0.1253608993803,0.0907023014676,0.1235435510679,0.1038446413097,0.1114194982585
"1642.MS00399",0.0221770442128,0.0957560694715,0.0952583164502,0.0993073683689,0.0248386119252,0.0248214938916,0.0235550616977,0.1022416492521,0.1074678257919,0.0930652686515,0.0223042514911,0.0212675187338,0.0236469021773,0.1054088473892,0,0.0978471120915,0.0305002427785,0.1192115914996,0.0983860498518,0.0990222036733,0.0968275516238,0.0954793296479,0.0244914206325,0.0201941490814,0.1030017229374,0.0209730212999,0.0969217096238,0.0276012482769,0.045826877207,0.0208720137755,0.0217462085753,0.0965574894622,0.0214431841154,0.0954161982814,0.1036660908939,0.0263223071201,0.1636518109159,0.0372401077922,0.0211689588798,0.0247511939796
"2382.HE003.C181.HA.4.135.root.6.11.lane1.NoIndex.L001.sequences",0.0929898860277,0.0343134087248,0.0469277299297,0.0295468045712,0.1060592986533,0.0987909137931,0.0897642284747,0.023552680635,0.014682548271,0.042990742223,0.1051340916965,0.0990238554689,0.1186511731488,0.025897126375,0.0978471120915,0,0.0987792647324,0.0234807283197,0.0186153826061,0.0192029095004,0.0137441961453,0.019677906328,0.1107830401414,0.0866403148677,0.0149208742152,0.0990760041192,0.0313606591254,0.0952103407576,0.0972191545008,0.0901498674337,0.0958803451094,0.0264131956584,0.1036593753309,0.0262802438811,0.0218390210607,0.1158941072842,0.0987426289437,0.1115285061611,0.0929448614049,0.101147610203
"1642.MS00611",0.0257702849461,0.0954469466061,0.0975742602855,0.1042779133819,0.0241086837628,0.0264396546371,0.0277084384065,0.1006042721951,0.1113497642153,0.0917466679333,0.0286988204308,0.0293497885533,0.0264016812391,0.1147150359486,0.0305002427785,0.0987792647324,0,0.1298898908436,0.1015022470225,0.1040476956894,0.099423878469,0.0967043562449,0.0268948160835,0.0262114496541,0.1067453834378,0.0280115398265,0.1058056886116,0.0412279734187,0.0630065547375,0.0270549784739,0.0269059856193,0.1002990581991,0.0239132184684,0.1006024117564,0.1123107292303,0.0294940487606,0.1923920973102,0.0232201688047,0.0274143953546,0.0232745793371
"2382.SH007.C6.RH.4.718.root.9.12.lane7.NoIndex.L007.sequences",0.1176582324941,0.0607005668108,0.0473429672608,0.0226753774784,0.1356873613051,0.124464331795,0.1165710462982,0.0245273737023,0.01808818102,0.0485481591986,0.1331107132345,0.1188040826044,0.1441275102838,0.023976244787,0.1192115914996,0.0234807283197,0.1298898908436,0,0.0210013573566,0.0168577998292,0.0229505549939,0.0269988868648,0.1353388751851,0.1117264569162,0.0258234896754,0.1268379269034,0.0450485758554,0.110757312849,0.1105390676891,0.111429899649,0.1143722475958,0.0230685654149,0.1354143920875,0.0373949207832,0.0158941777854,0.1440696513845,0.0668127725528,0.145339016808,0.1199157037312,0.1289022090043
"2382.SH007.C6.RH.4.318.root.9.11.lane1.NoIndex.L001.sequences",0.0962747445323,0.0449008353859,0.0474097633441,0.0267998938002,0.1095602863746,0.1023863451244,0.0946357999985,0.0214444930133,0.0204835419482,0.042550676762,0.1084375559312,0.1010005023748,0.1210594889118,0.0239364788986,0.0983860498518,0.0186153826061,0.1015022470225,0.0210013573566,0,0.0171930841328,0.0175818647254,0.0175410671154,0.1124143100242,0.0890488152849,0.0220477018681,0.1024889122811,0.029926493636,0.0974119129129,0.0984000756914,0.0929766125146,0.0966134695979,0.022419499113,0.1063022824922,0.0275967527892,0.0181346620996,0.1169970326768,0.0931322734505,0.1151580394239,0.095804619638,0.1039164950397
"2382.DPOO1.C1.HA.2.27.root.6.11.lane1.NoIndex.L001.sequences",0.0951244756942,0.0453343889409,0.0403583919551,0.0292040516633,0.1087081390208,0.1020006073977,0.0955625164543,0.0152500645459,0.0173366411441,0.0429777286316,0.1073305375804,0.1003813143212,0.1177617321015,0.0197331617041,0.0990222036733,0.0192029095004,0.1040476956894,0.0168577998292,0.0171930841328,0,0.0158400435914,0.0206322126823,0.1118898449882,0.0887532206975,0.0195579965113,0.1012170663257,0.035328835989,0.0906632333459,0.0924291447515,0.0907922400297,0.0950232410757,0.0228122121988,0.1081813137388,0.0270141717397,0.014930459422,0.1193506655802,0.0579906526581,0.1111111433175,0.0964756097626,0.102605053457
"2382.HE003.C181.HA.3.131.root.6.11.lane1.NoIndex.L001.sequences",0.0931641513767,0.0374281200289,0.0447867588043,0.0296991385692,0.1076354151859,0.0996981995872,0.0913964097878,0.0224901631291,0.0118234812572,0.0415925941572,0.1035069636083,0.1003462271559,0.1174419372128,0.0253538180733,0.0968275516238,0.0137441961453,0.099423878469,0.0229505549939,0.0175818647254,0.0158400435914,0,0.0207338369862,0.1105666742059,0.087920470519,0.0128957967465,0.0978078050139,0.0319602619346,0.0921145067743,0.0961913248646,0.0900811931056,0.0946077789527,0.026232825902,0.1029931211829,0.0247230335057,0.020655190964,0.1161725371915,0.0834317320001,0.1140100352111,0.092738953331,0.1025017241397
"2382.SH005.C3.RH.4.55.root.6.11.lane1.NoIndex.L001.sequences",0.0895498689036,0.039539370907,0.0425847936243,0.0253653963617,0.1041129671985,0.0949243517089,0.0902337636051,0.02704422979,0.0230379408913,0.0385603838037,0.1014482234378,0.0959779731187,0.1141256880677,0.0271604191969,0.0954793296479,0.019677906328,0.0967043562449,0.0269988868648,0.0175410671154,0.0206322126823,0.0207338369862,0,0.1066261406923,0.0829914274443,0.0246611698701,0.0961224794228,0.0305589667382,0.0934376557956,0.0928833446785,0.0867848249867,0.0915231037204,0.0250555581329,0.1015473270394,0.0248596796379,0.0206648347621,0.1125850313408,0.0869310553742,0.1051407356259,0.0897236089546,0.0976077953636
"1642.MS00640",0.0272996162925,0.1067609426904,0.1079662145797,0.1142765069958,0.0238318033842,0.0253592077153,0.0294365110206,0.1126693102025,0.1202583866771,0.1028132672312,0.029490578825,0.0232037483129,0.0246779967806,0.1196996257421,0.0244914206325,0.1107830401414,0.0268948160835,0.1353388751851,0.1124143100242,0.1118898449882,0.1105666742059,0.1066261406923,0,0.02692684529,0.1140478492064,0.0288365492025,0.1120566652808,0.0409777666235,0.0603750242271,0.02775126423,0.0219918634228,0.1079467530514,0.0263579623729,0.1088300364161,0.1175504532166,0.0223629271723,0.1826478050416,0.0339543933439,0.0291773779996,0.0238170045415
"1642.MS00397",0.0195208794898,0.0821107797717,0.0832992891888,0.0894133876694,0.0248361773737,0.0234290553037,0.0225941777047,0.0917298695888,0.0980167571772,0.0798607327424,0.0237743874161,0.0232664797795,0.0245909074269,0.0965759042902,0.0201941490814,0.0866403148677,0.0262114496541,0.1117264569162,0.0890488152849,0.0887532206975,0.087920470519,0.0829914274443,0.02692684529,0,0.0922125099494,0.0212163376173,0.0877840508905,0.0252553944927,0.0422628184958,0.0196455604304,0.0235445253849,0.0847619598439,0.0229805286475,0.0843694808056,0.0937603255572,0.0278001431876,0.1558598142554,0.0335206185719,0.019965074968,0.0232245261868
"2382.HE003.C181.HA.2.558.root.4.12.lane7.NoIndex.L007.sequences",0.0983338453135,0.0411775257722,0.0479148728433,0.0370040147156,0.1108354336933,0.102116963472,0.0953553738488,0.0264086970747,0.0146408378722,0.0456794807034,0.1116488131727,0.1032543192486,0.1257212963681,0.0264459118388,0.1030017229374,0.0149208742152,0.1067453834378,0.0258234896754,0.0220477018681,0.0195579965113,0.0128957967465,0.0246611698701,0.1140478492064,0.0922125099494,0,0.1059187019237,0.0301348734124,0.1006148323696,0.1048057080696,0.0935562979404,0.1005772188607,0.029254578926,0.1105140397803,0.0245577244757,0.0225353519454,0.1217339099839,0.1076640684617,0.1181332636808,0.0991664789179,0.1056003866193
"1642.MS00415",0.0223406028555,0.0935449674634,0.0940842368889,0.1014171371649,0.0267220944174,0.0249838641704,0.0235519493798,0.1048767860716,0.1116107767864,0.0894663299784,0.01921376142,0.0265264247551,0.0244104628336,0.1095295947668,0.0209730212999,0.0990760041192,0.0280115398265,0.1268379269034,0.1024889122811,0.1012170663257,0.0978078050139,0.0961224794228,0.0288365492025,0.0212163376173,0.1059187019237,0,0.1031237412838,0.0270045178057,0.0469529941147,0.0222935276544,0.0258661513354,0.0964780972709,0.0229947263717,0.0987447514878,0.1089884112671,0.0268439140989,0.1744851869473,0.0326633954627,0.0198380774846,0.0240129267334
"2382.RU006.C181.RH.5.598.root.4.12.lane7.NoIndex.L007.sequences",0.0956526726593,0.0568630122531,0.0630629015477,0.0501096080886,0.1080640125663,0.0994953499805,0.0971720880586,0.0453729114602,0.0395209226559,0.0590007892247,0.1075934513542,0.0995636671275,0.1197061372605,0.0454392756431,0.0969217096238,0.0313606591254,0.1058056886116,0.0450485758554,0.029926493636,0.035328835989,0.0319602619346,0.0305589667382,0.1120566652808,0.0877840508905,0.0301348734124,0.1031237412838,0,0.0952497505433,0.0915321525155,0.0898544529821,0.0950466670992,0.0445490167325,0.1079452984238,0.0151274484379,0.0388705888275,0.1183634591909,0.1065630385591,0.1268764193404,0.0964118708522,0.1038173698874
"1642.MS00343",0.0293616012484,0.0865101889141,0.0870554384827,0.089240520452,0.0401389221287,0.0348915247408,0.0291861147459,0.0993469053356,0.099199781091,0.0837850217231,0.0275813617559,0.036163773841,0.0413018638537,0.1026967313198,0.0276012482769,0.0952103407576,0.0412279734187,0.110757312849,0.0974119129129,0.0906632333459,0.0921145067743,0.0934376557956,0.0409777666235,0.0252553944927,0.1006148323696,0.0270045178057,0.0952497505433,0,0.0334651668433,0.0253375130051,0.0372662575376,0.0873864042063,0.0349167308394,0.0892257215295,0.1010415551806,0.0410984708794,0.1566090258425,0.0511743809542,0.025380784441,0.0376178679952
"1642.MS00364",0.0510895732553,0.0977938417348,0.0995095165583,0.0962237280138,0.0614531068922,0.053979012458,0.0509642051361,0.1059126857789,0.1047256326426,0.0928533924675,0.0510573088699,0.0550457767796,0.0618965949414,0.1053687042091,0.045826877207,0.0972191545008,0.0630065547375,0.1105390676891,0.0984000756914,0.0924291447515,0.0961913248646,0.0928833446785,0.0603750242271,0.0422628184958,0.1048057080696,0.0469529941147,0.0915321525155,0.0334651668433,0,0.0432576459456,0.0586071951188,0.0942594109415,0.0631115164203,0.0891515955514,0.1029185243927,0.0639659681103,0.1548434739822,0.0767156096841,0.0465193031457,0.0593201772768
"1642.MS00393",0.0190913826,0.0808801785464,0.0855200828625,0.0930929391399,0.0249334972106,0.0214832989488,0.0216524225644,0.0934367920007,0.0989584698051,0.0809634578084,0.0238229985169,0.023465985541,0.0257904094399,0.1000888320416,0.0208720137755,0.0901498674337,0.0270549784739,0.111429899649,0.0929766125146,0.0907922400297,0.0900811931056,0.0867848249867,0.02775126423,0.0196455604304,0.0935562979404,0.0222935276544,0.0898544529821,0.0253375130051,0.0432576459456,0,0.0255385541939,0.0898674678109,0.0233403064088,0.0847091236281,0.0979473560532,0.028465336726,0.1598963257985,0.0319875271768,0.0200826807104,0.0219545994458
"1642.MS00520",0.0254852235426,0.0962527859913,0.0988010566445,0.100150400589,0.0218785549044,0.0240744044577,0.0281244848518,0.1005193661641,0.1062788843433,0.0942360763391,0.0250765728042,0.0200676555076,0.0226461714477,0.104530394447,0.0217462085753,0.0958803451094,0.0269059856193,0.1143722475958,0.0966134695979,0.0950232410757,0.0946077789527,0.0915231037204,0.0219918634228,0.0235445253849,0.1005772188607,0.0258661513354,0.0950466670992,0.0372662575376,0.0586071951188,0.0255385541939,0,0.0968885605504,0.0237954145736,0.0935370441715,0.1018002840048,0.0212835021616,0.1638370483608,0.0336820358686,0.0254505858052,0.0242929371291
"2382.SH004.C1.RH.3.213.root.9.11.lane1.NoIndex.L001.sequences",0.0901757096319,0.0409277511758,0.0291403557933,0.016154463864,0.1065235658159,0.0978984739824,0.091662701799,0.0274223363661,0.0252679791192,0.0284241563608,0.1026862188759,0.0975062732486,0.120292582214,0.0261954320024,0.0965574894622,0.0264131956584,0.1002990581991,0.0230685654149,0.022419499113,0.0228122121988,0.026232825902,0.0250555581329,0.1079467530514,0.0847619598439,0.029254578926,0.0964780972709,0.0445490167325,0.0873864042063,0.0942594109415,0.0898674678109,0.0968885605504,0,0.1054239119461,0.0371814058155,0.0231858053955,0.1157636017477,0.0816883185514,0.1121016997808,0.0913675946374,0.0987526988008
"1642.MS00450",0.022253855743,0.0976163014878,0.1011535132551,0.1084766076159,0.0235615917109,0.0234627321642,0.0236005669936,0.107972769029,0.1172194443141,0.0961305552128,0.0237491084484,0.0246540152278,0.0220525966168,0.1168422318414,0.0214431841154,0.1036593753309,0.0239132184684,0.1354143920875,0.1063022824922,0.1081813137388,0.1029931211829,0.1015473270394,0.0263579623729,0.0229805286475,0.1105140397803,0.0229947263717,0.1079452984238,0.0349167308394,0.0631115164203,0.0233403064088,0.0237954145736,0.1054239119461,0,0.1045422466727,0.1147164957163,0.026167010632,0.1844664257361,0.0279989576151,0.0219515467457,0.0222805906794
"2382.RU006.C181.RH.2.583.root.4.12.lane7.NoIndex.L007.sequences",0.0908814297654,0.0452047533135,0.0492559187953,0.0410749282662,0.1060859565871,0.095147612066,0.0898102885944,0.0338490390582,0.027867642008,0.0447620404009,0.1046208837183,0.0972672788175,0.1180143336955,0.0367338586531,0.0954161982814,0.0262802438811,0.1006024117564,0.0373949207832,0.0275967527892,0.0270141717397,0.0247230335057,0.0248596796379,0.1088300364161,0.0843694808056,0.0245577244757,0.0987447514878,0.0151274484379,0.0892257215295,0.0891515955514,0.0847091236281,0.0935370441715,0.0371814058155,0.1045422466727,0,0.032368450679,0.1164366062367,0.0956103801783,0.1169062058473,0.091371739891,0.0991240403295
"2382.SH008.C6.HA.1.SH008.root.root.9.12.lane7.NoIndex.L007.sequences",0.1008993822073,0.0538284538601,0.0444653603994,0.027448282895,0.1161629914183,0.107155305591,0.1039376195382,0.0197290432243,0.0176314648977,0.04522719437,0.1158336198531,0.1048367023516,0.1307438845128,0.0176082551189,0.1036660908939,0.0218390210607,0.1123107292303,0.0158941777854,0.0181346620996,0.014930459422,0.020655190964,0.0206648347621,0.1175504532166,0.0937603255572,0.0225353519454,0.1089884112671,0.0388705888275,0.1010415551806,0.1029185243927,0.0979473560532,0.1018002840048,0.0231858053955,0.1147164957163,0.032368450679,0,0.1243591811733,0.0761177667536,0.1230624195597,0.1031450262543,0.1098238239136
"1642.MS00584",0.0279316186725,0.1115491604845,0.1126567952196,0.1211435299357,0.0236291388481,0.0263295743627,0.0304400396973,0.1175638576175,0.1285786377135,0.1073348064374,0.0282897865126,0.0246739822237,0.0252749145539,0.1253608993803,0.0263223071201,0.1158941072842,0.0294940487606,0.1440696513845,0.1169970326768,0.1193506655802,0.1161725371915,0.1125850313408,0.0223629271723,0.0278001431876,0.1217339099839,0.0268439140989,0.1183634591909,0.0410984708794,0.0639659681103,0.028465336726,0.0212835021616,0.1157636017477,0.026167010632,0.1164366062367,0.1243591811733,0,0.1955933416969,0.0350087184838,0.0291152524422,0.0242081620303
"1001.SKB7",0.1743879402566,0.142735977448,0.1133736364859,0.078305968774,0.179539097107,0.1815911948458,0.1788464114473,0.1004799909158,0.0888671273772,0.1220468356422,0.1763054498957,0.1772211798332,0.194822566617,0.0907023014676,0.1636518109159,0.0987426289437,0.1923920973102,0.0668127725528,0.0931322734505,0.0579906526581,0.0834317320001,0.0869310553742,0.1826478050416,0.1558598142554,0.1076640684617,0.1744851869473,0.1065630385591,0.1566090258425,0.1548434739822,0.1598963257985,0.1638370483608,0.0816883185514,0.1844664257361,0.0956103801783,0.0761177667536,0.1955933416969,0,0.1820557184806,0.1694492664067,0.1801116478414
"1642.MS00614",0.0301915090567,0.0989627051304,0.1077187524756,0.1145684734452,0.0277212328636,0.0313087660188,0.0337830605696,0.1106752083301,0.1287062502843,0.0984184495653,0.0324976439006,0.0376824885112,0.0293050026222,0.1235435510679,0.0372401077922,0.1115285061611,0.0232201688047,0.145339016808,0.1151580394239,0.1111111433175,0.1140100352111,0.1051407356259,0.0339543933439,0.0335206185719,0.1181332636808,0.0326633954627,0.1268764193404,0.0511743809542,0.0767156096841,0.0319875271768,0.0336820358686,0.1121016997808,0.0279989576151,0.1169062058473,0.1230624195597,0.0350087184838,0.1820557184806,0,0.0334901433776,0.0277011237542
"1642.MS00411",0.0202647596561,0.0884866835326,0.0909602478715,0.095541038213,0.0257461319166,0.0236269931119,0.0216664161941,0.0963610557797,0.1061492338363,0.0854019826095,0.0221676807432,0.0245200782364,0.0254554964522,0.1038446413097,0.0211689588798,0.0929448614049,0.0274143953546,0.1199157037312,0.095804619638,0.0964756097626,0.092738953331,0.0897236089546,0.0291773779996,0.019965074968,0.0991664789179,0.0198380774846,0.0964118708522,0.025380784441,0.0465193031457,0.0200826807104,0.0254505858052,0.0913675946374,0.0219515467457,0.091371739891,0.1031450262543,0.0291152524422,0.1694492664067,0.0334901433776,0,0.0227563696066
"1642.MS00532",0.0215568874325,0.0899437775706,0.0930138196285,0.103788697684,0.0220895427028,0.0208611156859,0.0236113133568,0.1044076886426,0.1136586681298,0.0878716812052,0.0255803097419,0.0229180359514,0.0239980124362,0.1114194982585,0.0247511939796,0.101147610203,0.0232745793371,0.1289022090043,0.1039164950397,0.102605053457,0.1025017241397,0.0976077953636,0.0238170045415,0.0232245261868,0.1056003866193,0.0240129267334,0.1038173698874,0.0376178679952,0.0593201772768,0.0219545994458,0.0242929371291,0.0987526988008,0.0222805906794,0.0991240403295,0.1098238239136,0.0242081620303,0.1801116478414,0.0277011237542,0.0227563696066,0
