"","2382.RU006.C181.RH.5.598.root.4.12.lane7.NoIndex.L007.sequences","2382.HE003.C181.HA.2.558.root.4.12.lane7.NoIndex.L007.sequences","1642.MS00488","2382.HE003.C181.HA.1.553.root.4.12.lane7.NoIndex.L007.sequences","2382.SH007.C6.RH.4.718.root.9.12.lane7.NoIndex.L007.sequences","2382.SH005.C3.RH.4.55.root.6.11.lane1.NoIndex.L001.sequences","2382.SH004.C1.RH.1.203.root.9.11.lane1.NoIndex.L001.sequences","1642.MS00402","1642.MS00450","1642.MS00532","1642.MS00420","1642.MS00422","2382.SH008.C6.HA.1.SH008.root.root.9.12.lane7.NoIndex.L007.sequences","2382.RU006.C181.RH.2.583.root.4.12.lane7.NoIndex.L007.sequences","1642.MS00364","1642.MS00640","2382.SH005.C3.RH.2.457.rhizo.4.12.lane7.NoIndex.L007.sequences","1642.MS00465","1642.MS00611","2382.DPOO1.C1.HA.1.628.root.9.12.lane7.NoIndex.L007.sequences","1642.MS00393","2382.MU002.C3.HA.2.683.root.9.12.lane7.NoIndex.L007.sequences","1642.MS00397","2382.HE003.C181.HA.4.135.root.6.11.lane1.NoIndex.L001.sequences","1642.MS00614","1642.MS00520","1642.MS00584","2382.DPOO1.C1.HA.2.27.root.6.11.lane1.NoIndex.L001.sequences","2382.SH005.C3.RH.4.467.rhizo.4.12.lane7.NoIndex.L007.sequences","1642.MS00411","1642.MS00579","1642.MS00343","2382.SH004.C1.RH.3.213.root.9.11.lane1.NoIndex.L001.sequences","1642.MS00399","2382.HE003.C181.HA.3.131.root.6.11.lane1.NoIndex.L001.sequences","2382.HE003.C181.HA.3.562.rhizo.4.12.lane7.NoIndex.L007.sequences","2382.SH007.C6.RH.4.318.root.9.11.lane1.NoIndex.L001.sequences","1642.MS00499","1001.SKB7","1642.MS00415"
"2382.RU006.C181.RH.5.598.root.4.12.lane7.NoIndex.L007.sequences",0,0.7084,0.9386,0.788,0.8526,0.7472,0.8872,0.9264,0.9344,0.9294,0.9426,0.9232,0.8044,0.4532,0.9628,0.9378,0.9266,0.9246,0.9426,0.8224,0.9306,0.8052,0.9322,0.7444,0.9432,0.9568,0.9528,0.8454,0.9124,0.9322,0.9402,0.9384,0.8468,0.9374,0.7968,0.9092,0.7242,0.9236,0.9842,0.9434
"2382.HE003.C181.HA.2.558.root.4.12.lane7.NoIndex.L007.sequences",0.7084,0,0.9354,0.43,0.632,0.5824,0.7612,0.9224,0.9338,0.9254,0.934,0.9196,0.6328,0.5944,0.96,0.9372,0.879,0.928,0.937,0.5958,0.9306,0.6394,0.9328,0.4034,0.935,0.9572,0.9462,0.6236,0.854,0.9288,0.9314,0.9402,0.6714,0.9336,0.4616,0.8174,0.503,0.9168,0.9838,0.939
"1642.MS00488",0.9386,0.9354,0,0.9536,0.969,0.9328,0.9418,0.5368,0.4986,0.5228,0.5282,0.539,0.955,0.9238,0.83,0.5474,0.9282,0.5668,0.5516,0.9502,0.5616,0.9474,0.5588,0.9364,0.5568,0.629,0.5384,0.9508,0.9156,0.5182,0.5514,0.6802,0.9408,0.5682,0.9418,0.9312,0.9404,0.5154,0.9936,0.5256
"2382.HE003.C181.HA.1.553.root.4.12.lane7.NoIndex.L007.sequences",0.788,0.43,0.9536,0,0.6056,0.6246,0.7618,0.9444,0.9478,0.945,0.9502,0.9392,0.6054,0.6974,0.9708,0.9466,0.8856,0.942,0.9516,0.4908,0.948,0.6086,0.949,0.4252,0.9536,0.9668,0.9612,0.601,0.8642,0.9444,0.949,0.9554,0.6572,0.9504,0.3766,0.8542,0.5002,0.9418,0.9804,0.954
"2382.SH007.C6.RH.4.718.root.9.12.lane7.NoIndex.L007.sequences",0.8526,0.632,0.969,0.6056,0,0.6566,0.6946,0.958,0.9664,0.957,0.968,0.956,0.4772,0.7584,0.9722,0.9644,0.8784,0.9542,0.966,0.6252,0.9584,0.5734,0.9598,0.6258,0.9702,0.975,0.9706,0.6534,0.8738,0.963,0.962,0.9622,0.6202,0.9634,0.6608,0.9298,0.5566,0.954,0.965,0.9682
"2382.SH005.C3.RH.4.55.root.6.11.lane1.NoIndex.L001.sequences",0.7472,0.5824,0.9328,0.6246,0.6566,0,0.6138,0.918,0.9226,0.9172,0.925,0.9096,0.6154,0.6684,0.9532,0.9316,0.837,0.9166,0.9224,0.6906,0.924,0.6102,0.919,0.542,0.924,0.9534,0.9434,0.6058,0.8066,0.919,0.9252,0.9312,0.5728,0.9342,0.5578,0.8524,0.5348,0.911,0.9628,0.9316
"2382.SH004.C1.RH.1.203.root.9.11.lane1.NoIndex.L001.sequences",0.8872,0.7612,0.9418,0.7618,0.6946,0.6138,0,0.9216,0.9294,0.9184,0.93,0.9114,0.641,0.8502,0.9598,0.9326,0.7466,0.9284,0.9288,0.7954,0.9244,0.6844,0.9268,0.6908,0.9362,0.9546,0.9442,0.7152,0.7354,0.9218,0.9344,0.9346,0.4626,0.9364,0.717,0.8604,0.6798,0.9208,0.9368,0.9372
"1642.MS00402",0.9264,0.9224,0.5368,0.9444,0.958,0.918,0.9216,0,0.475,0.476,0.5062,0.4364,0.9476,0.9082,0.7808,0.5716,0.89,0.5628,0.5288,0.9358,0.4862,0.9404,0.5138,0.9266,0.5686,0.6612,0.5848,0.9384,0.873,0.471,0.5644,0.5844,0.92,0.5754,0.9326,0.8952,0.9282,0.474,0.9922,0.497
"1642.MS00450",0.9344,0.9338,0.4986,0.9478,0.9664,0.9226,0.9294,0.475,0,0.5014,0.4834,0.4872,0.953,0.9206,0.803,0.5744,0.9064,0.582,0.513,0.9424,0.5284,0.9468,0.5196,0.9308,0.5106,0.6476,0.5664,0.9456,0.8958,0.4716,0.5478,0.6262,0.925,0.5498,0.9362,0.9124,0.9336,0.502,0.9922,0.4874
"1642.MS00532",0.9294,0.9254,0.5228,0.945,0.957,0.9172,0.9184,0.476,0.5014,0,0.5408,0.462,0.9432,0.917,0.7926,0.5196,0.8964,0.5342,0.507,0.9354,0.4996,0.9402,0.5184,0.9266,0.5478,0.605,0.5232,0.9388,0.886,0.4822,0.4908,0.6354,0.9144,0.5606,0.934,0.9078,0.9282,0.4708,0.9914,0.5272
"1642.MS00420",0.9426,0.934,0.5282,0.9502,0.968,0.925,0.93,0.5062,0.4834,0.5408,0,0.5324,0.9534,0.9272,0.7962,0.6032,0.9164,0.6322,0.5704,0.9462,0.5618,0.95,0.5312,0.936,0.5742,0.6612,0.5926,0.9476,0.9034,0.4912,0.6068,0.6,0.928,0.5598,0.9346,0.9272,0.939,0.567,0.9932,0.4388
"1642.MS00422",0.9232,0.9196,0.539,0.9392,0.956,0.9096,0.9114,0.4364,0.4872,0.462,0.5324,0,0.9432,0.901,0.7796,0.5694,0.8866,0.5498,0.5284,0.9376,0.4782,0.935,0.5004,0.919,0.5548,0.6568,0.5862,0.9366,0.87,0.4708,0.5454,0.603,0.9098,0.5606,0.9262,0.8908,0.9248,0.4754,0.991,0.5108
"2382.SH008.C6.HA.1.SH008.root.root.9.12.lane7.NoIndex.L007.sequences",0.8044,0.6328,0.955,0.6054,0.4772,0.6154,0.641,0.9476,0.953,0.9432,0.9534,0.9432,0,0.7564,0.9772,0.9486,0.8548,0.9462,0.9544,0.6156,0.9494,0.492,0.9524,0.6388,0.9552,0.9664,0.9606,0.65,0.8506,0.951,0.9538,0.954,0.5508,0.9532,0.6482,0.9146,0.5618,0.9418,0.9536,0.956
"2382.RU006.C181.RH.2.583.root.4.12.lane7.NoIndex.L007.sequences",0.4532,0.5944,0.9238,0.6974,0.7584,0.6684,0.8502,0.9082,0.9206,0.917,0.9272,0.901,0.7564,0,0.9494,0.9258,0.8922,0.9042,0.9266,0.7402,0.912,0.7546,0.9166,0.6326,0.9308,0.9524,0.9396,0.762,0.875,0.915,0.9256,0.925,0.8086,0.9282,0.69,0.8668,0.63,0.9076,0.9826,0.9296
"1642.MS00364",0.9628,0.96,0.83,0.9708,0.9722,0.9532,0.9598,0.7808,0.803,0.7926,0.7962,0.7796,0.9772,0.9494,0,0.8162,0.9506,0.8128,0.8344,0.9716,0.7692,0.9714,0.757,0.9686,0.8578,0.846,0.8298,0.9652,0.9392,0.763,0.8246,0.6396,0.9552,0.771,0.9684,0.9476,0.9594,0.8024,0.992,0.7476
"1642.MS00640",0.9378,0.9372,0.5474,0.9466,0.9644,0.9316,0.9326,0.5716,0.5744,0.5196,0.6032,0.5694,0.9486,0.9258,0.8162,0,0.9284,0.5382,0.5838,0.947,0.5812,0.9456,0.5802,0.9398,0.6394,0.5762,0.491,0.945,0.9192,0.5658,0.5206,0.6878,0.9308,0.5786,0.9432,0.9378,0.94,0.5404,0.9936,0.6114
"2382.SH005.C3.RH.2.457.rhizo.4.12.lane7.NoIndex.L007.sequences",0.9266,0.879,0.9282,0.8856,0.8784,0.837,0.7466,0.89,0.9064,0.8964,0.9164,0.8866,0.8548,0.8922,0.9506,0.9284,0,0.9144,0.9112,0.8828,0.8992,0.8678,0.9096,0.8738,0.9264,0.9526,0.9394,0.8768,0.4976,0.9044,0.9204,0.9222,0.7114,0.9268,0.8856,0.7646,0.8762,0.897,0.9718,0.9172
"1642.MS00465",0.9246,0.928,0.5668,0.942,0.9542,0.9166,0.9284,0.5628,0.582,0.5342,0.6322,0.5498,0.9462,0.9042,0.8128,0.5382,0.9144,0,0.6274,0.9434,0.5512,0.9402,0.5552,0.9308,0.6834,0.5964,0.5356,0.9404,0.906,0.5428,0.536,0.6882,0.929,0.5652,0.9356,0.9262,0.9292,0.5118,0.9936,0.6128
"1642.MS00611",0.9426,0.937,0.5516,0.9516,0.966,0.9224,0.9288,0.5288,0.513,0.507,0.5704,0.5284,0.9544,0.9266,0.8344,0.5838,0.9112,0.6274,0,0.9412,0.5732,0.952,0.5616,0.933,0.457,0.6716,0.572,0.948,0.8946,0.546,0.545,0.673,0.9272,0.643,0.9418,0.9138,0.937,0.5432,0.9842,0.5582
"2382.DPOO1.C1.HA.1.628.root.9.12.lane7.NoIndex.L007.sequences",0.8224,0.5958,0.9502,0.4908,0.6252,0.6906,0.7954,0.9358,0.9424,0.9354,0.9462,0.9376,0.6156,0.7402,0.9716,0.947,0.8828,0.9434,0.9412,0,0.9434,0.604,0.9464,0.5914,0.9444,0.968,0.954,0.5682,0.86,0.942,0.945,0.9512,0.695,0.9526,0.5692,0.8716,0.5386,0.934,0.9856,0.95
"1642.MS00393",0.9306,0.9306,0.5616,0.948,0.9584,0.924,0.9244,0.4862,0.5284,0.4996,0.5618,0.4782,0.9494,0.912,0.7692,0.5812,0.8992,0.5512,0.5732,0.9434,0,0.948,0.422,0.9334,0.6104,0.5704,0.5816,0.943,0.8888,0.4306,0.5392,0.604,0.923,0.4578,0.9388,0.9104,0.9392,0.503,0.9912,0.5232
"2382.MU002.C3.HA.2.683.root.9.12.lane7.NoIndex.L007.sequences",0.8052,0.6394,0.9474,0.6086,0.5734,0.6102,0.6844,0.9404,0.9468,0.9402,0.95,0.935,0.492,0.7546,0.9714,0.9456,0.8678,0.9402,0.952,0.604,0.948,0,0.9486,0.6166,0.9524,0.962,0.9578,0.659,0.8458,0.9452,0.9498,0.9536,0.5572,0.951,0.652,0.8996,0.561,0.9376,0.9792,0.9518
"1642.MS00397",0.9322,0.9328,0.5588,0.949,0.9598,0.919,0.9268,0.5138,0.5196,0.5184,0.5312,0.5004,0.9524,0.9166,0.757,0.5802,0.9096,0.5552,0.5616,0.9464,0.422,0.9486,0,0.9348,0.5966,0.5686,0.5766,0.9456,0.9008,0.4302,0.53,0.6206,0.923,0.4698,0.936,0.9208,0.936,0.5422,0.9888,0.5202
"2382.HE003.C181.HA.4.135.root.6.11.lane1.NoIndex.L001.sequences",0.7444,0.4034,0.9364,0.4252,0.6258,0.542,0.6908,0.9266,0.9308,0.9266,0.936,0.919,0.6388,0.6326,0.9686,0.9398,0.8738,0.9308,0.933,0.5914,0.9334,0.6166,0.9348,0,0.9318,0.9576,0.9504,0.5778,0.8388,0.9272,0.9336,0.9436,0.631,0.9374,0.3974,0.8064,0.4816,0.9204,0.984,0.9386
"1642.MS00614",0.9432,0.935,0.5568,0.9536,0.9702,0.924,0.9362,0.5686,0.5106,0.5478,0.5742,0.5548,0.9552,0.9308,0.8578,0.6394,0.9264,0.6834,0.457,0.9444,0.6104,0.9524,0.5966,0.9318,0,0.715,0.614,0.9514,0.91,0.577,0.5758,0.7042,0.9358,0.673,0.9406,0.9192,0.939,0.5738,0.9902,0.569
"1642.MS00520",0.9568,0.9572,0.629,0.9668,0.975,0.9534,0.9546,0.6612,0.6476,0.605,0.6612,0.6568,0.9664,0.9524,0.846,0.5762,0.9526,0.5964,0.6716,0.968,0.5704,0.962,0.5686,0.9576,0.715,0,0.54,0.9628,0.948,0.5838,0.5614,0.7472,0.9564,0.4984,0.961,0.9586,0.958,0.6486,0.994,0.662
"1642.MS00584",0.9528,0.9462,0.5384,0.9612,0.9706,0.9434,0.9442,0.5848,0.5664,0.5232,0.5926,0.5862,0.9606,0.9396,0.8298,0.491,0.9394,0.5356,0.572,0.954,0.5816,0.9578,0.5766,0.9504,0.614,0.54,0,0.9576,0.9332,0.5496,0.5118,0.693,0.945,0.5784,0.9508,0.944,0.9514,0.5624,0.9948,0.5778
"2382.DPOO1.C1.HA.2.27.root.6.11.lane1.NoIndex.L001.sequences",0.8454,0.6236,0.9508,0.601,0.6534,0.6058,0.7152,0.9384,0.9456,0.9388,0.9476,0.9366,0.65,0.762,0.9652,0.945,0.8768,0.9404,0.948,0.5682,0.943,0.659,0.9456,0.5778,0.9514,0.9628,0.9576,0,0.8636,0.9426,0.9448,0.9466,0.6764,0.9518,0.5102,0.9164,0.6178,0.9382,0.9782,0.9492
"2382.SH005.C3.RH.4.467.rhizo.4.12.lane7.NoIndex.L007.sequences",0.9124,0.854,0.9156,0.8642,0.8738,0.8066,0.7354,0.873,0.8958,0.886,0.9034,0.87,0.8506,0.875,0.9392,0.9192,0.4976,0.906,0.8946,0.86,0.8888,0.8458,0.9008,0.8388,0.91,0.948,0.9332,0.8636,0,0.8942,0.9094,0.9098,0.7102,0.926,0.859,0.6624,0.8528,0.879,0.9738,0.9112
"1642.MS00411",0.9322,0.9288,0.5182,0.9444,0.963,0.919,0.9218,0.471,0.4716,0.4822,0.4912,0.4708,0.951,0.915,0.763,0.5658,0.9044,0.5428,0.546,0.942,0.4306,0.9452,0.4302,0.9272,0.577,0.5838,0.5496,0.9426,0.8942,0,0.512,0.5928,0.92,0.4826,0.9352,0.9124,0.9366,0.5018,0.9936,0.457
"1642.MS00579",0.9402,0.9314,0.5514,0.949,0.962,0.9252,0.9344,0.5644,0.5478,0.4908,0.6068,0.5454,0.9538,0.9256,0.8246,0.5206,0.9204,0.536,0.545,0.945,0.5392,0.9498,0.53,0.9336,0.5758,0.5614,0.5118,0.9448,0.9094,0.512,0,0.6914,0.9308,0.5578,0.9384,0.9204,0.9374,0.5456,0.9916,0.5976
"1642.MS00343",0.9384,0.9402,0.6802,0.9554,0.9622,0.9312,0.9346,0.5844,0.6262,0.6354,0.6,0.603,0.954,0.925,0.6396,0.6878,0.9222,0.6882,0.673,0.9512,0.604,0.9536,0.6206,0.9436,0.7042,0.7472,0.693,0.9466,0.9098,0.5928,0.6914,0,0.931,0.6382,0.9434,0.9338,0.9462,0.649,0.9914,0.5518
"2382.SH004.C1.RH.3.213.root.9.11.lane1.NoIndex.L001.sequences",0.8468,0.6714,0.9408,0.6572,0.6202,0.5728,0.4626,0.92,0.925,0.9144,0.928,0.9098,0.5508,0.8086,0.9552,0.9308,0.7114,0.929,0.9272,0.695,0.923,0.5572,0.923,0.631,0.9358,0.9564,0.945,0.6764,0.7102,0.92,0.9308,0.931,0,0.934,0.6408,0.839,0.5588,0.9176,0.9578,0.934
"1642.MS00399",0.9374,0.9336,0.5682,0.9504,0.9634,0.9342,0.9364,0.5754,0.5498,0.5606,0.5598,0.5606,0.9532,0.9282,0.771,0.5786,0.9268,0.5652,0.643,0.9526,0.4578,0.951,0.4698,0.9374,0.673,0.4984,0.5784,0.9518,0.926,0.4826,0.5578,0.6382,0.934,0,0.9402,0.9394,0.9408,0.5908,0.9924,0.5554
"2382.HE003.C181.HA.3.131.root.6.11.lane1.NoIndex.L001.sequences",0.7968,0.4616,0.9418,0.3766,0.6608,0.5578,0.717,0.9326,0.9362,0.934,0.9346,0.9262,0.6482,0.69,0.9684,0.9432,0.8856,0.9356,0.9418,0.5692,0.9388,0.652,0.936,0.3974,0.9406,0.961,0.9508,0.5102,0.859,0.9352,0.9384,0.9434,0.6408,0.9402,0,0.8504,0.4998,0.929,0.977,0.9414
"2382.HE003.C181.HA.3.562.rhizo.4.12.lane7.NoIndex.L007.sequences",0.9092,0.8174,0.9312,0.8542,0.9298,0.8524,0.8604,0.8952,0.9124,0.9078,0.9272,0.8908,0.9146,0.8668,0.9476,0.9378,0.7646,0.9262,0.9138,0.8716,0.9104,0.8996,0.9208,0.8064,0.9192,0.9586,0.944,0.9164,0.6624,0.9124,0.9204,0.9338,0.839,0.9394,0.8504,0,0.8802,0.903,0.9902,0.9274
"2382.SH007.C6.RH.4.318.root.9.11.lane1.NoIndex.L001.sequences",0.7242,0.503,0.9404,0.5002,0.5566,0.5348,0.6798,0.9282,0.9336,0.9282,0.939,0.9248,0.5618,0.63,0.9594,0.94,0.8762,0.9292,0.937,0.5386,0.9392,0.561,0.936,0.4816,0.939,0.958,0.9514,0.6178,0.8528,0.9366,0.9374,0.9462,0.5588,0.9408,0.4998,0.8802,0,0.9248,0.9794,0.943
"1642.MS00499",0.9236,0.9168,0.5154,0.9418,0.954,0.911,0.9208,0.474,0.502,0.4708,0.567,0.4754,0.9418,0.9076,0.8024,0.5404,0.897,0.5118,0.5432,0.934,0.503,0.9376,0.5422,0.9204,0.5738,0.6486,0.5624,0.9382,0.879,0.5018,0.5456,0.649,0.9176,0.5908,0.929,0.903,0.9248,0,0.9912,0.5538
"1001.SKB7",0.9842,0.9838,0.9936,0.9804,0.965,0.9628,0.9368,0.9922,0.9922,0.9914,0.9932,0.991,0.9536,0.9826,0.992,0.9936,0.9718,0.9936,0.9842,0.9856,0.9912,0.9792,0.9888,0.984,0.9902,0.994,0.9948,0.9782,0.9738,0.9936,0.9916,0.9914,0.9578,0.9924,0.977,0.9902,0.9794,0.9912,0,0.9948
"1642.MS00415",0.9434,0.939,0.5256,0.954,0.9682,0.9316,0.9372,0.497,0.4874,0.5272,0.4388,0.5108,0.956,0.9296,0.7476,0.6114,0.9172,0.6128,0.5582,0.95,0.5232,0.9518,0.5202,0.9386,0.569,0.662,0.5778,0.9492,0.9112,0.457,0.5976,0.5518,0.934,0.5554,0.9414,0.9274,0.943,0.5538,0.9948,0
