"","1642.MS00574","2382.GM.181.R3.rhizo.10.12.lane7.NoIndex.L007.sequences","1642.MS00412","1642.MS00452","2382.SH008.C6.HA.2.733.root.9.12.lane7.NoIndex.L007.sequences","1642.MS00407","2382.HE003.C181.HA.2.557.rhizo.4.12.lane7.NoIndex.L007.sequences","2382.SH007.C6.RH.3.712.rhizo.9.12.lane7.NoIndex.L007.sequences","1642.MS00606","2382.HE003.C181.HA.3.563.root.4.12.lane7.NoIndex.L007.sequences","1642.MS00595","1642.MS00536","1642.MS00546","2382.SH005.C3.RH.3.463.root.4.12.lane7.NoIndex.L007.sequences","2382.MU002.C3.HA.2.482.rhizo.4.12.r1.lane7.NoIndex.L007.sequences","1642.MS00331","2382.RU006.C181.RH.1.778.root.9.12.lane7.NoIndex.L007.sequences","1642.MS00342","2382.SH008.C6.HA.3.738.root.9.12.lane7.NoIndex.L007.sequences","1642.MS00453","1642.MS00537","2382.SH008.C6.HA.1.727.rhizo.9.12.lane7.NoIndex.L007.sequences","1642.MS00462","1642.MS00578","1642.MS00446","1642.MS00450","1642.MS00466","1642.MS00550","1642.MS00539","1642.MS00527","2382.RU006.C181.RH.4.155.root.6.11.lane1.NoIndex.L001.sequences","1642.MS00608","1642.MS00499","2382.SH004.C1.RH.4.218.root.9.11.lane1.NoIndex.L001.sequences","2382.GM.181.R3.root.10.12.lane7.NoIndex.L007.sequences","1642.MS00399","2382.SH007.C6.RH.5.722.rhizo.9.12.lane7.NoIndex.L007.sequences","1642.MS00522","2382.HE003.C181.HA.2.127.root.6.11.lane1.NoIndex.L001.sequences","2382.MU002.C3.HA.5.698.root.9.12.lane7.NoIndex.L007.sequences"
"1642.MS00574",0,0.0686815368828,0.0271098872187,0.0205407218698,0.0937073127691,0.0223247592962,0.0832546871407,0.0842224367669,0.0204758175001,0.0906490301092,0.0278726909777,0.0186005173077,0.0209238509257,0.0969196799888,0.0815514553032,0.0254025193415,0.1020194320765,0.0606627089163,0.1082789256228,0.0215770068227,0.0192665809277,0.0821368191197,0.0199328664306,0.0223976618463,0.0210735672815,0.0212768922424,0.0195468112529,0.020672265315,0.0201734176996,0.0261065744253,0.0922031040585,0.0228200690746,0.0201948026245,0.0887576714849,0.1040141425644,0.0230089065735,0.0781312998243,0.0228750638661,0.0905033825337,0.1010833373147
"2382.GM.181.R3.rhizo.10.12.lane7.NoIndex.L007.sequences",0.0686815368828,0,0.0749176461386,0.0677179988216,0.0402275923778,0.0607972444264,0.0317805453215,0.028347245167,0.0774888821594,0.0359194954542,0.0616348060891,0.0669205002698,0.0656502833129,0.0463617530882,0.0316389047287,0.0586717664315,0.0474722913922,0.073169387993,0.0516230392346,0.0690430276363,0.0718490792708,0.0293367156421,0.0681045465136,0.0838935227993,0.0684370653139,0.0759344391735,0.0702796396705,0.0768692897873,0.0748728637783,0.0743572092267,0.0406396471173,0.0757019533575,0.0671518772163,0.033270293187,0.0464199561435,0.0741325883057,0.0294819614614,0.0835352890874,0.0351752259029,0.0499727572554
"1642.MS00412",0.0271098872187,0.0749176461386,0,0.0252564207914,0.0972920768947,0.0250145776994,0.0863462802282,0.0896598036227,0.0292904867566,0.0931203295394,0.0335079004975,0.0263449417854,0.0294318075684,0.1023010653368,0.0865798832597,0.0226605636523,0.1063576535384,0.0408010498111,0.107266503061,0.0275586456726,0.0279050831378,0.0848365307372,0.0262100042177,0.0294457229311,0.0265556316118,0.0258604653369,0.0275886242766,0.0296910326332,0.0240864773958,0.0270448901751,0.0889899695142,0.029054433899,0.026163150925,0.0852229947128,0.1040746464119,0.0234578755011,0.083927061359,0.0260825463938,0.0890642396022,0.1009768576461
"1642.MS00452",0.0205407218698,0.0677179988216,0.0252564207914,0,0.0895375233851,0.0205638960802,0.0857219582731,0.0841360264718,0.0218232552784,0.0886403412036,0.0266744309305,0.0204491184412,0.0248306104998,0.0931500215128,0.0848820888906,0.0224367383445,0.0998014225945,0.043391115692,0.1012017794466,0.0202798428047,0.0217376927868,0.0817525881738,0.0216619786124,0.0256562664849,0.0230019634409,0.0211512352832,0.0203301120818,0.0243640965556,0.0226436007424,0.0252291348514,0.0835225486802,0.023869248789,0.020466949915,0.0825602098965,0.0923291251544,0.022882474506,0.0804961911749,0.0249943309874,0.0845463802392,0.0919076681945
"2382.SH008.C6.HA.2.733.root.9.12.lane7.NoIndex.L007.sequences",0.0937073127691,0.0402275923778,0.0972920768947,0.0895375233851,0,0.0793551381714,0.0407880680892,0.03593073307,0.1003395689517,0.0223542183996,0.081269708719,0.0888610211361,0.089402283376,0.0166033616883,0.0448758308137,0.0754309982574,0.0241567699031,0.0965178778871,0.0135271687528,0.0935773238206,0.0899674789929,0.0361069193402,0.0941573539785,0.1007458569629,0.0930883891722,0.0990842477202,0.0952161868013,0.0978870224716,0.0961424901604,0.0945365324204,0.0373986623002,0.1040249770193,0.0907051934602,0.0186980102708,0.0239813371044,0.0900489263697,0.0362424411896,0.1032105094566,0.0228962564283,0.025023900277
"1642.MS00407",0.0223247592962,0.0607972444264,0.0250145776994,0.0205638960802,0.0793551381714,0,0.073274955741,0.0734434424498,0.0233220586924,0.0787746027579,0.0248523987458,0.020743909709,0.0229537271621,0.083073973035,0.0763033506149,0.0198601873056,0.0905047241272,0.0394223385576,0.0888830921119,0.0212067319661,0.0213100716534,0.0745461726933,0.0219455508748,0.0245230546906,0.0208250141649,0.0205871830709,0.0183372352048,0.0212565300253,0.022411582255,0.0260642852702,0.0726289077171,0.0262347276118,0.0205779258745,0.0702372449514,0.0808056801058,0.0202563074063,0.0691565978144,0.0247049688485,0.0755510498496,0.0796695822138
"2382.HE003.C181.HA.2.557.rhizo.4.12.lane7.NoIndex.L007.sequences",0.0832546871407,0.0317805453215,0.0863462802282,0.0857219582731,0.0407880680892,0.073274955741,0,0.0269180447914,0.0931488535806,0.024058763903,0.0775810038422,0.0809275584421,0.0805055825359,0.0429060537047,0.0329896012549,0.0727168063682,0.050956286682,0.0830344766073,0.0499484838584,0.0869231493704,0.0865028679835,0.0271136081937,0.0828339170576,0.0981360561115,0.0820343062255,0.0913980444981,0.0933528346459,0.0934008626532,0.0876294605368,0.0899309987843,0.0437233195401,0.0953602894664,0.0815095798457,0.0302075455159,0.0576273030061,0.08787191405,0.0238904659936,0.0984678852304,0.0267990329508,0.0538772159626
"2382.SH007.C6.RH.3.712.rhizo.9.12.lane7.NoIndex.L007.sequences",0.0842224367669,0.028347245167,0.0896598036227,0.0841360264718,0.03593073307,0.0734434424498,0.0269180447914,0,0.0941592808603,0.036418395678,0.0734923177229,0.0812641250182,0.081585209836,0.0456622328897,0.0314357152484,0.0712822625418,0.055840679418,0.0803533002059,0.0465626064275,0.0894731698095,0.0854856645749,0.0212832939113,0.0847691361858,0.0985575416701,0.0851507808759,0.0913320410967,0.0920568173101,0.0927753808676,0.0897248962617,0.0891772902976,0.0490673452684,0.092911461477,0.0820184258515,0.0288399588067,0.0513822008762,0.0876608148514,0.0206376052491,0.0983955855844,0.035714965292,0.0523199325381
"1642.MS00606",0.0204758175001,0.0774888821594,0.0292904867566,0.0218232552784,0.1003395689517,0.0233220586924,0.0931488535806,0.0941592808603,0,0.1003352615095,0.0295894788028,0.0199048251652,0.0232750929855,0.1027710802025,0.0906356444813,0.0277105449802,0.1107581805254,0.056063334615,0.1144254308376,0.0222404403875,0.0224135186129,0.0887840592098,0.0213568335458,0.0226646050357,0.0222100203993,0.0218556754005,0.0227446914275,0.0234174321416,0.0224559335018,0.026055798042,0.0964800124761,0.0226808328653,0.0198512095751,0.0917690492214,0.1113204167751,0.0241405799039,0.0868645600451,0.0225771837682,0.0945727538636,0.1031519790692
"2382.HE003.C181.HA.3.563.root.4.12.lane7.NoIndex.L007.sequences",0.0906490301092,0.0359194954542,0.0931203295394,0.0886403412036,0.0223542183996,0.0787746027579,0.024058763903,0.036418395678,0.1003352615095,0,0.079479520885,0.0845154391163,0.0832691690407,0.0222540494373,0.0408163876315,0.0717489623772,0.0240006094258,0.0926125604859,0.0237620824007,0.0900275644291,0.0912378365605,0.0438869008499,0.0889820535308,0.1008378285422,0.0896136872891,0.0959421435743,0.0848539514765,0.0950066096754,0.0932372488363,0.0902612438031,0.0315318496441,0.1012075220028,0.0862783519221,0.0198405037169,0.0267024411254,0.0887408788064,0.030227705457,0.1028877897554,0.015873630148,0.0293324095973
"1642.MS00595",0.0278726909777,0.0616348060891,0.0335079004975,0.0266744309305,0.081269708719,0.0248523987458,0.0775810038422,0.0734923177229,0.0295894788028,0.079479520885,0,0.0268618948069,0.0294359539662,0.0847189732968,0.0752078295941,0.0295957201761,0.0904257926628,0.0494647747454,0.0912272317296,0.0287654210401,0.0251474612394,0.0759583774364,0.0271833769961,0.0287097775421,0.0284431648233,0.0296730454124,0.0270054217173,0.0261615718895,0.0279272426628,0.027838593514,0.0753885671835,0.0255188047775,0.0275659793482,0.0688045765158,0.0870596932379,0.0303952934529,0.070077000309,0.0287328886344,0.0766743114792,0.081232874652
"1642.MS00536",0.0186005173077,0.0669205002698,0.0263449417854,0.0204491184412,0.0888610211361,0.020743909709,0.0809275584421,0.0812641250182,0.0199048251652,0.0845154391163,0.0268618948069,0,0.0208956786779,0.0919793709183,0.0804743223067,0.0247540769083,0.0969119328891,0.0456147025712,0.1004347843136,0.0216023146252,0.0205774768932,0.083298712731,0.0197770369784,0.0224798078923,0.0206494377284,0.0202078174719,0.0199883132605,0.0208538147752,0.0200891122357,0.0249624507967,0.0802899728015,0.0211330306448,0.0188150995575,0.0796929091391,0.0915670966447,0.0210268528711,0.0757087185947,0.0220685172478,0.0822453627513,0.0873773988914
"1642.MS00546",0.0209238509257,0.0656502833129,0.0294318075684,0.0248306104998,0.089402283376,0.0229537271621,0.0805055825359,0.081585209836,0.0232750929855,0.0832691690407,0.0294359539662,0.0208956786779,0,0.0905476116369,0.0766367352032,0.028435659567,0.0953909221598,0.0518991471279,0.1022832854424,0.0232395109559,0.024667328158,0.0804417000029,0.0207717524664,0.0286122816513,0.0203553689387,0.0227927099761,0.0209404191313,0.0237852129228,0.0234817023881,0.0271595601891,0.0825223496123,0.026453934854,0.021905965859,0.0815522210777,0.0964700252641,0.0282409463403,0.0741508103033,0.0274830936686,0.0830327016677,0.0943301493267
"2382.SH005.C3.RH.3.463.root.4.12.lane7.NoIndex.L007.sequences",0.0969196799888,0.0463617530882,0.1023010653368,0.0931500215128,0.0166033616883,0.083073973035,0.0429060537047,0.0456622328897,0.1027710802025,0.0222540494373,0.0847189732968,0.0919793709183,0.0905476116369,0,0.0479430032845,0.0754804004272,0.0190906538657,0.1040385881098,0.0199651688926,0.0968474911272,0.0950355157743,0.0457338376118,0.0955883228968,0.1022430364575,0.099252617316,0.1020344450095,0.0978184742175,0.0996713043559,0.0999142846088,0.0970224478532,0.0365473424031,0.1067458918046,0.091801609102,0.0226359424812,0.0266314668099,0.0901053648415,0.0412837096568,0.1051569062252,0.0254379005384,0.0254144401492
"2382.MU002.C3.HA.2.482.rhizo.4.12.r1.lane7.NoIndex.L007.sequences",0.0815514553032,0.0316389047287,0.0865798832597,0.0848820888906,0.0448758308137,0.0763033506149,0.0329896012549,0.0314357152484,0.0906356444813,0.0408163876315,0.0752078295941,0.0804743223067,0.0766367352032,0.0479430032845,0,0.0750210821157,0.0608532702872,0.1009805694519,0.0637318849938,0.0852977120815,0.0858409952041,0.0286963843629,0.0819608444727,0.0998879673596,0.0795565077771,0.0882772128835,0.0867301567057,0.0903518207283,0.086169645688,0.0843716708603,0.0578332377304,0.094767559738,0.0811264890977,0.0405001662622,0.0711133058117,0.0900290555163,0.0296345601958,0.098380382278,0.0428403259267,0.0605248206988
"1642.MS00331",0.0254025193415,0.0586717664315,0.0226605636523,0.0224367383445,0.0754309982574,0.0198601873056,0.0727168063682,0.0712822625418,0.0277105449802,0.0717489623772,0.0295957201761,0.0247540769083,0.028435659567,0.0754804004272,0.0750210821157,0,0.0828439706861,0.0354572862182,0.0801638765904,0.0263240507004,0.0244082436312,0.0821514157915,0.02453956648,0.0270007335,0.0251234484761,0.0243257241129,0.0216897701199,0.0254271099964,0.0249787912737,0.0276136258498,0.0657466602409,0.0284670701729,0.024276063143,0.0665545119843,0.0735232109195,0.0189687292288,0.0711010757831,0.0264736924167,0.0721025439686,0.0734832837377
"2382.RU006.C181.RH.1.778.root.9.12.lane7.NoIndex.L007.sequences",0.1020194320765,0.0474722913922,0.1063576535384,0.0998014225945,0.0241567699031,0.0905047241272,0.050956286682,0.055840679418,0.1107581805254,0.0240006094258,0.0904257926628,0.0969119328891,0.0953909221598,0.0190906538657,0.0608532702872,0.0828439706861,0,0.0998524006081,0.022898027481,0.1008569358918,0.1026124106988,0.0578909022534,0.1019548449769,0.1100915300055,0.104918997278,0.108437967397,0.0953699562446,0.1031975858245,0.1057027298716,0.1048276811752,0.02284251232,0.1118622350598,0.0976182823244,0.0245105855472,0.0265590398342,0.0978359754245,0.0484113931942,0.1146696357815,0.0274046834554,0.0243984126518
"1642.MS00342",0.0606627089163,0.073169387993,0.0408010498111,0.043391115692,0.0965178778871,0.0394223385576,0.0830344766073,0.0803533002059,0.056063334615,0.0926125604859,0.0494647747454,0.0456147025712,0.0518991471279,0.1040385881098,0.1009805694519,0.0354572862182,0.0998524006081,0,0.0946561442179,0.046365112411,0.0507032179351,0.0854788095936,0.0586874890066,0.0552200116785,0.0502157010266,0.0486474840008,0.0454584225896,0.0521115843599,0.0605257161805,0.0518701166285,0.0854763045143,0.0526461621239,0.0474953573097,0.088545299733,0.0792266372409,0.043345663935,0.0868073000301,0.0515156487239,0.0813619939612,0.0832086595698
"2382.SH008.C6.HA.3.738.root.9.12.lane7.NoIndex.L007.sequences",0.1082789256228,0.0516230392346,0.107266503061,0.1012017794466,0.0135271687528,0.0888830921119,0.0499484838584,0.0465626064275,0.1144254308376,0.0237620824007,0.0912272317296,0.1004347843136,0.1022832854424,0.0199651688926,0.0637318849938,0.0801638765904,0.022898027481,0.0946561442179,0,0.1052475565202,0.0997608925531,0.0527285623171,0.1089148870001,0.1106059649143,0.1071775316778,0.1103274027278,0.1027433578234,0.1055809041239,0.1078623932207,0.1049082792471,0.036407590725,0.1160545624554,0.1015234576951,0.019407627832,0.0167136850372,0.0973023618101,0.049525042263,0.1128039250877,0.0255585226307,0.0224871135705
"1642.MS00453",0.0215770068227,0.0690430276363,0.0275586456726,0.0202798428047,0.0935773238206,0.0212067319661,0.0869231493704,0.0894731698095,0.0222404403875,0.0900275644291,0.0287654210401,0.0216023146252,0.0232395109559,0.0968474911272,0.0852977120815,0.0263240507004,0.1008569358918,0.046365112411,0.1052475565202,0,0.0238792282748,0.08350900706,0.0212736950069,0.0261832271207,0.0211995206685,0.0198063423969,0.0223765716054,0.0233110431769,0.0237869326745,0.0262073010445,0.0856712860407,0.0254146891266,0.0220806052618,0.0850504719814,0.0996299918771,0.0252852406536,0.0823364295891,0.0225894145656,0.0887903916347,0.0941618239938
"1642.MS00537",0.0192665809277,0.0718490792708,0.0279050831378,0.0217376927868,0.0899674789929,0.0213100716534,0.0865028679835,0.0854856645749,0.0224135186129,0.0912378365605,0.0251474612394,0.0205774768932,0.024667328158,0.0950355157743,0.0858409952041,0.0244082436312,0.1026124106988,0.0507032179351,0.0997608925531,0.0238792282748,0,0.0889464658427,0.0217187549082,0.0200385835268,0.0254133727568,0.0220892630987,0.0188204080055,0.0210661623354,0.0226232736925,0.0249330672084,0.0846115435747,0.0213262172375,0.0208288964789,0.0806721303203,0.0920948789931,0.0209314438296,0.0815115292298,0.0228973265635,0.0856978510116,0.0889107117262
"2382.SH008.C6.HA.1.727.rhizo.9.12.lane7.NoIndex.L007.sequences",0.0821368191197,0.0293367156421,0.0848365307372,0.0817525881738,0.0361069193402,0.0745461726933,0.0271136081937,0.0212832939113,0.0887840592098,0.0438869008499,0.0759583774364,0.083298712731,0.0804417000029,0.0457338376118,0.0286963843629,0.0821514157915,0.0578909022534,0.0854788095936,0.0527285623171,0.08350900706,0.0889464658427,0,0.0814241566599,0.1081488978547,0.0773387374697,0.0857773143342,0.0949138626597,0.091043505681,0.0871807579925,0.0914749222091,0.0571515548215,0.0928597594525,0.0811155985093,0.0383465373444,0.0580939105287,0.098355022012,0.0198849577554,0.101542725876,0.0419346162087,0.0652090323889
"1642.MS00462",0.0199328664306,0.0681045465136,0.0262100042177,0.0216619786124,0.0941573539785,0.0219455508748,0.0828339170576,0.0847691361858,0.0213568335458,0.0889820535308,0.0271833769961,0.0197770369784,0.0207717524664,0.0955883228968,0.0819608444727,0.02453956648,0.1019548449769,0.0586874890066,0.1089148870001,0.0212736950069,0.0217187549082,0.0814241566599,0,0.0257001369258,0.0208108039446,0.0216564669214,0.0201607732126,0.0225734106811,0.0213608855853,0.02604865844,0.084409697834,0.0239568429414,0.0191640662291,0.0840825999384,0.1081326182124,0.0234354161156,0.0791271422291,0.0243943762704,0.0867407724577,0.102495575562
"1642.MS00578",0.0223976618463,0.0838935227993,0.0294457229311,0.0256562664849,0.1007458569629,0.0245230546906,0.0981360561115,0.0985575416701,0.0226646050357,0.1008378285422,0.0287097775421,0.0224798078923,0.0286122816513,0.1022430364575,0.0998879673596,0.0270007335,0.1100915300055,0.0552200116785,0.1106059649143,0.0261832271207,0.0200385835268,0.1081488978547,0.0257001369258,0,0.0279819925853,0.0235291347946,0.0226152714993,0.0194285588854,0.0240355391763,0.0241530492721,0.093795187358,0.0245863688342,0.0239552703802,0.0917915138006,0.1088318665293,0.021086620165,0.0944022551215,0.0227571314024,0.095513324217,0.102619895608
"1642.MS00446",0.0210735672815,0.0684370653139,0.0265556316118,0.0230019634409,0.0930883891722,0.0208250141649,0.0820343062255,0.0851507808759,0.0222100203993,0.0896136872891,0.0284431648233,0.0206494377284,0.0203553689387,0.099252617316,0.0795565077771,0.0251234484761,0.104918997278,0.0502157010266,0.1071775316778,0.0211995206685,0.0254133727568,0.0773387374697,0.0208108039446,0.0279819925853,0,0.0196229291785,0.0237816717562,0.0241699023692,0.0233681601302,0.0248028589797,0.0864787983282,0.0269780187323,0.0210577402473,0.0828139899034,0.103368101142,0.025425970691,0.0768429257361,0.024535702449,0.0848428943715,0.0960243323342
"1642.MS00450",0.0212768922424,0.0759344391735,0.0258604653369,0.0211512352832,0.0990842477202,0.0205871830709,0.0913980444981,0.0913320410967,0.0218556754005,0.0959421435743,0.0296730454124,0.0202078174719,0.0227927099761,0.1020344450095,0.0882772128835,0.0243257241129,0.108437967397,0.0486474840008,0.1103274027278,0.0198063423969,0.0220892630987,0.0857773143342,0.0216564669214,0.0235291347946,0.0196229291785,0,0.0201502175053,0.022637310289,0.0223417428587,0.0235640908232,0.0925892716844,0.024160659791,0.0211786586339,0.088524746728,0.1076034259123,0.0200550042333,0.0856991273354,0.0213244169297,0.0917946509588,0.1026137933772
"1642.MS00466",0.0195468112529,0.0702796396705,0.0275886242766,0.0203301120818,0.0952161868013,0.0183372352048,0.0933528346459,0.0920568173101,0.0227446914275,0.0848539514765,0.0270054217173,0.0199883132605,0.0209404191313,0.0978184742175,0.0867301567057,0.0216897701199,0.0953699562446,0.0454584225896,0.1027433578234,0.0223765716054,0.0188204080055,0.0949138626597,0.0201607732126,0.0226152714993,0.0237816717562,0.0201502175053,0,0.0178518343819,0.0219480915291,0.0221807326992,0.0785785596003,0.0238120048218,0.019062786353,0.0867640170254,0.0875088427269,0.0209016118154,0.0863588527006,0.0214518008648,0.090613286441,0.0916990105418
"1642.MS00550",0.020672265315,0.0768692897873,0.0296910326332,0.0243640965556,0.0978870224716,0.0212565300253,0.0934008626532,0.0927753808676,0.0234174321416,0.0950066096754,0.0261615718895,0.0208538147752,0.0237852129228,0.0996713043559,0.0903518207283,0.0254271099964,0.1031975858245,0.0521115843599,0.1055809041239,0.0233110431769,0.0210661623354,0.091043505681,0.0225734106811,0.0194285588854,0.0241699023692,0.022637310289,0.0178518343819,0,0.0222180464181,0.0242003079446,0.0869216661036,0.0238309926128,0.0201211591898,0.086380019723,0.0968637435903,0.0226818266427,0.0849283534444,0.0224841074979,0.0908569414699,0.094470612192
"1642.MS00539",0.0201734176996,0.0748728637783,0.0240864773958,0.0226436007424,0.0961424901604,0.022411582255,0.0876294605368,0.0897248962617,0.0224559335018,0.0932372488363,0.0279272426628,0.0200891122357,0.0234817023881,0.0999142846088,0.086169645688,0.0249787912737,0.1057027298716,0.0605257161805,0.1078623932207,0.0237869326745,0.0226232736925,0.0871807579925,0.0213608855853,0.0240355391763,0.0233681601302,0.0223417428587,0.0219480915291,0.0222180464181,0,0.0256741650548,0.0900619101656,0.0229883379075,0.0202655210048,0.0873280124035,0.1041285375056,0.0221907476435,0.0835670624638,0.0225051491621,0.0912027724111,0.0989726077562
"1642.MS00527",0.0261065744253,0.0743572092267,0.0270448901751,0.0252291348514,0.0945365324204,0.0260642852702,0.0899309987843,0.0891772902976,0.026055798042,0.0902612438031,0.027838593514,0.0249624507967,0.0271595601891,0.0970224478532,0.0843716708603,0.0276136258498,0.1048276811752,0.0518701166285,0.1049082792471,0.0262073010445,0.0249330672084,0.0914749222091,0.02604865844,0.0241530492721,0.0248028589797,0.0235640908232,0.0221807326992,0.0242003079446,0.0256741650548,0,0.0895970431186,0.02677364676,0.0250170813116,0.0851839200773,0.0999398385023,0.0242642134403,0.082566395542,0.0224549184628,0.0886057187381,0.0937436480862
"2382.RU006.C181.RH.4.155.root.6.11.lane1.NoIndex.L001.sequences",0.0922031040585,0.0406396471173,0.0889899695142,0.0835225486802,0.0373986623002,0.0726289077171,0.0437233195401,0.0490673452684,0.0964800124761,0.0315318496441,0.0753885671835,0.0802899728015,0.0825223496123,0.0365473424031,0.0578332377304,0.0657466602409,0.02284251232,0.0854763045143,0.036407590725,0.0856712860407,0.0846115435747,0.0571515548215,0.084409697834,0.093795187358,0.0864787983282,0.0925892716844,0.0785785596003,0.0869216661036,0.0900619101656,0.0895970431186,0,0.1028695433651,0.0803015564632,0.027077646237,0.0356583957547,0.0829546980135,0.0460607257083,0.0960785025662,0.0344041215841,0.0293912900785
"1642.MS00608",0.0228200690746,0.0757019533575,0.029054433899,0.023869248789,0.1040249770193,0.0262347276118,0.0953602894664,0.092911461477,0.0226808328653,0.1012075220028,0.0255188047775,0.0211330306448,0.026453934854,0.1067458918046,0.094767559738,0.0284670701729,0.1118622350598,0.0526461621239,0.1160545624554,0.0254146891266,0.0213262172375,0.0928597594525,0.0239568429414,0.0245863688342,0.0269780187323,0.024160659791,0.0238120048218,0.0238309926128,0.0229883379075,0.02677364676,0.1028695433651,0,0.0238415857191,0.0944992146021,0.1078623769567,0.0247289731165,0.0889652863531,0.0241197576604,0.1003478442395,0.105780178951
"1642.MS00499",0.0201948026245,0.0671518772163,0.026163150925,0.020466949915,0.0907051934602,0.0205779258745,0.0815095798457,0.0820184258515,0.0198512095751,0.0862783519221,0.0275659793482,0.0188150995575,0.021905965859,0.091801609102,0.0811264890977,0.024276063143,0.0976182823244,0.0474953573097,0.1015234576951,0.0220806052618,0.0208288964789,0.0811155985093,0.0191640662291,0.0239552703802,0.0210577402473,0.0211786586339,0.019062786353,0.0201211591898,0.0202655210048,0.0250170813116,0.0803015564632,0.0238415857191,0,0.0812466114802,0.0957313307977,0.0230313600848,0.0782338331465,0.0230167159144,0.0840369084706,0.0921908334628
"2382.SH004.C1.RH.4.218.root.9.11.lane1.NoIndex.L001.sequences",0.0887576714849,0.033270293187,0.0852229947128,0.0825602098965,0.0186980102708,0.0702372449514,0.0302075455159,0.0288399588067,0.0917690492214,0.0198405037169,0.0688045765158,0.0796929091391,0.0815522210777,0.0226359424812,0.0405001662622,0.0665545119843,0.0245105855472,0.088545299733,0.019407627832,0.0850504719814,0.0806721303203,0.0383465373444,0.0840825999384,0.0917915138006,0.0828139899034,0.088524746728,0.0867640170254,0.086380019723,0.0873280124035,0.0851839200773,0.027077646237,0.0944992146021,0.0812466114802,0,0.0250979361015,0.0823962062535,0.0277095510918,0.0934477180884,0.0183706054613,0.0231774027303
"2382.GM.181.R3.root.10.12.lane7.NoIndex.L007.sequences",0.1040141425644,0.0464199561435,0.1040746464119,0.0923291251544,0.0239813371044,0.0808056801058,0.0576273030061,0.0513822008762,0.1113204167751,0.0267024411254,0.0870596932379,0.0915670966447,0.0964700252641,0.0266314668099,0.0711133058117,0.0735232109195,0.0265590398342,0.0792266372409,0.0167136850372,0.0996299918771,0.0920948789931,0.0580939105287,0.1081326182124,0.1088318665293,0.103368101142,0.1076034259123,0.0875088427269,0.0968637435903,0.1041285375056,0.0999398385023,0.0356583957547,0.1078623769567,0.0957313307977,0.0250979361015,0,0.0950915108445,0.0597465611754,0.1073676539123,0.0285497873076,0.0197702785301
"1642.MS00399",0.0230089065735,0.0741325883057,0.0234578755011,0.022882474506,0.0900489263697,0.0202563074063,0.08787191405,0.0876608148514,0.0241405799039,0.0887408788064,0.0303952934529,0.0210268528711,0.0282409463403,0.0901053648415,0.0900290555163,0.0189687292288,0.0978359754245,0.043345663935,0.0973023618101,0.0252852406536,0.0209314438296,0.098355022012,0.0234354161156,0.021086620165,0.025425970691,0.0200550042333,0.0209016118154,0.0226818266427,0.0221907476435,0.0242642134403,0.0829546980135,0.0247289731165,0.0230313600848,0.0823962062535,0.0950915108445,0,0.0826195814154,0.0215311154612,0.0858234860751,0.0896328273381
"2382.SH007.C6.RH.5.722.rhizo.9.12.lane7.NoIndex.L007.sequences",0.0781312998243,0.0294819614614,0.083927061359,0.0804961911749,0.0362424411896,0.0691565978144,0.0238904659936,0.0206376052491,0.0868645600451,0.030227705457,0.070077000309,0.0757087185947,0.0741508103033,0.0412837096568,0.0296345601958,0.0711010757831,0.0484113931942,0.0868073000301,0.049525042263,0.0823364295891,0.0815115292298,0.0198849577554,0.0791271422291,0.0944022551215,0.0768429257361,0.0856991273354,0.0863588527006,0.0849283534444,0.0835670624638,0.082566395542,0.0460607257083,0.0889652863531,0.0782338331465,0.0277095510918,0.0597465611754,0.0826195814154,0,0.0909910097647,0.0309111981134,0.0537866849921
"1642.MS00522",0.0228750638661,0.0835352890874,0.0260825463938,0.0249943309874,0.1032105094566,0.0247049688485,0.0984678852304,0.0983955855844,0.0225771837682,0.1028877897554,0.0287328886344,0.0220685172478,0.0274830936686,0.1051569062252,0.098380382278,0.0264736924167,0.1146696357815,0.0515156487239,0.1128039250877,0.0225894145656,0.0228973265635,0.101542725876,0.0243943762704,0.0227571314024,0.024535702449,0.0213244169297,0.0214518008648,0.0224841074979,0.0225051491621,0.0224549184628,0.0960785025662,0.0241197576604,0.0230167159144,0.0934477180884,0.1073676539123,0.0215311154612,0.0909910097647,0,0.1007011608216,0.1033536451058
"2382.HE003.C181.HA.2.127.root.6.11.lane1.NoIndex.L001.sequences",0.0905033825337,0.0351752259029,0.0890642396022,0.0845463802392,0.0228962564283,0.0755510498496,0.0267990329508,0.035714965292,0.0945727538636,0.015873630148,0.0766743114792,0.0822453627513,0.0830327016677,0.0254379005384,0.0428403259267,0.0721025439686,0.0274046834554,0.0813619939612,0.0255585226307,0.0887903916347,0.0856978510116,0.0419346162087,0.0867407724577,0.095513324217,0.0848428943715,0.0917946509588,0.090613286441,0.0908569414699,0.0912027724111,0.0886057187381,0.0344041215841,0.1003478442395,0.0840369084706,0.0183706054613,0.0285497873076,0.0858234860751,0.0309111981134,0.1007011608216,0,0.0281894824328
"2382.MU002.C3.HA.5.698.root.9.12.lane7.NoIndex.L007.sequences",0.1010833373147,0.0499727572554,0.1009768576461,0.0919076681945,0.025023900277,0.0796695822138,0.0538772159626,0.0523199325381,0.1031519790692,0.0293324095973,0.081232874652,0.0873773988914,0.0943301493267,0.0254144401492,0.0605248206988,0.0734832837377,0.0243984126518,0.0832086595698,0.0224871135705,0.0941618239938,0.0889107117262,0.0652090323889,0.102495575562,0.102619895608,0.0960243323342,0.1026137933772,0.0916990105418,0.094470612192,0.0989726077562,0.0937436480862,0.0293912900785,0.105780178951,0.0921908334628,0.0231774027303,0.0197702785301,0.0896328273381,0.0537866849921,0.1033536451058,0.0281894824328,0
