"","1642.MS00516","2382.MU002.C3.HA.1.477.rhizo.4.12.lane7.NoIndex.L007.sequences","1642.MS00621","2382.RU006.C181.RH.4.792.rhizo.9.12.lane7.NoIndex.L007.sequences","1642.MS00541","1642.MS00606","2382.SH008.C6.HA.1.SH008.root.root.9.12.lane7.NoIndex.L007.sequences","2382.HE003.C181.HA.2.358.root.9.11.lane1.NoIndex.L001.sequences","1642.MS00530","1642.MS00601","2382.SH005.C3.RH.5.673.root.9.12.lane7.NoIndex.L007.sequences","2382.RU006.C181.RH.2.147.root.6.11.lane1.NoIndex.L001.sequences","2382.SH007.C6.RH.2.707.rhizo.9.12.lane7.NoIndex.L007.sequences","1642.MS00602","2382.RU006.C181.RH.3.388.root.9.11.lane1.NoIndex.L001.sequences","2382.RU006.C181.RH.4.155.root.6.11.lane1.NoIndex.L001.sequences","1642.MS00482","1642.MS00612","2382.HE003.C181.HA.1.552.rhizo.4.12.lane7.NoIndex.L007.sequences","2382.MU002.C3.HA.3.488.root.4.12.lane7.NoIndex.L007.sequences","1642.MS00524","1642.MS00461","2382.SH004.C1.RH.5.623.root.9.12.lane7.NoIndex.L007.sequences","1642.MS00433","1642.MS00559","2382.SH005.C3.RH.5.59.root.6.11.lane1.NoIndex.L001.sequences","1642.MS00361","1642.MS00431","1642.MS00522","2382.HE003.C181.HA.3.762.rhizo.9.12.lane7.NoIndex.L007.sequences","1642.MS00430","1642.MS00442","1642.MS00341","2382.SH007.C6.RH.3.713.root.9.12.lane7.NoIndex.L007.sequences","2382.SH004.C1.RH.2.608.root.9.12.lane7.NoIndex.L007.sequences","2382.SH007.C6.RH.1.303.root.9.11.lane1.NoIndex.L001.sequences","2382.MU002.C3.HA.3.288.root.9.11.lane1.NoIndex.L001.sequences","1642.MS00413","1642.MS00505","1642.MS00633"
"1642.MS00516",0,1,-0.845,1,-0.831,-0.816,1,1,-0.99,-0.935,1,1,1,-0.992,1,1,-0.423,-0.894,1,1,-0.772,-0.821,1,-0.313,-0.988,1,0.991,-0.937,-0.967,1,-0.589,-0.616,0.869,1,1,1,1,-0.922,-0.958,-0.372
"2382.MU002.C3.HA.1.477.rhizo.4.12.lane7.NoIndex.L007.sequences",1,0,1,1,1,1,1,1,1,1,1,1,-0.285,1,1,1,1,1,0.579,0.986,1,1,0.998,1,1,1,1,1,1,0.894,1,1,1,0.983,1,0.992,1,1,1,1
"1642.MS00621",-0.845,1,0,1,-0.734,-1,1,1,-0.951,-0.594,1,1,1,-0.998,1,1,0.102,-0.957,1,1,-0.871,0.0920000000000001,1,-0.781,-0.883,1,0.994,-0.457,-0.188,1,-0.256,-0.636,0.948,1,1,1,1,-0.313,-0.596,-0.657
"2382.RU006.C181.RH.4.792.rhizo.9.12.lane7.NoIndex.L007.sequences",1,1,1,0,1,1,1,1,1,1,1,0.889,0.972,1,0.6,0.505,1,1,0.94,1,1,1,1,1,1,1,1,1,1,0.829,1,1,1,0.943,1,1,1,1,1,1
"1642.MS00541",-0.831,1,-0.734,1,0,-0.896,1,1,-0.978,-0.586,1,1,1,-0.828,1,1,-0.174,0.0740000000000001,1,1,0.156,-0.899,1,0.696,-0.711,1,0.892,0.176,-0.938,1,-0.75,0.527,0.942,1,1,1,1,0.63,-0.598,-0.702
"1642.MS00606",-0.816,1,-1,1,-0.896,0,1,1,-0.968,-0.752,1,1,1,-1,1,1,0.0960000000000001,-0.859,1,1,-0.69,-0.418,1,-0.466,-0.877,1,0.99,-0.236,-0.456,1,-0.317,-0.402,0.978,1,1,1,1,0.169,-0.598,-0.628
"2382.SH008.C6.HA.1.SH008.root.root.9.12.lane7.NoIndex.L007.sequences",1,1,1,1,1,1,0,-0.97,1,1,-1,-0.958,0.999,1,0.0469999999999999,0.946,1,1,1,-1,1,1,-1,1,1,-0.998,1,1,1,1,1,1,1,-0.988,-1,-1,-1,1,1,1
"2382.HE003.C181.HA.2.358.root.9.11.lane1.NoIndex.L001.sequences",1,1,1,1,1,1,-0.97,0,1,1,-0.968,-1,0.957,1,-0.662,0.152,1,1,0.48,-0.904,1,1,-0.998,1,1,-0.934,1,1,1,0.925,1,1,1,-1,-0.998,-1,-1,1,1,1
"1642.MS00530",-0.99,1,-0.951,1,-0.978,-0.968,1,1,0,-0.885,1,1,1,-0.994,1,1,-0.646,-0.976,1,1,-0.91,-0.389,1,-0.751,-0.996,1,0.964,-0.823,-0.93,1,-0.906,-0.918,0.872,1,1,1,1,-0.896,-0.887,-0.441
"1642.MS00601",-0.935,1,-0.594,1,-0.586,-0.752,1,1,-0.885,0,1,1,1,-0.922,1,1,0.418,-0.657,1,1,-0.0649999999999999,-0.183,1,-0.161,-0.748,1,1,-0.431,-0.433,1,-0.581,-0.319,0.99,1,1,1,1,-0.202,-0.316,-0.015
"2382.SH005.C3.RH.5.673.root.9.12.lane7.NoIndex.L007.sequences",1,1,1,1,1,1,-1,-0.968,1,1,0,-0.935,0.998,1,-0.45,-0.043,1,1,1,-1,1,1,-1,1,1,-1,1,1,1,1,1,1,1,-0.93,-0.992,-0.998,-0.998,1,1,1
"2382.RU006.C181.RH.2.147.root.6.11.lane1.NoIndex.L001.sequences",1,1,1,0.889,1,1,-0.958,-1,1,1,-0.935,0,0.992,1,-0.992,-0.79,1,1,0.954,-0.694,1,1,-1,1,1,-0.839,1,1,1,1,1,1,1,-1,-0.975,-0.986,-1,1,1,1
"2382.SH007.C6.RH.2.707.rhizo.9.12.lane7.NoIndex.L007.sequences",1,-0.285,1,0.972,1,1,0.999,0.957,1,1,0.998,0.992,0,1,1,1,1,1,-0.755,0.992,1,1,0.983,1,1,0.998,1,1,1,-0.73,1,1,1,0.676,0.988,0.256,0.998,1,1,1
"1642.MS00602",-0.992,1,-0.998,1,-0.828,-1,1,1,-0.994,-0.922,1,1,1,0,1,1,0.585,-0.982,1,1,-0.919,0.0069999999999999,1,-0.641,-0.948,1,0.998,-0.585,-0.297,1,-0.495,-0.643,0.96,1,1,1,1,-0.506,-0.758,-0.681
"2382.RU006.C181.RH.3.388.root.9.11.lane1.NoIndex.L001.sequences",1,1,1,0.6,1,1,0.0469999999999999,-0.662,1,1,-0.45,-0.992,1,1,0,-1,1,1,1,0.507,1,1,-0.349,1,1,0.348,1,1,1,1,1,1,1,-0.606,0.34,0.426,-0.53,1,1,1
"2382.RU006.C181.RH.4.155.root.6.11.lane1.NoIndex.L001.sequences",1,1,1,0.505,1,1,0.946,0.152,1,1,-0.043,-0.79,1,1,-1,0,1,1,1,0.95,1,1,0.716,1,1,0.0860000000000001,1,1,1,1,1,1,1,0.638,0.998,0.345,0.822,1,1,1
"1642.MS00482",-0.423,1,0.102,1,-0.174,0.0960000000000001,1,1,-0.646,0.418,1,1,1,0.585,1,1,0,0.0600000000000001,1,1,0.452,-0.853,1,0.335,-0.518,1,0.915,-0.192,-0.785,1,-0.382,-0.362,0.994,1,1,1,1,-0.217,0.0089999999999999,0.0620000000000001
"1642.MS00612",-0.894,1,-0.957,1,0.0740000000000001,-0.859,1,1,-0.976,-0.657,1,1,1,-0.982,1,1,0.0600000000000001,0,1,1,-0.966,0.548,1,-0.639,-0.993,1,1,-0.505,0.0409999999999999,1,-0.266,-0.965,1,1,1,1,1,-0.592,-0.281,-0.559
"2382.HE003.C181.HA.1.552.rhizo.4.12.lane7.NoIndex.L007.sequences",1,0.579,1,0.94,1,1,1,0.48,1,1,1,0.954,-0.755,1,1,1,1,1,0,0.998,1,1,0.98,1,1,1,1,1,1,-0.974,1,1,1,0.552,0.988,0.497,0.998,1,1,1
"2382.MU002.C3.HA.3.488.root.4.12.lane7.NoIndex.L007.sequences",1,0.986,1,1,1,1,-1,-0.904,1,1,-1,-0.694,0.992,1,0.507,0.95,1,1,0.998,0,1,1,-0.996,1,1,-0.99,1,1,1,1,1,1,1,-0.952,-0.966,-0.968,-0.998,1,1,1
"1642.MS00524",-0.772,1,-0.871,1,0.156,-0.69,1,1,-0.91,-0.0649999999999999,1,1,1,-0.919,1,1,0.452,-0.966,1,1,0,0.803,1,-0.812,-0.976,1,0.998,-0.57,0.123,1,-0.19,-0.932,0.98,1,1,1,1,-0.791,-0.32,-0.08
"1642.MS00461",-0.821,1,0.0920000000000001,1,-0.899,-0.418,1,1,-0.389,-0.183,1,1,1,0.0069999999999999,1,1,-0.853,0.548,1,1,0.803,0,1,0.794,-0.229,1,0.805,-0.109,-0.784,1,-0.0590000000000001,0.668,0.984,1,1,1,1,0.382,-0.681,-0.458
"2382.SH004.C1.RH.5.623.root.9.12.lane7.NoIndex.L007.sequences",1,0.998,1,1,1,1,-1,-0.998,1,1,-1,-1,0.983,1,-0.349,0.716,1,1,0.98,-0.996,1,1,0,1,1,-0.974,1,1,1,0.996,1,1,1,-1,-1,-1,-1,1,1,1
"1642.MS00433",-0.313,1,-0.781,1,0.696,-0.466,1,1,-0.751,-0.161,1,1,1,-0.641,1,1,0.335,-0.639,1,1,-0.812,0.794,1,0,-0.761,1,0.98,-0.794,0.338,1,-0.92,-0.948,0.982,1,1,1,1,-0.844,-0.114,0.769
"1642.MS00559",-0.988,1,-0.883,1,-0.711,-0.877,1,1,-0.996,-0.748,1,1,1,-0.948,1,1,-0.518,-0.993,1,1,-0.976,-0.229,1,-0.761,0,1,0.885,-0.928,-0.916,1,-0.75,-0.98,0.813,1,1,1,1,-0.97,-0.852,-0.233
"2382.SH005.C3.RH.5.59.root.6.11.lane1.NoIndex.L001.sequences",1,1,1,1,1,1,-0.998,-0.934,1,1,-1,-0.839,0.998,1,0.348,0.0860000000000001,1,1,1,-0.99,1,1,-0.974,1,1,0,1,1,1,1,1,1,1,-0.721,-0.92,-1,-0.99,1,1,1
"1642.MS00361",0.991,1,0.994,1,0.892,0.99,1,1,0.964,1,1,1,1,0.998,1,1,0.915,1,1,1,0.998,0.805,1,0.98,0.885,1,0,0.257,0.947,1,-0.201,0.884,-0.882,1,1,1,1,0.5,0.946,0.998
"1642.MS00431",-0.937,1,-0.457,1,0.176,-0.236,1,1,-0.823,-0.431,1,1,1,-0.585,1,1,-0.192,-0.505,1,1,-0.57,-0.109,1,-0.794,-0.928,1,0.257,0,-0.912,1,-0.883,-0.962,0.471,1,1,1,1,-1,-1,0.78
"1642.MS00522",-0.967,1,-0.188,1,-0.938,-0.456,1,1,-0.93,-0.433,1,1,1,-0.297,1,1,-0.785,0.0409999999999999,1,1,0.123,-0.784,1,0.338,-0.916,1,0.947,-0.912,0,1,-0.69,-0.303,0.911,1,1,1,1,-0.746,-0.915,0.081
"2382.HE003.C181.HA.3.762.rhizo.9.12.lane7.NoIndex.L007.sequences",1,0.894,1,0.829,1,1,1,0.925,1,1,1,1,-0.73,1,1,1,1,1,-0.974,1,1,1,0.996,1,1,1,1,1,1,0,1,1,1,0.938,1,0.809,1,1,1,1
"1642.MS00430",-0.589,1,-0.256,1,-0.75,-0.317,1,1,-0.906,-0.581,1,1,1,-0.495,1,1,-0.382,-0.266,1,1,-0.19,-0.0590000000000001,1,-0.92,-0.75,1,-0.201,-0.883,-0.69,1,0,-0.946,0.585,1,1,1,1,-0.758,-0.44,0.437
"1642.MS00442",-0.616,1,-0.636,1,0.527,-0.402,1,1,-0.918,-0.319,1,1,1,-0.643,1,1,-0.362,-0.965,1,1,-0.932,0.668,1,-0.948,-0.98,1,0.884,-0.962,-0.303,1,-0.946,0,0.886,1,1,1,1,-0.99,-0.376,0.703
"1642.MS00341",0.869,1,0.948,1,0.942,0.978,1,1,0.872,0.99,1,1,1,0.96,1,1,0.994,1,1,1,0.98,0.984,1,0.982,0.813,1,-0.882,0.471,0.911,1,0.585,0.886,0,1,1,1,1,0.604,0.938,0.998
"2382.SH007.C6.RH.3.713.root.9.12.lane7.NoIndex.L007.sequences",1,0.983,1,0.943,1,1,-0.988,-1,1,1,-0.93,-1,0.676,1,-0.606,0.638,1,1,0.552,-0.952,1,1,-1,1,1,-0.721,1,1,1,0.938,1,1,1,0,-1,-0.998,-1,1,1,1
"2382.SH004.C1.RH.2.608.root.9.12.lane7.NoIndex.L007.sequences",1,1,1,1,1,1,-1,-0.998,1,1,-0.992,-0.975,0.988,1,0.34,0.998,1,1,0.988,-0.966,1,1,-1,1,1,-0.92,1,1,1,1,1,1,1,-1,0,-0.98,-1,1,1,1
"2382.SH007.C6.RH.1.303.root.9.11.lane1.NoIndex.L001.sequences",1,0.992,1,1,1,1,-1,-1,1,1,-0.998,-0.986,0.256,1,0.426,0.345,1,1,0.497,-0.968,1,1,-1,1,1,-1,1,1,1,0.809,1,1,1,-0.998,-0.98,0,-0.998,1,1,1
"2382.MU002.C3.HA.3.288.root.9.11.lane1.NoIndex.L001.sequences",1,1,1,1,1,1,-1,-1,1,1,-0.998,-1,0.998,1,-0.53,0.822,1,1,0.998,-0.998,1,1,-1,1,1,-0.99,1,1,1,1,1,1,1,-1,-1,-0.998,0,1,1,1
"1642.MS00413",-0.922,1,-0.313,1,0.63,0.169,1,1,-0.896,-0.202,1,1,1,-0.506,1,1,-0.217,-0.592,1,1,-0.791,0.382,1,-0.844,-0.97,1,0.5,-1,-0.746,1,-0.758,-0.99,0.604,1,1,1,1,0,-0.81,0.891
"1642.MS00505",-0.958,1,-0.596,1,-0.598,-0.598,1,1,-0.887,-0.316,1,1,1,-0.758,1,1,0.0089999999999999,-0.281,1,1,-0.32,-0.681,1,-0.114,-0.852,1,0.946,-1,-0.915,1,-0.44,-0.376,0.938,1,1,1,1,-0.81,0,0.014
"1642.MS00633",-0.372,1,-0.657,1,-0.702,-0.628,1,1,-0.441,-0.015,1,1,1,-0.681,1,1,0.0620000000000001,-0.559,1,1,-0.08,-0.458,1,0.769,-0.233,1,0.998,0.78,0.081,1,0.437,0.703,0.998,1,1,1,1,0.891,0.014,0
