"","2382.RU006.C181.RH.2.783.root.9.12.lane7.NoIndex.L007.sequences","2382.MU002.C3.HA.2.683.root.9.12.lane7.NoIndex.L007.sequences","2382.SH005.C3.RH.4.268.root.9.11.lane1.NoIndex.L001.sequences","2382.DPOO1.C1.HA.1.627.rhizo.9.12.lane7.NoIndex.L007.sequences","2382.GM.181.R2.rhizo.10.12.lane7.NoIndex.L007.sequences","1642.MS00578","2382.RU006.C181.RH.2.582.rhizo.4.12.lane7.NoIndex.L007.sequences","1642.MS00474","1642.MS00584","1642.MS00489","1642.MS00429","2382.SH004.C1.RH.3.613.root.9.12.lane7.NoIndex.L007.sequences","1642.MS00445","2382.SH005.C3.RH.5.59.root.6.11.lane1.NoIndex.L001.sequences","1642.MS00409","2382.RU006.C181.RH.4.792.rhizo.9.12.lane7.NoIndex.L007.sequences","2382.HE003.C181.HA.1.353.root.9.11.lane1.NoIndex.L001.sequences","1642.MS00586","1642.MS00393","1642.MS00391","2382.RU006.C181.RH.1.577.rhizo.4.12.lane7.NoIndex.L007.sequences","2382.RU006.C181.RH.2.782.rhizo.9.12.lane7.NoIndex.L007.sequences","1642.MS00511","1642.MS00467","2382.HE003.C181.HA.5.773.root.9.12.lane7.NoIndex.L007.sequences","2382.MU002.C3.HA.4.293.root.9.11.lane1.NoIndex.L001.sequences","2382.SH004.C1.RH.2.407.rhizo.4.12.lane7.NoIndex.L007.sequences","2382.RU006.C181.RH.1.777.rhizo.9.12.lane7.NoIndex.L007.sequences","2382.SH008.C6.HA.3.111.r1.root.6.11.lane7.NoIndex.L007.sequences","1642.MS00581","1642.MS00585","2382.MU002.C3.HA.5.698.root.9.12.lane7.NoIndex.L007.sequences","2382.SH007.C6.RH.1.502.rhizo.4.12.lane7.NoIndex.L007.sequences","1642.MS00638","2382.SH004.C1.RH.1.403.root.4.12.lane7.NoIndex.L007.sequences","2382.RU006.C181.RH.4.592.rhizo.4.12.lane7.NoIndex.L007.sequences","1642.MS00417","1642.MS00568","2382.SH004.C1.RH.4.617.rhizo.9.12.lane7.NoIndex.L007.sequences","1642.MS00625"
"2382.RU006.C181.RH.2.783.root.9.12.lane7.NoIndex.L007.sequences",0,0.041039074093,0.0266612323299,0.0680657303762,0.0473878789904,0.1046227920015,0.0455626187972,0.0972138134852,0.1133717700874,0.1133212314597,0.0992041002808,0.0376564404314,0.1040116981764,0.0396070767723,0.0824840725633,0.0358770074589,0.0310495941851,0.1152802629247,0.0870344260881,0.092155181692,0.0347408702825,0.0410663411459,0.0931372549138,0.101343812434,0.0281181001332,0.0335816405288,0.055965780851,0.0443250159278,0.0391545133176,0.1136082177699,0.0972466063079,0.0302562432516,0.0548302164073,0.0953775130636,0.0504730582924,0.0350023573574,0.0904460016355,0.0951528611717,0.0551854950633,0.1074667841178
"2382.MU002.C3.HA.2.683.root.9.12.lane7.NoIndex.L007.sequences",0.041039074093,0,0.0197513821533,0.047626651701,0.0588638062618,0.1035025379664,0.0459482054185,0.0997449596146,0.1087417098815,0.111429528912,0.0931997085696,0.0228337620192,0.1042001580574,0.0190636488924,0.0843003611472,0.0513872734378,0.0251472474967,0.1135715165005,0.0888665015469,0.0912504102252,0.0555653763112,0.0694384144767,0.0937799577995,0.0989978441463,0.0186050076,0.0167116136143,0.0378029473815,0.0479031652473,0.0205546028065,0.1098593655791,0.0994523168659,0.024054103791,0.0398441026733,0.0987791724234,0.0183289802199,0.0693464305469,0.0913588654178,0.0939399207725,0.0372962030691,0.1076641437195
"2382.SH005.C3.RH.4.268.root.9.11.lane1.NoIndex.L001.sequences",0.0266612323299,0.0197513821533,0,0.0457956473427,0.058853473975,0.1003944319234,0.0383249852182,0.091046278801,0.1051228689758,0.1076011983553,0.0907097093425,0.0240759471722,0.0969187148956,0.018828197378,0.0768200161232,0.0401979233334,0.0200531875063,0.1066879570413,0.0810448958359,0.086680177696,0.0395791476054,0.0525557615461,0.0897861211268,0.0960545878124,0.0168543095974,0.0189279835335,0.0359973821218,0.0373527145409,0.0174367920569,0.1015485912354,0.0894241106148,0.0236827607054,0.0389243976999,0.0888394120694,0.0225509902163,0.0464834069825,0.0827086711395,0.087355028009,0.0389643231009,0.094981962038
"2382.DPOO1.C1.HA.1.627.rhizo.9.12.lane7.NoIndex.L007.sequences",0.0680657303762,0.047626651701,0.0457956473427,0,0.0348540835279,0.0963423414389,0.0288554246724,0.085132500318,0.0970617462672,0.1005938302117,0.0843221306495,0.0700805630795,0.0909763942905,0.053143386384,0.072100034997,0.0337150687332,0.0595756160494,0.0979089222777,0.0763828260166,0.0867560765672,0.0378636183379,0.0426301946079,0.0875428955327,0.0933753590077,0.0503234421535,0.04354665599,0.0250246764011,0.0292073779686,0.0670047765406,0.0918616209961,0.0800790858719,0.0646259815567,0.0310737754827,0.0822341951268,0.0489924089156,0.0514908646751,0.0758032963565,0.081265981893,0.0243520030144,0.0784333884564
"2382.GM.181.R2.rhizo.10.12.lane7.NoIndex.L007.sequences",0.0473878789904,0.0588638062618,0.058853473975,0.0348540835279,0,0.1047105353737,0.0337412292514,0.0796316623524,0.0953826261821,0.0839912727768,0.0778888052547,0.053013300186,0.0826450329153,0.0727654296357,0.0882657799579,0.0300887001995,0.0577749560756,0.0906411023224,0.0791756726858,0.0881716394058,0.0314624493305,0.0372055678833,0.1040015408311,0.0809079550966,0.0511029981119,0.0409832894743,0.0336889602299,0.0302458593426,0.0555905817516,0.0873906486521,0.0775022928251,0.0765390418977,0.0381964227248,0.0802900242256,0.0593346910926,0.0382560800974,0.0709864221434,0.0871393598684,0.03585353246,0.0757371824259
"1642.MS00578",0.1046227920015,0.1035025379664,0.1003944319234,0.0963423414389,0.1047105353737,0,0.0935753068829,0.0195913478777,0.020344494005,0.0213862079079,0.0268876092113,0.1198950563194,0.0255127012152,0.0982613474601,0.0223841250477,0.0930043214102,0.1128288428043,0.02074403049,0.0254373483792,0.0226037739066,0.0951694714715,0.1024200671392,0.0179333570074,0.0210132823178,0.1041667859898,0.0927444544757,0.0963363758579,0.0982759896724,0.10960716306,0.0234294751743,0.0229970553004,0.1017425110039,0.0991823828088,0.0258835766338,0.1024606772756,0.0999212888659,0.0261155948249,0.021227034901,0.0995452364276,0.0271058971057
"2382.RU006.C181.RH.2.582.rhizo.4.12.lane7.NoIndex.L007.sequences",0.0455626187972,0.0459482054185,0.0383249852182,0.0288554246724,0.0337412292514,0.0935753068829,0,0.0821321301519,0.0963605391976,0.0955036063207,0.0782255487135,0.0609939471752,0.0876176654807,0.041566298298,0.0698258315553,0.0262634461524,0.0496591948334,0.097500266185,0.072861250162,0.0796656902682,0.0231724903931,0.0331934747769,0.0847425025211,0.0875433382108,0.0423609412138,0.0346533240692,0.0289638176069,0.0217643681224,0.0503157758899,0.0898222125575,0.0830151924492,0.0509651565823,0.0245258279257,0.082840738289,0.0435553064792,0.0303463659476,0.074242604923,0.0829957169094,0.0279882487654,0.081317956996
"1642.MS00474",0.0972138134852,0.0997449596146,0.091046278801,0.085132500318,0.0796316623524,0.0195913478777,0.0821321301519,0,0.0215233484207,0.0182730603183,0.0248049732691,0.1173608363191,0.0224973855145,0.0947822455353,0.0181042528288,0.0820117683189,0.1064888951277,0.0215228467755,0.0199712701138,0.0211815954575,0.0841446432331,0.0901505961388,0.0174837692403,0.0186304641528,0.0998865385485,0.0840270541851,0.0876533910128,0.0868469644034,0.1067934801231,0.0214783788992,0.0200484752603,0.0981850208835,0.0897974640934,0.0234803107049,0.0989809252171,0.0864899605541,0.0206961554005,0.0196036598726,0.0889907185443,0.0216330352921
"1642.MS00584",0.1133717700874,0.1087417098815,0.1051228689758,0.0970617462672,0.0953826261821,0.020344494005,0.0963605391976,0.0215233484207,0,0.0210535541035,0.0290119306604,0.1269879024351,0.0249072932494,0.1056179705682,0.0230119050422,0.0956360495512,0.1186407880777,0.0203449183659,0.0261283333665,0.0237246074136,0.0983907565073,0.1090139480402,0.0197145490934,0.0229725536664,0.1091135620752,0.0956657026605,0.0993576947216,0.100870202682,0.1179743692712,0.0223631234699,0.0235157220052,0.1056525815266,0.1023366101512,0.0257841115683,0.1086335943467,0.1025778484215,0.025344870378,0.0225878353715,0.1012346554139,0.0246919280831
"1642.MS00489",0.1133212314597,0.111429528912,0.1076011983553,0.1005938302117,0.0839912727768,0.0213862079079,0.0955036063207,0.0182730603183,0.0210535541035,0,0.0252681819591,0.1282485861743,0.0215267010418,0.1026993576544,0.0189274220938,0.0987900693981,0.1197285347317,0.0224508212514,0.0233950757801,0.0216732298467,0.0882387509933,0.107767413763,0.0177167527212,0.0178296248273,0.1171653818214,0.0975597007642,0.0993347162899,0.0962101110219,0.1145367524262,0.0244799071369,0.021915829749,0.1087762020253,0.107592990765,0.0254451114698,0.1171023013498,0.1028994198845,0.0222473377582,0.0212114013387,0.097418894731,0.0236478140705
"1642.MS00429",0.0992041002808,0.0931997085696,0.0907097093425,0.0843221306495,0.0778888052547,0.0268876092113,0.0782255487135,0.0248049732691,0.0290119306604,0.0252681819591,0,0.1094651335369,0.0219096279002,0.0899677247717,0.020877400331,0.0794994911522,0.1051655576525,0.0310091305546,0.0225951764468,0.0215785463501,0.0791853537119,0.0865202905229,0.0247196458246,0.0256386584498,0.0953312548981,0.0907809920444,0.0808515457624,0.0843913120808,0.1026569711552,0.0320290809372,0.0287426068315,0.0943063014901,0.0839384530366,0.0289463312689,0.0929299858273,0.0836993224236,0.0224217564597,0.0275774463826,0.082693423972,0.0316262214771
"2382.SH004.C1.RH.3.613.root.9.12.lane7.NoIndex.L007.sequences",0.0376564404314,0.0228337620192,0.0240759471722,0.0700805630795,0.053013300186,0.1198950563194,0.0609939471752,0.1173608363191,0.1269879024351,0.1282485861743,0.1094651335369,0,0.1205961891132,0.019796236061,0.0970343327636,0.0599911763574,0.021583175882,0.1335185548524,0.1035104157696,0.1080125183089,0.0667657397813,0.0797490399931,0.1091852433839,0.1183368451763,0.0200343667743,0.0238958213522,0.054895087709,0.0635345304863,0.0206367033243,0.131593570134,0.115576864922,0.0216337746348,0.059004673412,0.113379500813,0.01998226522,0.0786421928687,0.1074843219638,0.1119489732336,0.0532483196994,0.1266823748879
"1642.MS00445",0.1040116981764,0.1042001580574,0.0969187148956,0.0909763942905,0.0826450329153,0.0255127012152,0.0876176654807,0.0224973855145,0.0249072932494,0.0215267010418,0.0219096279002,0.1205961891132,0,0.0999527281681,0.0206268687854,0.086511792295,0.1127821810474,0.0246492226653,0.0205275235845,0.0214732797839,0.0872777550176,0.0940049971362,0.0209762554365,0.021552278526,0.1032029505685,0.0912979115113,0.0927639437122,0.0910860965999,0.1103029861255,0.0250741882566,0.0258156830297,0.1035793107593,0.0950198812968,0.0258038236641,0.1040015973385,0.0911829468176,0.0204785176995,0.0253381026542,0.09304944295,0.0249366808793
"2382.SH005.C3.RH.5.59.root.6.11.lane1.NoIndex.L001.sequences",0.0396070767723,0.0190636488924,0.018828197378,0.053143386384,0.0727654296357,0.0982613474601,0.041566298298,0.0947822455353,0.1056179705682,0.1026993576544,0.0899677247717,0.019796236061,0.0999527281681,0,0.0769862341575,0.0501279383833,0.0194530801329,0.1110894842553,0.0862502958489,0.086847115687,0.0528684652317,0.0605110862223,0.0889823056599,0.0948028180115,0.020083914623,0.0210655274378,0.0375028115931,0.0477212969763,0.0158031708605,0.1076439245736,0.0966965678973,0.0204620802115,0.0333612372476,0.0942247125745,0.0156126944612,0.0620661863723,0.087784077109,0.090268614272,0.0343424278189,0.1069550673939
"1642.MS00409",0.0824840725633,0.0843003611472,0.0768200161232,0.072100034997,0.0882657799579,0.0223841250477,0.0698258315553,0.0181042528288,0.0230119050422,0.0189274220938,0.020877400331,0.0970343327636,0.0206268687854,0.0769862341575,0,0.0694101278898,0.0901137001873,0.022721076713,0.0172906301726,0.0189241448972,0.0710128550338,0.0747984087909,0.0185631562444,0.0185325255199,0.0843533050408,0.0722816632405,0.0727021543403,0.0730498327811,0.0870356317083,0.0227026203578,0.0206068801374,0.0795970275061,0.0748160690475,0.0231994329346,0.0823069137823,0.0716716701046,0.0175992884598,0.0202750387729,0.0740651906974,0.0218153094305
"2382.RU006.C181.RH.4.792.rhizo.9.12.lane7.NoIndex.L007.sequences",0.0358770074589,0.0513872734378,0.0401979233334,0.0337150687332,0.0300887001995,0.0930043214102,0.0262634461524,0.0820117683189,0.0956360495512,0.0987900693981,0.0794994911522,0.0599911763574,0.086511792295,0.0501279383833,0.0694101278898,0,0.0483197787102,0.0973191982921,0.0734560734365,0.0837029919784,0.0206886895708,0.0233085234279,0.0833474404824,0.088444243767,0.0444727197191,0.0401099067893,0.0388605481828,0.0218499259495,0.0621592463214,0.089541954741,0.0791508016822,0.0588024057322,0.0387911982562,0.0803896676904,0.0556468833253,0.0232034177902,0.0754155424589,0.0806232570204,0.0376587712289,0.0788620850737
"2382.HE003.C181.HA.1.353.root.9.11.lane1.NoIndex.L001.sequences",0.0310495941851,0.0251472474967,0.0200531875063,0.0595756160494,0.0577749560756,0.1128288428043,0.0496591948334,0.1064888951277,0.1186407880777,0.1197285347317,0.1051655576525,0.021583175882,0.1127821810474,0.0194530801329,0.0901137001873,0.0483197787102,0,0.1227251882667,0.095200929698,0.1008174192263,0.0528957173353,0.0693683311401,0.1040843172196,0.1094297349507,0.0136831119562,0.0232772645244,0.0442544167708,0.0450050303545,0.0202946515755,0.1213420846804,0.1074593606109,0.0231734394509,0.0513755144597,0.1053709538657,0.0228737367907,0.069687140446,0.0978194629134,0.1031227375859,0.0435095141969,0.1128698497722
"1642.MS00586",0.1152802629247,0.1135715165005,0.1066879570413,0.0979089222777,0.0906411023224,0.02074403049,0.097500266185,0.0215228467755,0.0203449183659,0.0224508212514,0.0310091305546,0.1335185548524,0.0246492226653,0.1110894842553,0.022721076713,0.0973191982921,0.1227251882667,0,0.0256095444639,0.0231408103125,0.0984941388317,0.1078815208655,0.0196876449459,0.0211608753782,0.1115508742839,0.1018341689449,0.1006608224417,0.1015529107536,0.122282466958,0.0211360283499,0.0232197291853,0.1126784353399,0.102999659683,0.0260237595936,0.1132129223807,0.1049168071778,0.0255871991822,0.0206724660867,0.1025207394439,0.0240180761915
"1642.MS00393",0.0870344260881,0.0888665015469,0.0810448958359,0.0763828260166,0.0791756726858,0.0254373483792,0.072861250162,0.0199712701138,0.0261283333665,0.0233950757801,0.0225951764468,0.1035104157696,0.0205275235845,0.0862502958489,0.0172906301726,0.0734560734365,0.095200929698,0.0256095444639,0,0.0191264772791,0.0721285345003,0.0771452094967,0.0201884643466,0.0199592624864,0.0883980768318,0.0756212783268,0.0766748527002,0.0747634175905,0.0926329619649,0.0249414123319,0.0226280232774,0.0867933058616,0.0804999823812,0.0235047640689,0.0891347964527,0.0752990970904,0.0182772163664,0.0224202212087,0.0774276639186,0.02233130822
"1642.MS00391",0.092155181692,0.0912504102252,0.086680177696,0.0867560765672,0.0881716394058,0.0226037739066,0.0796656902682,0.0211815954575,0.0237246074136,0.0216732298467,0.0215785463501,0.1080125183089,0.0214732797839,0.086847115687,0.0189241448972,0.0837029919784,0.1008174192263,0.0231408103125,0.0191264772791,0,0.0830897478042,0.0888313460825,0.0185053356569,0.0207855960347,0.0936145817835,0.0813763557337,0.0848334319486,0.0851916199441,0.0950417042795,0.0247962483246,0.0249597660033,0.0865720926691,0.0853631278042,0.0275527797708,0.0902510193312,0.0841318149055,0.0202889506731,0.0234537423801,0.0868093057361,0.0270487989808
"2382.RU006.C181.RH.1.577.rhizo.4.12.lane7.NoIndex.L007.sequences",0.0347408702825,0.0555653763112,0.0395791476054,0.0378636183379,0.0314624493305,0.0951694714715,0.0231724903931,0.0841446432331,0.0983907565073,0.0882387509933,0.0791853537119,0.0667657397813,0.0872777550176,0.0528684652317,0.0710128550338,0.0206886895708,0.0528957173353,0.0984941388317,0.0721285345003,0.0830897478042,0,0.0243719290558,0.0820967783881,0.0815089805108,0.0469150266859,0.0407056734467,0.0403598423695,0.0196468937285,0.0627595795534,0.0906258126712,0.0823832756687,0.0576281900442,0.0391177024427,0.0815862625873,0.0633460629846,0.0204508525885,0.0753823424559,0.0804029558202,0.0416945277936,0.0798957629068
"2382.RU006.C181.RH.2.782.rhizo.9.12.lane7.NoIndex.L007.sequences",0.0410663411459,0.0694384144767,0.0525557615461,0.0426301946079,0.0372055678833,0.1024200671392,0.0331934747769,0.0901505961388,0.1090139480402,0.107767413763,0.0865202905229,0.0797490399931,0.0940049971362,0.0605110862223,0.0747984087909,0.0233085234279,0.0693683311401,0.1078815208655,0.0771452094967,0.0888313460825,0.0243719290558,0,0.0900918308494,0.0955189059442,0.0610500152171,0.04845650838,0.0504071268281,0.0272941913314,0.0700229520802,0.1011297820653,0.0889168486304,0.0611044340796,0.0453673350032,0.0855747324302,0.0749704734692,0.021512872467,0.0801667723665,0.0873554361732,0.0491459575362,0.0882492520734
"1642.MS00511",0.0931372549138,0.0937799577995,0.0897861211268,0.0875428955327,0.1040015408311,0.0179333570074,0.0847425025211,0.0174837692403,0.0197145490934,0.0177167527212,0.0247196458246,0.1091852433839,0.0209762554365,0.0889823056599,0.0185631562444,0.0833474404824,0.1040843172196,0.0196876449459,0.0201884643466,0.0185053356569,0.0820967783881,0.0900918308494,0,0.0162416950602,0.0935651365911,0.083282749538,0.0870805750545,0.0878104216789,0.0977439514725,0.0214380884514,0.0231170176531,0.0923853453902,0.0905759625324,0.0237961008691,0.0940615859121,0.086121368957,0.0207012110705,0.0198006861046,0.0904756037848,0.0227875867786
"1642.MS00467",0.101343812434,0.0989978441463,0.0960545878124,0.0933753590077,0.0809079550966,0.0210132823178,0.0875433382108,0.0186304641528,0.0229725536664,0.0178296248273,0.0256386584498,0.1183368451763,0.021552278526,0.0948028180115,0.0185325255199,0.088444243767,0.1094297349507,0.0211608753782,0.0199592624864,0.0207855960347,0.0815089805108,0.0955189059442,0.0162416950602,0,0.1038000946042,0.0889358201033,0.0903724264118,0.0894591512193,0.1025896263464,0.0251640709003,0.023499762139,0.0984792404854,0.0978204297136,0.024257276375,0.1049589749616,0.0940949531832,0.0206731934029,0.0251687486454,0.0920010235405,0.0233139319186
"2382.HE003.C181.HA.5.773.root.9.12.lane7.NoIndex.L007.sequences",0.0281181001332,0.0186050076,0.0168543095974,0.0503234421535,0.0511029981119,0.1041667859898,0.0423609412138,0.0998865385485,0.1091135620752,0.1171653818214,0.0953312548981,0.0200343667743,0.1032029505685,0.020083914623,0.0843533050408,0.0444727197191,0.0136831119562,0.1115508742839,0.0883980768318,0.0936145817835,0.0469150266859,0.0610500152171,0.0935651365911,0.1038000946042,0,0.019842331922,0.0383130054136,0.0397958036688,0.0204311020797,0.1087781524372,0.0991260075756,0.0213573187891,0.0448971513602,0.0982709525454,0.0208326488986,0.0631340323153,0.0900886639514,0.0943234340118,0.039269986017,0.1023194770628
"2382.MU002.C3.HA.4.293.root.9.11.lane1.NoIndex.L001.sequences",0.0335816405288,0.0167116136143,0.0189279835335,0.04354665599,0.0409832894743,0.0927444544757,0.0346533240692,0.0840270541851,0.0956657026605,0.0975597007642,0.0907809920444,0.0238958213522,0.0912979115113,0.0210655274378,0.0722816632405,0.0401099067893,0.0232772645244,0.1018341689449,0.0756212783268,0.0813763557337,0.0407056734467,0.04845650838,0.083282749538,0.0889358201033,0.019842331922,0,0.0377473407164,0.0365621107472,0.0219697477295,0.1036993115296,0.0837742811366,0.024123173543,0.0353482541207,0.0836410315572,0.0230155282581,0.0495207741644,0.078497730078,0.0812079616823,0.032708652224,0.0955561188612
"2382.SH004.C1.RH.2.407.rhizo.4.12.lane7.NoIndex.L007.sequences",0.055965780851,0.0378029473815,0.0359973821218,0.0250246764011,0.0336889602299,0.0963363758579,0.0289638176069,0.0876533910128,0.0993576947216,0.0993347162899,0.0808515457624,0.054895087709,0.0927639437122,0.0375028115931,0.0727021543403,0.0388605481828,0.0442544167708,0.1006608224417,0.0766748527002,0.0848334319486,0.0403598423695,0.0504071268281,0.0870805750545,0.0903724264118,0.0383130054136,0.0377473407164,0,0.0327958295027,0.0454866687871,0.0941858060274,0.0877164185836,0.0509065912655,0.0201143606596,0.0857169297223,0.0319464697935,0.0486339677224,0.0777579816049,0.0855556161317,0.0169161842013,0.0860361488334
"2382.RU006.C181.RH.1.777.rhizo.9.12.lane7.NoIndex.L007.sequences",0.0443250159278,0.0479031652473,0.0373527145409,0.0292073779686,0.0302458593426,0.0982759896724,0.0217643681224,0.0868469644034,0.100870202682,0.0962101110219,0.0843913120808,0.0635345304863,0.0910860965999,0.0477212969763,0.0730498327811,0.0218499259495,0.0450050303545,0.1015529107536,0.0747634175905,0.0851916199441,0.0196468937285,0.0272941913314,0.0878104216789,0.0894591512193,0.0397958036688,0.0365621107472,0.0327958295027,0,0.0597847232405,0.0943857523083,0.0849329029575,0.0587091299645,0.0349458348689,0.0834026157336,0.051482602823,0.0331812402181,0.0780563791241,0.0851198279516,0.0326892377079,0.082360826535
"2382.SH008.C6.HA.3.111.r1.root.6.11.lane7.NoIndex.L007.sequences",0.0391545133176,0.0205546028065,0.0174367920569,0.0670047765406,0.0555905817516,0.10960716306,0.0503157758899,0.1067934801231,0.1179743692712,0.1145367524262,0.1026569711552,0.0206367033243,0.1103029861255,0.0158031708605,0.0870356317083,0.0621592463214,0.0202946515755,0.122282466958,0.0926329619649,0.0950417042795,0.0627595795534,0.0700229520802,0.0977439514725,0.1025896263464,0.0204311020797,0.0219697477295,0.0454866687871,0.0597847232405,0,0.1222768445233,0.1059080492259,0.0205972930302,0.0429116447723,0.1006473335769,0.0182634879092,0.0654685916029,0.094778241519,0.1003611707975,0.0445010952324,0.1183536821797
"1642.MS00581",0.1136082177699,0.1098593655791,0.1015485912354,0.0918616209961,0.0873906486521,0.0234294751743,0.0898222125575,0.0214783788992,0.0223631234699,0.0244799071369,0.0320290809372,0.131593570134,0.0250741882566,0.1076439245736,0.0227026203578,0.089541954741,0.1213420846804,0.0211360283499,0.0249414123319,0.0247962483246,0.0906258126712,0.1011297820653,0.0214380884514,0.0251640709003,0.1087781524372,0.1036993115296,0.0941858060274,0.0943857523083,0.1222768445233,0,0.0195958196302,0.1112715487921,0.0969133031883,0.0255310050323,0.1097001161203,0.0964344298304,0.0254774591806,0.0220169735826,0.0956590926099,0.0230484295546
"1642.MS00585",0.0972466063079,0.0994523168659,0.0894241106148,0.0800790858719,0.0775022928251,0.0229970553004,0.0830151924492,0.0200484752603,0.0235157220052,0.021915829749,0.0287426068315,0.115576864922,0.0258156830297,0.0966965678973,0.0206068801374,0.0791508016822,0.1074593606109,0.0232197291853,0.0226280232774,0.0249597660033,0.0823832756687,0.0889168486304,0.0231170176531,0.023499762139,0.0991260075756,0.0837742811366,0.0877164185836,0.0849329029575,0.1059080492259,0.0195958196302,0,0.0970340711047,0.0929610820636,0.0224551320208,0.1013017760084,0.0881413763968,0.0233035221761,0.0200586759572,0.0862160072918,0.0201282507583
"2382.MU002.C3.HA.5.698.root.9.12.lane7.NoIndex.L007.sequences",0.0302562432516,0.024054103791,0.0236827607054,0.0646259815567,0.0765390418977,0.1017425110039,0.0509651565823,0.0981850208835,0.1056525815266,0.1087762020253,0.0943063014901,0.0216337746348,0.1035793107593,0.0204620802115,0.0795970275061,0.0588024057322,0.0231734394509,0.1126784353399,0.0867933058616,0.0865720926691,0.0576281900442,0.0611044340796,0.0923853453902,0.0984792404854,0.0213573187891,0.024123173543,0.0509065912655,0.0587091299645,0.0205972930302,0.1112715487921,0.0970340711047,0,0.0510195950733,0.0938162983283,0.0277800654329,0.059328910008,0.0929623680531,0.0911109067565,0.0500509918242,0.1125184699336
"2382.SH007.C6.RH.1.502.rhizo.4.12.lane7.NoIndex.L007.sequences",0.0548302164073,0.0398441026733,0.0389243976999,0.0310737754827,0.0381964227248,0.0991823828088,0.0245258279257,0.0897974640934,0.1023366101512,0.107592990765,0.0839384530366,0.059004673412,0.0950198812968,0.0333612372476,0.0748160690475,0.0387911982562,0.0513755144597,0.102999659683,0.0804999823812,0.0853631278042,0.0391177024427,0.0453673350032,0.0905759625324,0.0978204297136,0.0448971513602,0.0353482541207,0.0201143606596,0.0349458348689,0.0429116447723,0.0969133031883,0.0929610820636,0.0510195950733,0,0.088652532913,0.0316019486338,0.0460642947002,0.0805591763853,0.0925169079153,0.0188156709427,0.0897290504309
"1642.MS00638",0.0953775130636,0.0987791724234,0.0888394120694,0.0822341951268,0.0802900242256,0.0258835766338,0.082840738289,0.0234803107049,0.0257841115683,0.0254451114698,0.0289463312689,0.113379500813,0.0258038236641,0.0942247125745,0.0231994329346,0.0803896676904,0.1053709538657,0.0260237595936,0.0235047640689,0.0275527797708,0.0815862625873,0.0855747324302,0.0237961008691,0.024257276375,0.0982709525454,0.0836410315572,0.0857169297223,0.0834026157336,0.1006473335769,0.0255310050323,0.0224551320208,0.0938162983283,0.088652532913,0,0.0993108745361,0.0858135133948,0.025610497014,0.0275289332111,0.0859557183391,0.0241852155242
"2382.SH004.C1.RH.1.403.root.4.12.lane7.NoIndex.L007.sequences",0.0504730582924,0.0183289802199,0.0225509902163,0.0489924089156,0.0593346910926,0.1024606772756,0.0435553064792,0.0989809252171,0.1086335943467,0.1171023013498,0.0929299858273,0.01998226522,0.1040015973385,0.0156126944612,0.0823069137823,0.0556468833253,0.0228737367907,0.1132129223807,0.0891347964527,0.0902510193312,0.0633460629846,0.0749704734692,0.0940615859121,0.1049589749616,0.0208326488986,0.0230155282581,0.0319464697935,0.051482602823,0.0182634879092,0.1097001161203,0.1013017760084,0.0277800654329,0.0316019486338,0.0993108745361,0,0.0759945084097,0.0900639737449,0.0925599752468,0.02966324244,0.106889209273
"2382.RU006.C181.RH.4.592.rhizo.4.12.lane7.NoIndex.L007.sequences",0.0350023573574,0.0693464305469,0.0464834069825,0.0514908646751,0.0382560800974,0.0999212888659,0.0303463659476,0.0864899605541,0.1025778484215,0.1028994198845,0.0836993224236,0.0786421928687,0.0911829468176,0.0620661863723,0.0716716701046,0.0232034177902,0.069687140446,0.1049168071778,0.0752990970904,0.0841318149055,0.0204508525885,0.021512872467,0.086121368957,0.0940949531832,0.0631340323153,0.0495207741644,0.0486339677224,0.0331812402181,0.0654685916029,0.0964344298304,0.0881413763968,0.059328910008,0.0460642947002,0.0858135133948,0.0759945084097,0,0.0778539424199,0.0856882911274,0.052783479322,0.0870600093727
"1642.MS00417",0.0904460016355,0.0913588654178,0.0827086711395,0.0758032963565,0.0709864221434,0.0261155948249,0.074242604923,0.0206961554005,0.025344870378,0.0222473377582,0.0224217564597,0.1074843219638,0.0204785176995,0.087784077109,0.0175992884598,0.0754155424589,0.0978194629134,0.0255871991822,0.0182772163664,0.0202889506731,0.0753823424559,0.0801667723665,0.0207012110705,0.0206731934029,0.0900886639514,0.078497730078,0.0777579816049,0.0780563791241,0.094778241519,0.0254774591806,0.0233035221761,0.0929623680531,0.0805591763853,0.025610497014,0.0900639737449,0.0778539424199,0,0.0222505604676,0.0784511218864,0.0228269702315
"1642.MS00568",0.0951528611717,0.0939399207725,0.087355028009,0.081265981893,0.0871393598684,0.021227034901,0.0829957169094,0.0196036598726,0.0225878353715,0.0212114013387,0.0275774463826,0.1119489732336,0.0253381026542,0.090268614272,0.0202750387729,0.0806232570204,0.1031227375859,0.0206724660867,0.0224202212087,0.0234537423801,0.0804029558202,0.0873554361732,0.0198006861046,0.0251687486454,0.0943234340118,0.0812079616823,0.0855556161317,0.0851198279516,0.1003611707975,0.0220169735826,0.0200586759572,0.0911109067565,0.0925169079153,0.0275289332111,0.0925599752468,0.0856882911274,0.0222505604676,0,0.087094298261,0.021647692217
"2382.SH004.C1.RH.4.617.rhizo.9.12.lane7.NoIndex.L007.sequences",0.0551854950633,0.0372962030691,0.0389643231009,0.0243520030144,0.03585353246,0.0995452364276,0.0279882487654,0.0889907185443,0.1012346554139,0.097418894731,0.082693423972,0.0532483196994,0.09304944295,0.0343424278189,0.0740651906974,0.0376587712289,0.0435095141969,0.1025207394439,0.0774276639186,0.0868093057361,0.0416945277936,0.0491459575362,0.0904756037848,0.0920010235405,0.039269986017,0.032708652224,0.0169161842013,0.0326892377079,0.0445010952324,0.0956590926099,0.0862160072918,0.0500509918242,0.0188156709427,0.0859557183391,0.02966324244,0.052783479322,0.0784511218864,0.087094298261,0,0.085393565945
"1642.MS00625",0.1074667841178,0.1076641437195,0.094981962038,0.0784333884564,0.0757371824259,0.0271058971057,0.081317956996,0.0216330352921,0.0246919280831,0.0236478140705,0.0316262214771,0.1266823748879,0.0249366808793,0.1069550673939,0.0218153094305,0.0788620850737,0.1128698497722,0.0240180761915,0.02233130822,0.0270487989808,0.0798957629068,0.0882492520734,0.0227875867786,0.0233139319186,0.1023194770628,0.0955561188612,0.0860361488334,0.082360826535,0.1183536821797,0.0230484295546,0.0201282507583,0.1125184699336,0.0897290504309,0.0241852155242,0.106889209273,0.0870600093727,0.0228269702315,0.021647692217,0.085393565945,0
