"","2382.MU002.C3.HA.2.482.rhizo.4.12.lane7.NoIndex.L007.sequences","1642.MS00508","2382.DPOO1.C1.HA.5.448.root.4.12.lane7.NoIndex.L007.sequences","1642.MS00385","1642.MS00527","2382.RU006.C181.RH.2.782.rhizo.9.12.lane7.NoIndex.L007.sequences","2382.HE003.C181.HA.5.773.root.9.12.lane7.NoIndex.L007.sequences","2382.HE003.C181.HA.4.135.root.6.11.lane1.NoIndex.L001.sequences","1642.MS00555","2382.GM.181.R4.rhizo.10.12.lane7.NoIndex.L007.sequences","2382.SH005.C3.RH.5.273.root.9.11.lane1.NoIndex.L001.sequences","2382.MU002.C3.HA.1.278.root.9.11.lane1.NoIndex.L001.sequences","2382.SH007.C6.RH.1.503.root.4.12.lane7.NoIndex.L007.sequences","2382.DPOO1.C1.HA.4.442.rhizo.4.12.r1.lane7.NoIndex.L007.sequences","1642.MS00417","2382.RU006.C181.RH.2.583.root.4.12.lane7.NoIndex.L007.sequences","2382.DPOO1.C1.HA.3.638.root.9.12.lane7.NoIndex.L007.sequences","2382.SH005.C3.RH.4.668.root.9.12.lane7.NoIndex.L007.sequences","2382.HE003.C181.HA.2.127.root.6.11.lane1.NoIndex.L001.sequences","1642.MS00611","2382.GM.181.R4.root.10.12.lane7.NoIndex.L007.sequences","1642.MS00596","1642.MS00409","2382.DPOO1.C1.HA.1.428.root.4.12.lane7.NoIndex.L007.sequences","1642.MS00530","2382.SH004.C1.RH.4.618.root.9.12.lane7.NoIndex.L007.sequences","1642.MS00504","2382.DPOO1.C1.HA.4.642.rhizo.9.12.lane7.NoIndex.L007.sequences","1642.MS00589","2382.MU002.C3.HA.5.697.rhizo.9.12.lane7.NoIndex.L007.sequences","2382.GM.181.R2.rhizo.10.12.lane7.NoIndex.L007.sequences","2382.DPOO1.C1.HA.1.23.root.6.11.lane1.NoIndex.L001.sequences","2382.DPOO1.C1.HA.4.243.root.9.11.lane1.NoIndex.L001.sequences","1642.MS00453","2382.SH004.C1.RH.4.418.root.4.12.lane7.NoIndex.L007.sequences","1642.MS00377","2382.SH005.C3.RH.2.457.rhizo.4.12.lane7.NoIndex.L007.sequences","1642.MS00464","2382.SH004.C1.RH.2.608.root.9.12.lane7.NoIndex.L007.sequences","1642.MS00548"
"2382.MU002.C3.HA.2.482.rhizo.4.12.lane7.NoIndex.L007.sequences",0,0.0886323707037,0.0453484520831,0.0804764965327,0.0937377974947,0.0472616352878,0.0468895850876,0.0435751282791,0.1030388060657,0.0370469926398,0.0324737564125,0.0400117285363,0.055460433858,0.0267928028395,0.0835676236547,0.0486471955683,0.0346013402417,0.0548113452569,0.0401203179077,0.0908586836763,0.0682564854951,0.0911104779999,0.0809350159111,0.0558954586069,0.0950676947648,0.0533853702304,0.0810970459261,0.0279628117912,0.117365181824,0.0282150098348,0.0379716440127,0.0340238849624,0.0363879545511,0.0920265379891,0.0492351738776,0.0989499030096,0.0330776246909,0.0833915574688,0.059612412731,0.0967950530456
"1642.MS00508",0.0886323707037,0,0.0971750202287,0.0267960686947,0.0221531325415,0.0858570312557,0.0890705410915,0.0865850629797,0.0264923247873,0.0741564650993,0.0795950571138,0.0873591932958,0.0970598206672,0.0846380393919,0.0218518668432,0.0827997765026,0.0831887456436,0.0953011978798,0.0841932999865,0.025937061808,0.1002982331074,0.022964089794,0.0178972073419,0.0967818345573,0.0195846672331,0.0974527635448,0.0189991230154,0.0902549766865,0.0203443182466,0.0914462300902,0.1267121475243,0.0823962577404,0.0828540658737,0.0231645029131,0.0997589668362,0.0304546490708,0.087545859696,0.0235866248815,0.1050478889447,0.0187739534289
"2382.DPOO1.C1.HA.5.448.root.4.12.lane7.NoIndex.L007.sequences",0.0453484520831,0.0971750202287,0,0.0936672501634,0.1081588663881,0.0743385824086,0.0201109180285,0.0228163986202,0.1193779551027,0.0550580011663,0.0311382710868,0.0167838354783,0.017172001666,0.0405654099852,0.0994032436596,0.0330886886019,0.0180567814948,0.0165480615564,0.0297914563924,0.1097915012134,0.0445743594406,0.1113155418805,0.0936962538263,0.0147549350803,0.1107744506769,0.0282228477756,0.0891545392147,0.0487628834449,0.1311478266845,0.056884779453,0.0557068415552,0.0234121093418,0.017085709778,0.1064665524912,0.0157052056142,0.1072890777269,0.0481910238963,0.1034891385877,0.0139046608432,0.1087682329428
"1642.MS00385",0.0804764965327,0.0267960686947,0.0936672501634,0,0.0294704767489,0.0815898606405,0.0899902329793,0.0850599882202,0.032223110656,0.0672343799302,0.0785217719827,0.0862480948524,0.0977694099895,0.0813161288654,0.020249448213,0.0819083297241,0.0803769214,0.0958312597398,0.0801723741997,0.0323815273274,0.0958556362774,0.0287048736639,0.0200591240256,0.0977848833593,0.0263375068551,0.0924247244053,0.025701364514,0.0790676173603,0.0364146554504,0.0833022807358,0.076427351934,0.0813301521857,0.0787674618079,0.0270844704952,0.097408952215,0.0252990211365,0.0807012111644,0.0267036311337,0.104277919495,0.0261046354498
"1642.MS00527",0.0937377974947,0.0221531325415,0.1081588663881,0.0294704767489,0,0.0999719255152,0.1030233148944,0.0974759780973,0.029615373761,0.083370567644,0.0909714781419,0.0998376864945,0.11520716819,0.0907679989124,0.0265630505663,0.0977129562119,0.0937597667362,0.1120166609419,0.0956268535816,0.0284544599797,0.122181305072,0.0251988470148,0.0240373215794,0.1105473781166,0.0261895313438,0.1122959604333,0.0265867504637,0.0960313553923,0.0249161483803,0.0961602432767,0.104747149042,0.0903107200496,0.0930672079946,0.026831213966,0.1120517438664,0.0349344498726,0.0969823225508,0.0289615912065,0.1171424510241,0.0236117118015
"2382.RU006.C181.RH.2.782.rhizo.9.12.lane7.NoIndex.L007.sequences",0.0472616352878,0.0858570312557,0.0743385824086,0.0815898606405,0.0999719255152,0,0.0618162984469,0.0547390792789,0.1043504616613,0.0357896385848,0.0554939538636,0.0633458635678,0.0804860151943,0.0526567521337,0.0850798399727,0.0403078909824,0.0569901806779,0.073645120552,0.0509579451803,0.0948030138672,0.0672039021707,0.098413525115,0.0800775262982,0.0805889173981,0.0997344871406,0.0741156444749,0.078114336739,0.0411833227433,0.1250232243229,0.0428627175684,0.03855990001,0.0573057947347,0.0600671110964,0.0966354383803,0.0721801839841,0.0961719467949,0.0579328284249,0.0856273628293,0.0916461543101,0.0990138105715
"2382.HE003.C181.HA.5.773.root.9.12.lane7.NoIndex.L007.sequences",0.0468895850876,0.0890705410915,0.0201109180285,0.0899902329793,0.1030233148944,0.0618162984469,0,0.0146808338042,0.1132399817828,0.0514638847125,0.0296508535723,0.017876400795,0.017281201785,0.045211618458,0.0935123152612,0.0239180213001,0.0223347038934,0.0174290199638,0.0177521349696,0.1019350287571,0.0350490435586,0.1039129399731,0.087631201509,0.0189996586543,0.1022533257049,0.0268281214826,0.0800446168738,0.0489178473909,0.1243575573523,0.0525648506156,0.0541823026147,0.0259025666894,0.0217363752517,0.1001948389609,0.015700508384,0.1062514013151,0.0480669709709,0.0961021403535,0.0176321231767,0.1007361942894
"2382.HE003.C181.HA.4.135.root.6.11.lane1.NoIndex.L001.sequences",0.0435751282791,0.0865850629797,0.0228163986202,0.0850599882202,0.0974759780973,0.0547390792789,0.0146808338042,0,0.1119921818141,0.043181896182,0.026964990375,0.0206029203289,0.0184469509318,0.0418237363143,0.0890678799241,0.0255750624733,0.0252092417451,0.0220800844041,0.0135155056973,0.0972217021822,0.0332994848061,0.1002120522865,0.0825257455169,0.0234390097315,0.0984524909417,0.0300618344163,0.0783190438452,0.0468486511408,0.121511593659,0.0471925813524,0.0544915507106,0.0255932406191,0.023408855405,0.0949170537706,0.019084592505,0.1015280853256,0.0459294269385,0.0929919162949,0.0242458819163,0.0982397047856
"1642.MS00555",0.1030388060657,0.0264923247873,0.1193779551027,0.032223110656,0.029615373761,0.1043504616613,0.1132399817828,0.1119921818141,0,0.0873735612745,0.1016938761861,0.1165507815086,0.1296969008062,0.0976041179946,0.0264307034206,0.1118562100726,0.1045942207117,0.122865900985,0.1078357590534,0.0273679190134,0.1317509686491,0.0255297280342,0.0270803981969,0.1264085573192,0.0264400062013,0.1233096355117,0.0327282861661,0.1010747012318,0.030516636362,0.1021074530224,0.0927455863352,0.1045506621822,0.1021159793716,0.0271864369956,0.1232895292218,0.0378848744238,0.1124712896576,0.0268513324556,0.1263418163102,0.0258403135918
"2382.GM.181.R4.rhizo.10.12.lane7.NoIndex.L007.sequences",0.0370469926398,0.0741564650993,0.0550580011663,0.0672343799302,0.083370567644,0.0357896385848,0.0514638847125,0.043181896182,0.0873735612745,0,0.0410633776317,0.0502203262251,0.0600232873671,0.0412481245635,0.0705535261365,0.0420994048832,0.0437152125011,0.0564227855279,0.0414645183613,0.0799991943749,0.0549673347284,0.0808597578665,0.0667795452678,0.0615979308869,0.0795061862153,0.0579810384365,0.0648449618172,0.0357579021739,0.1080622842256,0.0374399698223,0.0156579961786,0.0465325514415,0.0444577016385,0.0789701841092,0.0509404037313,0.0790025033235,0.0414643205509,0.0698439411608,0.0709326007577,0.0806772380855
"2382.SH005.C3.RH.5.273.root.9.11.lane1.NoIndex.L001.sequences",0.0324737564125,0.0795950571138,0.0311382710868,0.0785217719827,0.0909714781419,0.0554939538636,0.0296508535723,0.026964990375,0.1016938761861,0.0410633776317,0,0.0240299433477,0.032322118792,0.0363271946941,0.0828377287506,0.0380645351981,0.0236253239728,0.0292006167164,0.0282985499999,0.0906833590441,0.0400532211225,0.0940986257662,0.0761008825974,0.0345308181356,0.0910641211344,0.0234948368521,0.0772135392217,0.0368950127959,0.110063332545,0.0374085247515,0.0714875850495,0.0272317084546,0.0243316767895,0.0910373964749,0.0311293658314,0.0879624582086,0.0294163943967,0.0840618934559,0.0341511051915,0.089550230787
"2382.MU002.C3.HA.1.278.root.9.11.lane1.NoIndex.L001.sequences",0.0400117285363,0.0873591932958,0.0167838354783,0.0862480948524,0.0998376864945,0.0633458635678,0.017876400795,0.0206029203289,0.1165507815086,0.0502203262251,0.0240299433477,0,0.0205820401199,0.0437328602643,0.092586500929,0.0331394402009,0.0196006454277,0.0174372608653,0.0280494325791,0.1011946563469,0.0324229341795,0.1018969272059,0.0857582418818,0.0188611600918,0.1012278533758,0.0243516165038,0.0819118077857,0.0489168939716,0.1203900682774,0.0490435701138,0.0513717761516,0.0221754821685,0.0186341811415,0.0984559406807,0.0193143311853,0.0998926502427,0.0431816060879,0.0990297079051,0.0188390055626,0.1001570819081
"2382.SH007.C6.RH.1.503.root.4.12.lane7.NoIndex.L007.sequences",0.055460433858,0.0970598206672,0.017172001666,0.0977694099895,0.11520716819,0.0804860151943,0.017281201785,0.0184469509318,0.1296969008062,0.0600232873671,0.032322118792,0.0205820401199,0,0.057417654091,0.1043314355705,0.0288144287327,0.0245151382544,0.0131662123612,0.0242303423422,0.11735169715,0.0320244838857,0.1225209217212,0.0947405082361,0.0167035020908,0.1189743456772,0.0273959555453,0.0913338057039,0.0580786811175,0.1419679915388,0.0625539876809,0.0588521123214,0.031565475546,0.0273527937252,0.1136173003328,0.0122404016898,0.1110051432444,0.0443173351051,0.1103689416896,0.0139135645977,0.114410224525
"2382.DPOO1.C1.HA.4.442.rhizo.4.12.r1.lane7.NoIndex.L007.sequences",0.0267928028395,0.0846380393919,0.0405654099852,0.0813161288654,0.0907679989124,0.0526567521337,0.045211618458,0.0418237363143,0.0976041179946,0.0412481245635,0.0363271946941,0.0437328602643,0.057417654091,0,0.0811867768224,0.0512395230277,0.0330792317274,0.0557783099243,0.0381701397622,0.0869226647794,0.0748464017826,0.0893835058139,0.0792470326147,0.0514556339067,0.0932766008189,0.0607316504124,0.0805199693751,0.0258514649937,0.1147802706678,0.0301909469435,0.0426449546213,0.0299027019231,0.0325799841652,0.0893216384418,0.050176599474,0.0975485670188,0.0392034672756,0.0847239562874,0.0573890191095,0.0935826729742
"1642.MS00417",0.0835676236547,0.0218518668432,0.0994032436596,0.020249448213,0.0265630505663,0.0850798399727,0.0935123152612,0.0890678799241,0.0264307034206,0.0705535261365,0.0828377287506,0.092586500929,0.1043314355705,0.0811867768224,0,0.0868626515311,0.0852163833452,0.1023504110514,0.0854262831948,0.0265140984334,0.1072445349937,0.0244790744123,0.0186130166781,0.1036332338612,0.0221891355762,0.1002474515252,0.0231361071188,0.084079001207,0.0286202188037,0.0845324164151,0.0776332963938,0.0840329673593,0.0847847064211,0.0224995872029,0.1034328839278,0.0249482126885,0.0851697404856,0.0229252418871,0.1111306363145,0.0223962907942
"2382.RU006.C181.RH.2.583.root.4.12.lane7.NoIndex.L007.sequences",0.0486471955683,0.0827997765026,0.0330886886019,0.0819083297241,0.0977129562119,0.0403078909824,0.0239180213001,0.0255750624733,0.1118562100726,0.0420994048832,0.0380645351981,0.0331394402009,0.0288144287327,0.0512395230277,0.0868626515311,0,0.0336702590546,0.0303002557655,0.0269669931577,0.0968320444463,0.0259366845868,0.1010868755738,0.07922711336,0.0297935395827,0.0995673805209,0.0370438954148,0.0728619958252,0.050744414944,0.1234180074012,0.0537556366877,0.0420626174641,0.0363384717918,0.0334557222591,0.0944372603495,0.0272887349336,0.0952748900693,0.0487927749372,0.0924145854953,0.0370286297422,0.0969790936983
"2382.DPOO1.C1.HA.3.638.root.9.12.lane7.NoIndex.L007.sequences",0.0346013402417,0.0831887456436,0.0180567814948,0.0803769214,0.0937597667362,0.0569901806779,0.0223347038934,0.0252092417451,0.1045942207117,0.0437152125011,0.0236253239728,0.0196006454277,0.0245151382544,0.0330792317274,0.0852163833452,0.0336702590546,0,0.0214801289157,0.0272458346498,0.0949371769086,0.0410907356811,0.0966035365005,0.0796001940283,0.0218533306763,0.0954638936224,0.0235091957516,0.076908308519,0.033604696307,0.1135852325453,0.0426198080595,0.0609104878144,0.0189882396397,0.017650450958,0.0936595010341,0.0218923632443,0.0969481217231,0.0354464511424,0.0883247560165,0.0219316009958,0.0932823997381
"2382.SH005.C3.RH.4.668.root.9.12.lane7.NoIndex.L007.sequences",0.0548113452569,0.0953011978798,0.0165480615564,0.0958312597398,0.1120166609419,0.073645120552,0.0174290199638,0.0220800844041,0.122865900985,0.0564227855279,0.0292006167164,0.0174372608653,0.0131662123612,0.0557783099243,0.1023504110514,0.0303002557655,0.0214801289157,0,0.0279000151471,0.1128260429179,0.0270826574169,0.1153007278686,0.0939271856901,0.0158737278683,0.1135266052675,0.0226388057997,0.0854552099261,0.0563741147513,0.1357217044224,0.0603461281559,0.0578334866915,0.0285435256241,0.0227663205615,0.1110634393373,0.0125305365223,0.1113116772548,0.0460286839519,0.1066470711438,0.0134103981603,0.109367388621
"2382.HE003.C181.HA.2.127.root.6.11.lane1.NoIndex.L001.sequences",0.0401203179077,0.0841932999865,0.0297914563924,0.0801723741997,0.0956268535816,0.0509579451803,0.0177521349696,0.0135155056973,0.1078357590534,0.0414645183613,0.0282985499999,0.0280494325791,0.0242303423422,0.0381701397622,0.0854262831948,0.0269669931577,0.0272458346498,0.0279000151471,0,0.0945148100476,0.034727667725,0.0962150231534,0.0794354583118,0.0278029241522,0.0941359973,0.0362167284396,0.0757495474054,0.0421378193403,0.1168133935333,0.0445728844645,0.053912824095,0.0274347351863,0.0271530637767,0.0936684980004,0.0247354089503,0.0954193857454,0.0417523582103,0.0901928511134,0.0331932050283,0.0950003195869
"1642.MS00611",0.0908586836763,0.025937061808,0.1097915012134,0.0323815273274,0.0284544599797,0.0948030138672,0.1019350287571,0.0972217021822,0.0273679190134,0.0799991943749,0.0906833590441,0.1011946563469,0.11735169715,0.0869226647794,0.0265140984334,0.0968320444463,0.0949371769086,0.1128260429179,0.0945148100476,0,0.1262798485128,0.0244135491199,0.0244555489333,0.1122894153578,0.0241997582142,0.1145617440925,0.0312497226136,0.0908000347986,0.0263407046292,0.0897838147071,0.0847533826965,0.0902511857982,0.0939032852289,0.0228038710021,0.1125708798764,0.0423255819719,0.0954945168461,0.025489452103,0.1212927427345,0.0263627046204
"2382.GM.181.R4.root.10.12.lane7.NoIndex.L007.sequences",0.0682564854951,0.1002982331074,0.0445743594406,0.0958556362774,0.122181305072,0.0672039021707,0.0350490435586,0.0332994848061,0.1317509686491,0.0549673347284,0.0400532211225,0.0324229341795,0.0320244838857,0.0748464017826,0.1072445349937,0.0259366845868,0.0410907356811,0.0270826574169,0.034727667725,0.1262798485128,0,0.1242284327816,0.095237664077,0.0335029551855,0.124090988678,0.0267520010003,0.0866570031527,0.0705915685369,0.1426860369372,0.0707955020205,0.0508663891536,0.047115635289,0.0420105605876,0.1188561564246,0.0336668734838,0.1024109876941,0.0555306173419,0.1110600860821,0.0418613843049,0.1163734426429
"1642.MS00596",0.0911104779999,0.022964089794,0.1113155418805,0.0287048736639,0.0251988470148,0.098413525115,0.1039129399731,0.1002120522865,0.0255297280342,0.0808597578665,0.0940986257662,0.1018969272059,0.1225209217212,0.0893835058139,0.0244790744123,0.1010868755738,0.0966035365005,0.1153007278686,0.0962150231534,0.0244135491199,0.1242284327816,0,0.024316254137,0.1154565630427,0.0230964878965,0.115416515353,0.0285750192553,0.0924119804127,0.0263973057007,0.092754189522,0.0852889822012,0.0915793815653,0.097197271979,0.0242590306968,0.1171801575086,0.0368920187983,0.0976214121657,0.0252116633936,0.1213906608552,0.0236189686264
"1642.MS00409",0.0809350159111,0.0178972073419,0.0936962538263,0.0200591240256,0.0240373215794,0.0800775262982,0.087631201509,0.0825257455169,0.0270803981969,0.0667795452678,0.0761008825974,0.0857582418818,0.0947405082361,0.0792470326147,0.0186130166781,0.07922711336,0.0796001940283,0.0939271856901,0.0794354583118,0.0244555489333,0.095237664077,0.024316254137,0,0.0943608116911,0.0193289779774,0.0922547746325,0.0207227004899,0.0817295990392,0.0252995706732,0.0845902763274,0.0991289238117,0.0789943182946,0.0785505934914,0.0217645716941,0.0965299395862,0.0258452508973,0.0809776314861,0.0216331045408,0.102816918898,0.019009943371
"2382.DPOO1.C1.HA.1.428.root.4.12.lane7.NoIndex.L007.sequences",0.0558954586069,0.0967818345573,0.0147549350803,0.0977848833593,0.1105473781166,0.0805889173981,0.0189996586543,0.0234390097315,0.1264085573192,0.0615979308869,0.0345308181356,0.0188611600918,0.0167035020908,0.0514556339067,0.1036332338612,0.0297935395827,0.0218533306763,0.0158737278683,0.0278029241522,0.1122894153578,0.0335029551855,0.1154565630427,0.0943608116911,0,0.1146212618274,0.0295146229901,0.0880586188506,0.0566269271113,0.137718630815,0.0657687369675,0.0601773297651,0.0235863187532,0.0196366152252,0.1119672237572,0.0155076695603,0.1105656004498,0.0511723247044,0.1106406776582,0.0141116514858,0.1127050321426
"1642.MS00530",0.0950676947648,0.0195846672331,0.1107744506769,0.0263375068551,0.0261895313438,0.0997344871406,0.1022533257049,0.0984524909417,0.0264400062013,0.0795061862153,0.0910641211344,0.1012278533758,0.1189743456772,0.0932766008189,0.0221891355762,0.0995673805209,0.0954638936224,0.1135266052675,0.0941359973,0.0241997582142,0.124090988678,0.0230964878965,0.0193289779774,0.1146212618274,0,0.1156667811851,0.0235204761242,0.0954867252778,0.022521170709,0.096543516582,0.0870895611638,0.0925740811221,0.092245645626,0.0213007845684,0.1145928337447,0.0338902631848,0.0972347664597,0.0222075369022,0.1165956931849,0.0180524605505
"2382.SH004.C1.RH.4.618.root.9.12.lane7.NoIndex.L007.sequences",0.0533853702304,0.0974527635448,0.0282228477756,0.0924247244053,0.1122959604333,0.0741156444749,0.0268281214826,0.0300618344163,0.1233096355117,0.0579810384365,0.0234948368521,0.0243516165038,0.0273959555453,0.0607316504124,0.1002474515252,0.0370438954148,0.0235091957516,0.0226388057997,0.0362167284396,0.1145617440925,0.0267520010003,0.115416515353,0.0922547746325,0.0295146229901,0.1156667811851,0,0.089864620297,0.0536792796742,0.1359053063264,0.0623907969257,0.0629550682283,0.0344325643981,0.0340400373396,0.1138400911515,0.025780675327,0.1066483376528,0.0439928840477,0.1039102645841,0.0214382650506,0.1099096538078
"1642.MS00504",0.0810970459261,0.0189991230154,0.0891545392147,0.025701364514,0.0265867504637,0.078114336739,0.0800446168738,0.0783190438452,0.0327282861661,0.0648449618172,0.0772135392217,0.0819118077857,0.0913338057039,0.0805199693751,0.0231361071188,0.0728619958252,0.076908308519,0.0854552099261,0.0757495474054,0.0312497226136,0.0866570031527,0.0285750192553,0.0207227004899,0.0880586188506,0.0235204761242,0.089864620297,0,0.0812974104494,0.027251057292,0.087041698819,0.1064325160317,0.0765004044256,0.0786864610593,0.0267774008044,0.0902880401574,0.0319877871465,0.0803935041702,0.0237411662316,0.1009324315107,0.0209716885069
"2382.DPOO1.C1.HA.4.642.rhizo.9.12.lane7.NoIndex.L007.sequences",0.0279628117912,0.0902549766865,0.0487628834449,0.0790676173603,0.0960313553923,0.0411833227433,0.0489178473909,0.0468486511408,0.1010747012318,0.0357579021739,0.0368950127959,0.0489168939716,0.0580786811175,0.0258514649937,0.084079001207,0.050744414944,0.033604696307,0.0563741147513,0.0421378193403,0.0908000347986,0.0705915685369,0.0924119804127,0.0817295990392,0.0566269271113,0.0954867252778,0.0536792796742,0.0812974104494,0,0.1200049491738,0.0282315756651,0.0378774174445,0.0313669826714,0.0378833199587,0.0913451162482,0.0513236766472,0.1002565542944,0.0365822315232,0.0838225770547,0.0623984868643,0.0949694486621
"1642.MS00589",0.117365181824,0.0203443182466,0.1311478266845,0.0364146554504,0.0249161483803,0.1250232243229,0.1243575573523,0.121511593659,0.030516636362,0.1080622842256,0.110063332545,0.1203900682774,0.1419679915388,0.1147802706678,0.0286202188037,0.1234180074012,0.1135852325453,0.1357217044224,0.1168133935333,0.0263407046292,0.1426860369372,0.0263973057007,0.0252995706732,0.137718630815,0.022521170709,0.1359053063264,0.027251057292,0.1200049491738,0,0.1174022992409,0.1125074731471,0.1121867171106,0.1123871765483,0.0272432781677,0.1383763290433,0.0409326613672,0.1214837218666,0.0292167429675,0.1423361511216,0.0217024587195
"2382.MU002.C3.HA.5.697.rhizo.9.12.lane7.NoIndex.L007.sequences",0.0282150098348,0.0914462300902,0.056884779453,0.0833022807358,0.0961602432767,0.0428627175684,0.0525648506156,0.0471925813524,0.1021074530224,0.0374399698223,0.0374085247515,0.0490435701138,0.0625539876809,0.0301909469435,0.0845324164151,0.0537556366877,0.0426198080595,0.0603461281559,0.0445728844645,0.0897838147071,0.0707955020205,0.092754189522,0.0845902763274,0.0657687369675,0.096543516582,0.0623907969257,0.087041698819,0.0282315756651,0.1174022992409,0,0.0442051062605,0.0426914758074,0.0425501593459,0.0925307701116,0.05972307599,0.0995254814941,0.0398358455641,0.0865193628571,0.0690472596476,0.0967692587574
"2382.GM.181.R2.rhizo.10.12.lane7.NoIndex.L007.sequences",0.0379716440127,0.1267121475243,0.0557068415552,0.076427351934,0.104747149042,0.03855990001,0.0541823026147,0.0544915507106,0.0927455863352,0.0156579961786,0.0714875850495,0.0513717761516,0.0588521123214,0.0426449546213,0.0776332963938,0.0420626174641,0.0609104878144,0.0578334866915,0.053912824095,0.0847533826965,0.0508663891536,0.0852889822012,0.0991289238117,0.0601773297651,0.0870895611638,0.0629550682283,0.1064325160317,0.0378774174445,0.1125074731471,0.0442051062605,0,0.0546909533946,0.0542829301115,0.082725657476,0.051733913632,0.0868030836553,0.0441386983756,0.0823759007003,0.0708888548073,0.1007592068955
"2382.DPOO1.C1.HA.1.23.root.6.11.lane1.NoIndex.L001.sequences",0.0340238849624,0.0823962577404,0.0234121093418,0.0813301521857,0.0903107200496,0.0573057947347,0.0259025666894,0.0255932406191,0.1045506621822,0.0465325514415,0.0272317084546,0.0221754821685,0.031565475546,0.0299027019231,0.0840329673593,0.0363384717918,0.0189882396397,0.0285435256241,0.0274347351863,0.0902511857982,0.047115635289,0.0915793815653,0.0789943182946,0.0235863187532,0.0925740811221,0.0344325643981,0.0765004044256,0.0313669826714,0.1121867171106,0.0426914758074,0.0546909533946,0,0.0200019866734,0.089121334162,0.0276432520778,0.0963309630291,0.0367125861695,0.0871969427962,0.030537803187,0.0933697398898
"2382.DPOO1.C1.HA.4.243.root.9.11.lane1.NoIndex.L001.sequences",0.0363879545511,0.0828540658737,0.017085709778,0.0787674618079,0.0930672079946,0.0600671110964,0.0217363752517,0.023408855405,0.1021159793716,0.0444577016385,0.0243316767895,0.0186341811415,0.0273527937252,0.0325799841652,0.0847847064211,0.0334557222591,0.017650450958,0.0227663205615,0.0271530637767,0.0939032852289,0.0420105605876,0.097197271979,0.0785505934914,0.0196366152252,0.092245645626,0.0340400373396,0.0786864610593,0.0378833199587,0.1123871765483,0.0425501593459,0.0542829301115,0.0200019866734,0,0.0915591671483,0.0211001802484,0.0905995484181,0.0384021569988,0.090460241222,0.0224501814215,0.0944018476895
"1642.MS00453",0.0920265379891,0.0231645029131,0.1064665524912,0.0270844704952,0.026831213966,0.0966354383803,0.1001948389609,0.0949170537706,0.0271864369956,0.0789701841092,0.0910373964749,0.0984559406807,0.1136173003328,0.0893216384418,0.0224995872029,0.0944372603495,0.0936595010341,0.1110634393373,0.0936684980004,0.0228038710021,0.1188561564246,0.0242590306968,0.0217645716941,0.1119672237572,0.0213007845684,0.1138400911515,0.0267774008044,0.0913451162482,0.0272432781677,0.0925307701116,0.082725657476,0.089121334162,0.0915591671483,0,0.1087238757832,0.0328570896273,0.0972745279002,0.0221420184748,0.1173258840616,0.0230220411145
"2382.SH004.C1.RH.4.418.root.4.12.lane7.NoIndex.L007.sequences",0.0492351738776,0.0997589668362,0.0157052056142,0.097408952215,0.1120517438664,0.0721801839841,0.015700508384,0.019084592505,0.1232895292218,0.0509404037313,0.0311293658314,0.0193143311853,0.0122404016898,0.050176599474,0.1034328839278,0.0272887349336,0.0218923632443,0.0125305365223,0.0247354089503,0.1125708798764,0.0336668734838,0.1171801575086,0.0965299395862,0.0155076695603,0.1145928337447,0.025780675327,0.0902880401574,0.0513236766472,0.1383763290433,0.05972307599,0.051733913632,0.0276432520778,0.0211001802484,0.1087238757832,0,0.1118016589243,0.0453358053051,0.1065858575922,0.0111527609161,0.1120358705687
"1642.MS00377",0.0989499030096,0.0304546490708,0.1072890777269,0.0252990211365,0.0349344498726,0.0961719467949,0.1062514013151,0.1015280853256,0.0378848744238,0.0790025033235,0.0879624582086,0.0998926502427,0.1110051432444,0.0975485670188,0.0249482126885,0.0952748900693,0.0969481217231,0.1113116772548,0.0954193857454,0.0423255819719,0.1024109876941,0.0368920187983,0.0258452508973,0.1105656004498,0.0338902631848,0.1066483376528,0.0319877871465,0.1002565542944,0.0409326613672,0.0995254814941,0.0868030836553,0.0963309630291,0.0905995484181,0.0328570896273,0.1118016589243,0,0.093491581937,0.0356385600617,0.1159311859941,0.0337665681524
"2382.SH005.C3.RH.2.457.rhizo.4.12.lane7.NoIndex.L007.sequences",0.0330776246909,0.087545859696,0.0481910238963,0.0807012111644,0.0969823225508,0.0579328284249,0.0480669709709,0.0459294269385,0.1124712896576,0.0414643205509,0.0294163943967,0.0431816060879,0.0443173351051,0.0392034672756,0.0851697404856,0.0487927749372,0.0354464511424,0.0460286839519,0.0417523582103,0.0954945168461,0.0555306173419,0.0976214121657,0.0809776314861,0.0511723247044,0.0972347664597,0.0439928840477,0.0803935041702,0.0365822315232,0.1214837218666,0.0398358455641,0.0441386983756,0.0367125861695,0.0384021569988,0.0972745279002,0.0453358053051,0.093491581937,0,0.0879716851927,0.0548964942506,0.0999646613237
"1642.MS00464",0.0833915574688,0.0235866248815,0.1034891385877,0.0267036311337,0.0289615912065,0.0856273628293,0.0961021403535,0.0929919162949,0.0268513324556,0.0698439411608,0.0840618934559,0.0990297079051,0.1103689416896,0.0847239562874,0.0229252418871,0.0924145854953,0.0883247560165,0.1066470711438,0.0901928511134,0.025489452103,0.1110600860821,0.0252116633936,0.0216331045408,0.1106406776582,0.0222075369022,0.1039102645841,0.0237411662316,0.0838225770547,0.0292167429675,0.0865193628571,0.0823759007003,0.0871969427962,0.090460241222,0.0221420184748,0.1065858575922,0.0356385600617,0.0879716851927,0,0.1115398422856,0.0220727550545
"2382.SH004.C1.RH.2.608.root.9.12.lane7.NoIndex.L007.sequences",0.059612412731,0.1050478889447,0.0139046608432,0.104277919495,0.1171424510241,0.0916461543101,0.0176321231767,0.0242458819163,0.1263418163102,0.0709326007577,0.0341511051915,0.0188390055626,0.0139135645977,0.0573890191095,0.1111306363145,0.0370286297422,0.0219316009958,0.0134103981603,0.0331932050283,0.1212927427345,0.0418613843049,0.1213906608552,0.102816918898,0.0141116514858,0.1165956931849,0.0214382650506,0.1009324315107,0.0623984868643,0.1423361511216,0.0690472596476,0.0708888548073,0.030537803187,0.0224501814215,0.1173258840616,0.0111527609161,0.1159311859941,0.0548964942506,0.1115398422856,0,0.1154463918044
"1642.MS00548",0.0967950530456,0.0187739534289,0.1087682329428,0.0261046354498,0.0236117118015,0.0990138105715,0.1007361942894,0.0982397047856,0.0258403135918,0.0806772380855,0.089550230787,0.1001570819081,0.114410224525,0.0935826729742,0.0223962907942,0.0969790936983,0.0932823997381,0.109367388621,0.0950003195869,0.0263627046204,0.1163734426429,0.0236189686264,0.019009943371,0.1127050321426,0.0180524605505,0.1099096538078,0.0209716885069,0.0949694486621,0.0217024587195,0.0967692587574,0.1007592068955,0.0933697398898,0.0944018476895,0.0230220411145,0.1120358705687,0.0337665681524,0.0999646613237,0.0220727550545,0.1154463918044,0
