"","2382.DPOO1.C1.HA.1.428.root.4.12.lane7.NoIndex.L007.sequences","2382.MU002.C3.HA.5.697.rhizo.9.12.lane7.NoIndex.L007.sequences","2382.MU002.C3.HA.1.278.root.9.11.lane1.NoIndex.L001.sequences","2382.DPOO1.C1.HA.4.442.rhizo.4.12.r1.lane7.NoIndex.L007.sequences","1642.MS00453","1642.MS00385","1642.MS00548","2382.GM.181.R4.rhizo.10.12.lane7.NoIndex.L007.sequences","2382.SH004.C1.RH.4.418.root.4.12.lane7.NoIndex.L007.sequences","1642.MS00596","1642.MS00409","1642.MS00530","2382.DPOO1.C1.HA.4.243.root.9.11.lane1.NoIndex.L001.sequences","2382.DPOO1.C1.HA.3.638.root.9.12.lane7.NoIndex.L007.sequences","1642.MS00377","2382.MU002.C3.HA.2.482.rhizo.4.12.lane7.NoIndex.L007.sequences","2382.RU006.C181.RH.2.583.root.4.12.lane7.NoIndex.L007.sequences","2382.SH005.C3.RH.5.273.root.9.11.lane1.NoIndex.L001.sequences","2382.SH007.C6.RH.1.503.root.4.12.lane7.NoIndex.L007.sequences","1642.MS00527","2382.SH005.C3.RH.2.457.rhizo.4.12.lane7.NoIndex.L007.sequences","1642.MS00611","2382.SH005.C3.RH.4.668.root.9.12.lane7.NoIndex.L007.sequences","1642.MS00464","2382.HE003.C181.HA.4.135.root.6.11.lane1.NoIndex.L001.sequences","2382.DPOO1.C1.HA.5.448.root.4.12.lane7.NoIndex.L007.sequences","2382.DPOO1.C1.HA.4.642.rhizo.9.12.lane7.NoIndex.L007.sequences","2382.GM.181.R4.root.10.12.lane7.NoIndex.L007.sequences","1642.MS00508","2382.HE003.C181.HA.2.127.root.6.11.lane1.NoIndex.L001.sequences","2382.DPOO1.C1.HA.1.23.root.6.11.lane1.NoIndex.L001.sequences","2382.SH004.C1.RH.2.608.root.9.12.lane7.NoIndex.L007.sequences","2382.HE003.C181.HA.5.773.root.9.12.lane7.NoIndex.L007.sequences","1642.MS00589","2382.SH004.C1.RH.4.618.root.9.12.lane7.NoIndex.L007.sequences","1642.MS00504","1642.MS00417","1642.MS00555","2382.RU006.C181.RH.2.782.rhizo.9.12.lane7.NoIndex.L007.sequences","2382.GM.181.R2.rhizo.10.12.lane7.NoIndex.L007.sequences"
"2382.DPOO1.C1.HA.1.428.root.4.12.lane7.NoIndex.L007.sequences",0,0.971,-1,0.929,1,1,1,1,-1,1,1,1,-1,-0.996,1,0.94,-0.914,-0.0639999999999999,-1,1,0.97,1,-0.998,1,-0.996,-1,0.922,0.198,1,-0.908,-0.998,-0.998,-0.998,1,-0.546,1,1,1,1,1
"2382.MU002.C3.HA.5.697.rhizo.9.12.lane7.NoIndex.L007.sequences",0.971,0,0.988,-0.0649999999999999,1,1,1,0.796,0.998,1,1,1,0.988,1,1,-0.521,1,0.996,0.967,1,1,1,0.974,1,0.994,0.99,0.351,1,1,0.989,0.998,0.998,0.998,1,1,1,1,1,1,0.952
"2382.MU002.C3.HA.1.278.root.9.11.lane1.NoIndex.L001.sequences",-1,0.988,0,0.996,1,1,1,1,-0.954,1,1,1,-0.944,-0.942,1,0.928,-0.255,-0.366,-0.966,1,0.998,1,-0.978,1,-0.966,-0.99,0.99,0.0880000000000001,1,-0.8,-0.98,-0.986,-0.97,1,-0.818,1,1,1,1,1
"2382.DPOO1.C1.HA.4.442.rhizo.4.12.r1.lane7.NoIndex.L007.sequences",0.929,-0.0649999999999999,0.996,0,1,1,1,0.976,0.992,1,1,1,0.915,0.937,1,0.315,1,1,0.956,1,0.996,1,0.98,1,0.998,0.962,-0.316,1,1,0.974,0.889,0.976,0.994,1,0.998,1,1,1,1,0.992
"1642.MS00453",1,1,1,1,0,-0.017,-0.043,1,1,-0.303,0.071,-0.648,1,1,0.958,1,1,1,1,0.129,1,-0.683,1,-0.147,1,1,1,1,0.705,1,1,1,1,0.694,1,0.745,-0.557,0.264,1,1
"1642.MS00385",1,1,1,1,-0.017,0,0.022,1,1,0.575,-0.259,-0.091,1,1,0.154,1,1,1,1,0.26,1,0.662,1,-0.021,1,1,1,1,0.66,1,1,1,1,0.99,1,0.252,-0.802,0.982,1,1
"1642.MS00548",1,1,1,1,-0.043,0.022,0,1,1,-0.024,-0.812,-0.847,1,1,0.894,1,1,1,1,-0.778,1,0.206,1,-0.468,1,1,1,1,-0.874,1,1,1,1,-0.116,1,-0.677,-0.189,0.617,1,1
"2382.GM.181.R4.rhizo.10.12.lane7.NoIndex.L007.sequences",1,0.796,1,0.976,1,1,1,0,1,1,1,1,1,1,1,0.884,1,1,1,1,1,1,1,1,0.998,1,0.739,0.998,1,1,1,1,1,1,1,1,1,1,0.978,-1
"2382.SH004.C1.RH.4.418.root.4.12.lane7.NoIndex.L007.sequences",-1,0.998,-0.954,0.992,1,1,1,1,0,1,1,1,-1,-0.982,1,0.986,-0.591,0.467,-1,1,0.976,1,-0.95,1,-0.956,-1,0.986,0.865,1,-0.675,-0.866,-1,-1,1,0.028,1,1,1,1,1
"1642.MS00596",1,1,1,1,-0.303,0.575,-0.024,1,1,0,0.41,-0.656,1,1,1,1,1,1,1,0.12,1,-0.594,1,0.2,1,1,1,1,0.671,1,1,1,1,0.554,1,0.66,-0.34,-0.025,1,1
"1642.MS00409",1,1,1,1,0.071,-0.259,-0.812,1,1,0.41,0,-0.327,1,1,0.682,1,1,1,1,-0.62,1,0.522,1,-0.109,1,1,1,1,-0.99,1,1,1,1,0.861,1,-0.952,-0.504,0.905,1,1
"1642.MS00530",1,1,1,1,-0.648,-0.091,-0.847,1,1,-0.656,-0.327,0,1,1,0.914,1,1,1,1,-0.148,1,-0.384,1,-0.288,1,1,1,1,0.0860000000000001,1,1,1,1,0.162,1,0.439,-0.571,0.297,1,1
"2382.DPOO1.C1.HA.4.243.root.9.11.lane1.NoIndex.L001.sequences",-1,0.988,-0.944,0.915,1,1,1,1,-1,1,1,1,0,-0.994,1,0.979,0.357,-0.135,-0.994,1,0.998,1,-0.866,1,-0.914,-1,0.98,0.974,1,-0.656,-0.936,-1,-0.99,1,-0.347,1,1,1,1,1
"2382.DPOO1.C1.HA.3.638.root.9.12.lane7.NoIndex.L007.sequences",-0.996,1,-0.942,0.937,1,1,1,1,-0.982,1,1,1,-0.994,0,1,0.954,0.179,0.166,-0.913,1,1,1,-0.938,1,-0.74,-0.99,0.87,0.83,1,-0.556,-0.934,-0.995,-0.898,1,-0.658,1,1,1,1,1
"1642.MS00377",1,1,1,1,0.958,0.154,0.894,1,1,1,0.682,0.914,1,1,0,1,1,1,1,0.922,1,0.996,1,0.933,1,1,1,1,0.974,1,1,1,1,1,1,0.974,0.369,1,1,1
"2382.MU002.C3.HA.2.482.rhizo.4.12.lane7.NoIndex.L007.sequences",0.94,-0.521,0.928,0.315,1,1,1,0.884,0.986,1,1,1,0.979,0.954,1,0,1,1,0.903,1,0.952,1,0.94,1,0.994,0.984,0.269,1,1,0.986,0.98,0.992,0.994,1,0.998,1,1,1,1,0.952
"2382.RU006.C181.RH.2.583.root.4.12.lane7.NoIndex.L007.sequences",-0.914,1,-0.255,1,1,1,1,1,-0.591,1,1,1,0.357,0.179,1,1,0,0.996,-0.796,1,1,1,-0.718,1,-0.828,-0.322,0.998,-0.692,1,-0.814,-0.252,-0.523,-0.774,1,0.566,1,1,1,0.915,1
"2382.SH005.C3.RH.5.273.root.9.11.lane1.NoIndex.L001.sequences",-0.0639999999999999,0.996,-0.366,1,1,1,1,1,0.467,1,1,1,-0.135,0.166,1,1,0.996,0,0.373,1,0.89,1,-0.448,1,-0.436,0.577,1,0.596,1,-0.584,0.388,0.093,0.1,1,-0.918,1,1,1,1,1
"2382.SH007.C6.RH.1.503.root.4.12.lane7.NoIndex.L007.sequences",-1,0.967,-0.966,0.956,1,1,1,1,-1,1,1,1,-0.994,-0.913,1,0.903,-0.796,0.373,0,1,0.944,1,-0.96,1,-0.988,-1,0.964,0.635,1,-0.81,-0.902,-1,-1,1,-0.093,1,1,1,1,1
"1642.MS00527",1,1,1,1,0.129,0.26,-0.778,1,1,0.12,-0.62,-0.148,1,1,0.922,1,1,1,1,0,1,0.177,1,0.209,1,1,1,1,-0.413,1,1,1,1,0.726,1,-0.349,-0.183,0.8,1,1
"2382.SH005.C3.RH.2.457.rhizo.4.12.lane7.NoIndex.L007.sequences",0.97,1,0.998,0.996,1,1,1,1,0.976,1,1,1,0.998,1,1,0.952,1,0.89,0.944,1,0,1,0.949,1,1,0.994,0.996,0.984,1,0.998,1,0.99,1,1,0.85,1,1,1,1,1
"1642.MS00611",1,1,1,1,-0.683,0.662,0.206,1,1,-0.594,0.522,-0.384,1,1,0.996,1,1,1,1,0.177,1,0,1,0.202,1,1,1,1,0.889,1,1,1,1,0.642,1,0.917,-0.149,0.202,1,1
"2382.SH005.C3.RH.4.668.root.9.12.lane7.NoIndex.L007.sequences",-0.998,0.974,-0.978,0.98,1,1,1,1,-0.95,1,1,1,-0.866,-0.938,1,0.94,-0.718,-0.448,-0.96,1,0.949,1,0,1,-0.893,-0.982,0.94,-0.0590000000000001,1,-0.802,-0.848,-0.998,-0.971,1,-0.794,1,1,1,1,1
"1642.MS00464",1,1,1,1,-0.147,-0.021,-0.468,1,1,0.2,-0.109,-0.288,1,1,0.933,1,1,1,1,0.209,1,0.202,1,0,1,1,1,1,0.455,1,1,1,1,0.964,1,0.139,-0.079,0.697,1,1
"2382.HE003.C181.HA.4.135.root.6.11.lane1.NoIndex.L001.sequences",-0.996,0.994,-0.966,0.998,1,1,1,0.998,-0.956,1,1,1,-0.914,-0.74,1,0.994,-0.828,-0.436,-0.988,1,1,1,-0.893,1,0,-0.958,0.996,0.0740000000000001,1,-1,-0.919,-0.964,-1,1,-0.564,1,1,1,1,1
"2382.DPOO1.C1.HA.5.448.root.4.12.lane7.NoIndex.L007.sequences",-1,0.99,-0.99,0.962,1,1,1,1,-1,1,1,1,-1,-0.99,1,0.984,-0.322,0.577,-1,1,0.994,1,-0.982,1,-0.958,0,0.99,0.882,1,-0.642,-0.904,-1,-0.97,1,-0.25,1,1,1,1,1
"2382.DPOO1.C1.HA.4.642.rhizo.9.12.lane7.NoIndex.L007.sequences",0.922,0.351,0.99,-0.316,1,1,1,0.739,0.986,1,1,1,0.98,0.87,1,0.269,0.998,1,0.964,1,0.996,1,0.94,1,0.996,0.99,0,1,1,0.996,0.831,0.99,0.978,1,0.998,1,1,1,1,0.892
"2382.GM.181.R4.root.10.12.lane7.NoIndex.L007.sequences",0.198,1,0.0880000000000001,1,1,1,1,0.998,0.865,1,1,1,0.974,0.83,1,1,-0.692,0.596,0.635,1,0.984,1,-0.0590000000000001,1,0.0740000000000001,0.882,1,0,1,-0.324,0.873,0.576,0.695,1,-0.86,1,1,1,0.994,1
"1642.MS00508",1,1,1,1,0.705,0.66,-0.874,1,1,0.671,-0.99,0.0860000000000001,1,1,0.974,1,1,1,1,-0.413,1,0.889,1,0.455,1,1,1,1,0,1,1,1,1,0.555,1,-0.998,0.457,0.947,1,1
"2382.HE003.C181.HA.2.127.root.6.11.lane1.NoIndex.L001.sequences",-0.908,0.989,-0.8,0.974,1,1,1,1,-0.675,1,1,1,-0.656,-0.556,1,0.986,-0.814,-0.584,-0.81,1,0.998,1,-0.802,1,-1,-0.642,0.996,-0.324,1,0,-0.842,-0.777,-0.964,1,-0.662,1,1,1,1,1
"2382.DPOO1.C1.HA.1.23.root.6.11.lane1.NoIndex.L001.sequences",-0.998,0.998,-0.98,0.889,1,1,1,1,-0.866,1,1,1,-0.936,-0.934,1,0.98,-0.252,0.388,-0.902,1,1,1,-0.848,1,-0.919,-0.904,0.831,0.873,1,-0.842,0,-0.924,-0.902,1,-0.49,1,1,1,1,1
"2382.SH004.C1.RH.2.608.root.9.12.lane7.NoIndex.L007.sequences",-0.998,0.998,-0.986,0.976,1,1,1,1,-1,1,1,1,-1,-0.995,1,0.992,-0.523,0.093,-1,1,0.99,1,-0.998,1,-0.964,-1,0.99,0.576,1,-0.777,-0.924,0,-1,1,-0.56,1,1,1,1,1
"2382.HE003.C181.HA.5.773.root.9.12.lane7.NoIndex.L007.sequences",-0.998,0.998,-0.97,0.994,1,1,1,1,-1,1,1,1,-0.99,-0.898,1,0.994,-0.774,0.1,-1,1,1,1,-0.971,1,-1,-0.97,0.978,0.695,1,-0.964,-0.902,-1,0,1,-0.562,1,1,1,1,1
"1642.MS00589",1,1,1,1,0.694,0.99,-0.116,1,1,0.554,0.861,0.162,1,1,1,1,1,1,1,0.726,1,0.642,1,0.964,1,1,1,1,0.555,1,1,1,1,0,1,0.712,0.846,0.916,1,1
"2382.SH004.C1.RH.4.618.root.9.12.lane7.NoIndex.L007.sequences",-0.546,1,-0.818,0.998,1,1,1,1,0.028,1,1,1,-0.347,-0.658,1,0.998,0.566,-0.918,-0.093,1,0.85,1,-0.794,1,-0.564,-0.25,0.998,-0.86,1,-0.662,-0.49,-0.56,-0.562,1,0,1,1,1,1,1
"1642.MS00504",1,1,1,1,0.745,0.252,-0.677,1,1,0.66,-0.952,0.439,1,1,0.974,1,1,1,1,-0.349,1,0.917,1,0.139,1,1,1,1,-0.998,1,1,1,1,0.712,1,0,0.196,0.952,1,1
"1642.MS00417",1,1,1,1,-0.557,-0.802,-0.189,1,1,-0.34,-0.504,-0.571,1,1,0.369,1,1,1,1,-0.183,1,-0.149,1,-0.079,1,1,1,1,0.457,1,1,1,1,0.846,1,0.196,0,0.282,1,1
"1642.MS00555",1,1,1,1,0.264,0.982,0.617,1,1,-0.025,0.905,0.297,1,1,1,1,1,1,1,0.8,1,0.202,1,0.697,1,1,1,1,0.947,1,1,1,1,0.916,1,0.952,0.282,0,1,1
"2382.RU006.C181.RH.2.782.rhizo.9.12.lane7.NoIndex.L007.sequences",1,1,1,1,1,1,1,0.978,1,1,1,1,1,1,1,1,0.915,1,1,1,1,1,1,1,1,1,1,0.994,1,1,1,1,1,1,1,1,1,1,0,0.976
"2382.GM.181.R2.rhizo.10.12.lane7.NoIndex.L007.sequences",1,0.952,1,0.992,1,1,1,-1,1,1,1,1,1,1,1,0.952,1,1,1,1,1,1,1,1,1,1,0.892,1,1,1,1,1,1,1,1,1,1,1,0.976,0
