"","1642.MS00608","2382.DPOO1.C1.HA.5.648.root.9.12.lane7.NoIndex.L007.sequences","1642.MS00598","2382.SH008.C6.HA.3.738.root.9.12.lane7.NoIndex.L007.sequences","1642.MS00625","2382.MU002.C3.HA.2.682.rhizo.9.12.lane7.NoIndex.L007.sequences","2382.RU006.C181.RH.3.151.root.6.11.lane1.NoIndex.L001.sequences","2382.SH008.C6.HA.1.328.root.9.11.lane1.NoIndex.L001.sequences","2382.SH008.C6.HA.3.111.r1.root.6.11.lane7.NoIndex.L007.sequences","1642.MS00531","1642.MS00408","1642.MS00605","1642.MS00549","2382.HE003.C181.HA.2.358.root.9.11.lane1.NoIndex.L001.sequences","1642.MS00475","1642.MS00474","1642.MS00612","2382.DPOO1.C1.HA.1.627.rhizo.9.12.lane7.NoIndex.L007.sequences","2382.SH007.C6.RH.3.512.rhizo.4.12.lane7.NoIndex.L007.sequences","1642.MS00391","2382.SH004.C1.RH.4.617.rhizo.9.12.lane7.NoIndex.L007.sequences","1642.MS00587","2382.DPOO1.C1.HA.4.642.rhizo.9.12.lane7.NoIndex.L007.sequences","2382.RU006.C181.RH.2.582.rhizo.4.12.lane7.NoIndex.L007.sequences","2382.MU002.C3.HA.4.693.root.9.12.lane7.NoIndex.L007.sequences","2382.SH005.C3.RH.4.467.rhizo.4.12.lane7.NoIndex.L007.sequences","1642.MS00570","2382.DPOO1.C1.HA.4.643.root.9.12.lane7.NoIndex.L007.sequences","2382.HE003.C181.HA.2.127.root.6.11.lane1.NoIndex.L001.sequences","2382.HE003.C181.HA.2.758.root.9.12.lane7.NoIndex.L007.sequences","1642.MS00411","2382.SH007.C6.RH.3.713.root.9.12.lane7.NoIndex.L007.sequences","1642.MS00550","1642.MS00438","2382.SH007.C6.RH.2.308.root.9.11.lane1.NoIndex.L001.sequences","1642.MS00399","2382.SH007.C6.RH.5.523.root.4.12.lane7.NoIndex.L007.sequences","2382.MU002.C3.HA.3.71.root.6.11.lane1.NoIndex.L001.sequences","2382.SH005.C3.RH.1.253.root.9.11.lane1.NoIndex.L001.sequences","2382.DPOO1.C1.HA.4.442.rhizo.4.12.lane7.NoIndex.L007.sequences"
"1642.MS00608",0,1,-0.931,1,-0.323,1,1,1,1,-0.736,-0.326,-0.94,-0.838,1,-0.213,-0.776,-0.314,1,1,0.406,1,-0.348,1,1,1,1,0.802,1,1,1,-0.573,1,-0.606,0.197,1,0.276,1,1,1,1
"2382.DPOO1.C1.HA.5.648.root.9.12.lane7.NoIndex.L007.sequences",1,0,1,-0.986,1,0.946,0.632,-0.888,-0.516,1,1,1,1,-0.994,1,1,1,0.88,0.927,1,0.88,1,0.842,0.958,-1,0.893,1,-1,-0.87,-0.998,1,-1,1,1,-0.803,1,-0.951,-0.976,-0.123,0.894
"1642.MS00598",-0.931,1,0,1,-0.922,1,1,1,1,-0.183,-0.373,-0.936,-0.941,1,0.087,-0.805,-0.862,1,1,0.847,1,-0.462,1,1,1,1,0.994,1,1,1,-0.471,1,-0.405,0.159,1,0.721,1,1,1,1
"2382.SH008.C6.HA.3.738.root.9.12.lane7.NoIndex.L007.sequences",1,-0.986,1,0,1,1,0.759,-1,-1,1,1,1,1,-0.962,1,1,1,0.998,0.936,1,0.909,1,0.996,0.984,-0.956,0.8,1,-0.99,-0.972,-1,1,-0.962,1,1,-0.996,1,-1,-0.994,-0.921,0.986
"1642.MS00625",-0.323,1,-0.922,1,0,1,1,1,1,-0.034,-0.58,-0.347,-0.96,1,0.482,-0.6,-0.942,1,1,0.871,1,-0.274,1,1,1,1,0.992,1,1,1,-0.437,1,-0.385,0.237,1,0.868,1,1,1,1
"2382.MU002.C3.HA.2.682.rhizo.9.12.lane7.NoIndex.L007.sequences",1,0.946,1,1,1,0,1,0.98,1,1,1,1,1,0.996,1,1,1,-0.404,0.814,1,-0.222,1,0.526,0.986,0.898,0.632,1,0.992,1,0.99,1,0.97,1,1,0.998,1,0.954,0.958,0.996,0.411
"2382.RU006.C181.RH.3.151.root.6.11.lane1.NoIndex.L001.sequences",1,0.632,1,0.759,1,1,0,0.998,-0.267,1,1,1,1,0.288,1,1,1,1,1,1,1,1,1,0.888,0.761,1,1,0.937,-0.018,-0.644,1,-0.26,1,1,0.988,1,1,0.192,0.992,1
"2382.SH008.C6.HA.1.328.root.9.11.lane1.NoIndex.L001.sequences",1,-0.888,1,-1,1,0.98,0.998,0,-0.992,1,1,1,1,-0.913,1,1,1,0.99,0.652,1,0.529,1,0.978,1,-0.897,0.546,1,-0.887,-0.91,-0.988,1,-0.864,1,1,-1,1,-0.998,-0.972,-0.932,0.982
"2382.SH008.C6.HA.3.111.r1.root.6.11.lane7.NoIndex.L007.sequences",1,-0.516,1,-1,1,1,-0.267,-0.992,0,1,1,1,1,-0.916,1,1,1,1,0.972,1,0.958,1,0.996,0.969,-0.231,0.869,1,-0.618,-0.986,-0.99,1,-0.508,1,1,-0.962,1,-0.99,-0.889,-0.906,0.972
"1642.MS00531",-0.736,1,-0.183,1,-0.034,1,1,1,1,0,0.048,-0.334,-0.858,1,-0.212,-0.855,-0.00600000000000001,1,1,0.129,1,-0.698,1,1,1,1,0.846,1,1,1,-0.343,1,-0.926,0.229,1,0.126,1,1,1,1
"1642.MS00408",-0.326,1,-0.373,1,-0.58,1,1,1,1,0.048,0,-0.383,-0.982,1,-0.782,-0.966,-0.473,1,1,-0.94,1,0.19,1,1,1,1,0.27,1,1,1,-1,1,-0.39,-0.985,1,-0.857,1,1,1,1
"1642.MS00605",-0.94,1,-0.936,1,-0.347,1,1,1,1,-0.334,-0.383,0,-0.767,1,-0.011,-0.684,-0.63,1,1,0.551,1,-0.202,1,1,1,1,0.966,1,1,1,-0.109,1,-0.589,0.407,1,0.668,1,1,1,1
"1642.MS00549",-0.838,1,-0.941,1,-0.96,1,1,1,1,-0.858,-0.982,-0.767,0,1,-0.715,-1,-0.904,1,1,-0.51,1,-0.753,1,1,1,1,0.632,1,1,1,-0.98,1,-0.97,-0.792,1,-0.402,1,1,1,1
"2382.HE003.C181.HA.2.358.root.9.11.lane1.NoIndex.L001.sequences",1,-0.994,1,-0.962,1,0.996,0.288,-0.913,-0.916,1,1,1,1,0,1,1,1,0.99,0.986,1,0.994,1,0.99,0.928,-0.99,0.964,1,-0.954,-1,-1,1,-1,1,1,-0.978,1,-0.9,-0.968,-0.736,0.99
"1642.MS00475",-0.213,1,0.087,1,0.482,1,1,1,1,-0.212,-0.782,-0.011,-0.715,1,0,-0.714,0.564,1,1,-0.825,1,0.315,1,1,1,1,0.332,1,1,1,-0.896,1,-0.488,-0.553,1,-0.664,1,1,1,1
"1642.MS00474",-0.776,1,-0.805,1,-0.6,1,1,1,1,-0.855,-0.966,-0.684,-1,1,-0.714,0,-0.848,1,1,-0.718,1,-0.906,1,1,1,1,0.508,1,1,1,-0.986,1,-0.992,-0.713,1,-0.561,1,1,1,1
"1642.MS00612",-0.314,1,-0.862,1,-0.942,1,1,1,1,-0.00600000000000001,-0.473,-0.63,-0.904,1,0.564,-0.848,0,1,1,0.646,1,-0.79,1,1,1,1,0.988,1,1,1,-0.451,1,-0.422,-0.357,1,0.657,1,1,1,1
"2382.DPOO1.C1.HA.1.627.rhizo.9.12.lane7.NoIndex.L007.sequences",1,0.88,1,0.998,1,-0.404,1,0.99,1,1,1,1,1,0.99,1,1,1,0,0.814,1,0.0089999999999999,1,-1,0.575,0.998,0.754,1,0.719,0.992,0.954,1,0.936,1,1,1,1,0.96,0.956,1,-0.467
"2382.SH007.C6.RH.3.512.rhizo.4.12.lane7.NoIndex.L007.sequences",1,0.927,1,0.936,1,0.814,1,0.652,0.972,1,1,1,1,0.986,1,1,1,0.814,0,1,-0.967,1,0.807,0.717,0.978,-1,1,0.994,0.974,0.951,1,0.905,1,1,0.693,1,-0.136,0.988,0.934,0.918
"1642.MS00391",0.406,1,0.847,1,0.871,1,1,1,1,0.129,-0.94,0.551,-0.51,1,-0.825,-0.718,0.646,1,1,0,1,-0.115,1,1,1,1,-0.178,1,1,1,-0.996,1,-0.152,-0.998,1,-0.998,1,1,1,1
"2382.SH004.C1.RH.4.617.rhizo.9.12.lane7.NoIndex.L007.sequences",1,0.88,1,0.909,1,-0.222,1,0.529,0.958,1,1,1,1,0.994,1,1,1,0.0089999999999999,-0.967,1,0,1,0.442,0.924,0.97,-0.894,1,0.977,0.982,0.973,1,0.941,1,1,0.907,1,-0.138,0.98,0.954,0.166
"1642.MS00587",-0.348,1,-0.462,1,-0.274,1,1,1,1,-0.698,0.19,-0.202,-0.753,1,0.315,-0.906,-0.79,1,1,-0.115,1,0,1,1,1,1,0.934,1,1,1,-0.267,1,-0.946,-0.32,1,-0.0580000000000001,1,1,1,1
"2382.DPOO1.C1.HA.4.642.rhizo.9.12.lane7.NoIndex.L007.sequences",1,0.842,1,0.996,1,0.526,1,0.978,0.996,1,1,1,1,0.99,1,1,1,-1,0.807,1,0.442,1,0,0.411,0.962,0.643,1,0.311,0.982,0.947,1,0.765,1,1,0.998,1,0.976,0.958,0.996,0.077
"2382.RU006.C181.RH.2.582.rhizo.4.12.lane7.NoIndex.L007.sequences",1,0.958,1,0.984,1,0.986,0.888,1,0.969,1,1,1,1,0.928,1,1,1,0.575,0.717,1,0.924,1,0.411,0,1,0.13,1,0.988,0.759,0.928,1,0.83,1,1,0.996,1,0.986,0.984,0.998,0.878
"2382.MU002.C3.HA.4.693.root.9.12.lane7.NoIndex.L007.sequences",1,-1,1,-0.956,1,0.898,0.761,-0.897,-0.231,1,1,1,1,-0.99,1,1,1,0.998,0.978,1,0.97,1,0.962,1,0,0.956,1,-1,-0.842,-0.996,1,-1,1,1,-0.815,1,-0.886,-0.996,-0.212,0.992
"2382.SH005.C3.RH.4.467.rhizo.4.12.lane7.NoIndex.L007.sequences",1,0.893,1,0.8,1,0.632,1,0.546,0.869,1,1,1,1,0.964,1,1,1,0.754,-1,1,-0.894,1,0.643,0.13,0.956,0,1,0.976,0.894,0.946,1,0.913,1,1,0.719,1,-0.113,0.954,0.752,0.542
"1642.MS00570",0.802,1,0.994,1,0.992,1,1,1,1,0.846,0.27,0.966,0.632,1,0.332,0.508,0.988,1,1,-0.178,1,0.934,1,1,1,1,0,1,1,1,0.303,1,0.582,-0.556,1,-0.761,1,1,1,1
"2382.DPOO1.C1.HA.4.643.root.9.12.lane7.NoIndex.L007.sequences",1,-1,1,-0.99,1,0.992,0.937,-0.887,-0.618,1,1,1,1,-0.954,1,1,1,0.719,0.994,1,0.977,1,0.311,0.988,-1,0.976,1,0,-0.797,-0.99,1,-1,1,1,-0.758,1,-0.844,-0.99,-0.297,0.958
"2382.HE003.C181.HA.2.127.root.6.11.lane1.NoIndex.L001.sequences",1,-0.87,1,-0.972,1,1,-0.018,-0.91,-0.986,1,1,1,1,-1,1,1,1,0.992,0.974,1,0.982,1,0.982,0.759,-0.842,0.894,1,-0.797,0,-1,1,-0.905,1,1,-1,1,-0.892,-0.99,-0.884,0.961
"2382.HE003.C181.HA.2.758.root.9.12.lane7.NoIndex.L007.sequences",1,-0.998,1,-1,1,0.99,-0.644,-0.988,-0.99,1,1,1,1,-1,1,1,1,0.954,0.951,1,0.973,1,0.947,0.928,-0.996,0.946,1,-0.99,-1,0,1,-0.998,1,1,-0.992,1,-1,-0.988,-0.836,0.986
"1642.MS00411",-0.573,1,-0.471,1,-0.437,1,1,1,1,-0.343,-1,-0.109,-0.98,1,-0.896,-0.986,-0.451,1,1,-0.996,1,-0.267,1,1,1,1,0.303,1,1,1,0,1,-0.524,-1,1,-0.978,1,1,1,1
"2382.SH007.C6.RH.3.713.root.9.12.lane7.NoIndex.L007.sequences",1,-1,1,-0.962,1,0.97,-0.26,-0.864,-0.508,1,1,1,1,-1,1,1,1,0.936,0.905,1,0.941,1,0.765,0.83,-1,0.913,1,-1,-0.905,-0.998,1,0,1,1,-0.872,1,-0.958,-0.968,-0.44,0.97
"1642.MS00550",-0.606,1,-0.405,1,-0.385,1,1,1,1,-0.926,-0.39,-0.589,-0.97,1,-0.488,-0.992,-0.422,1,1,-0.152,1,-0.946,1,1,1,1,0.582,1,1,1,-0.524,1,0,-0.023,1,-0.225,1,1,1,1
"1642.MS00438",0.197,1,0.159,1,0.237,1,1,1,1,0.229,-0.985,0.407,-0.792,1,-0.553,-0.713,-0.357,1,1,-0.998,1,-0.32,1,1,1,1,-0.556,1,1,1,-1,1,-0.023,0,1,-1,1,1,1,1
"2382.SH007.C6.RH.2.308.root.9.11.lane1.NoIndex.L001.sequences",1,-0.803,1,-0.996,1,0.998,0.988,-1,-0.962,1,1,1,1,-0.978,1,1,1,1,0.693,1,0.907,1,0.998,0.996,-0.815,0.719,1,-0.758,-1,-0.992,1,-0.872,1,1,0,1,-0.968,-0.998,-1,1
"1642.MS00399",0.276,1,0.721,1,0.868,1,1,1,1,0.126,-0.857,0.668,-0.402,1,-0.664,-0.561,0.657,1,1,-0.998,1,-0.0580000000000001,1,1,1,1,-0.761,1,1,1,-0.978,1,-0.225,-1,1,0,1,1,1,1
"2382.SH007.C6.RH.5.523.root.4.12.lane7.NoIndex.L007.sequences",1,-0.951,1,-1,1,0.954,1,-0.998,-0.99,1,1,1,1,-0.9,1,1,1,0.96,-0.136,1,-0.138,1,0.976,0.986,-0.886,-0.113,1,-0.844,-0.892,-1,1,-0.958,1,1,-0.968,1,0,-0.816,-0.519,0.95
"2382.MU002.C3.HA.3.71.root.6.11.lane1.NoIndex.L001.sequences",1,-0.976,1,-0.994,1,0.958,0.192,-0.972,-0.889,1,1,1,1,-0.968,1,1,1,0.956,0.988,1,0.98,1,0.958,0.984,-0.996,0.954,1,-0.99,-0.99,-0.988,1,-0.968,1,1,-0.998,1,-0.816,0,-0.944,0.976
"2382.SH005.C3.RH.1.253.root.9.11.lane1.NoIndex.L001.sequences",1,-0.123,1,-0.921,1,0.996,0.992,-0.932,-0.906,1,1,1,1,-0.736,1,1,1,1,0.934,1,0.954,1,0.996,0.998,-0.212,0.752,1,-0.297,-0.884,-0.836,1,-0.44,1,1,-1,1,-0.519,-0.944,0,1
"2382.DPOO1.C1.HA.4.442.rhizo.4.12.lane7.NoIndex.L007.sequences",1,0.894,1,0.986,1,0.411,1,0.982,0.972,1,1,1,1,0.99,1,1,1,-0.467,0.918,1,0.166,1,0.077,0.878,0.992,0.542,1,0.958,0.961,0.986,1,0.97,1,1,1,1,0.95,0.976,1,0
