"","2382.SH005.C3.RH.4.667.rhizo.9.12.lane7.NoIndex.L007.sequences","1642.MS00631","1642.MS00593","1642.MS00525","2382.MU002.C3.HA.1.63.root.6.11.lane1.NoIndex.L001.sequences","2382.MU002.C3.HA.3.688.root.9.12.lane7.NoIndex.L007.sequences","1642.MS00399","1642.MS00356","1642.MS00554","1642.MS00601","1642.MS00449","2382.MU002.C3.HA.3.71.root.6.11.lane1.NoIndex.L001.sequences","2382.MU002.C3.HA.1.478.root.4.12.lane7.NoIndex.L007.sequences","2382.SH007.C6.RH.2.708.root.9.12.lane7.NoIndex.L007.sequences","1001.SKD7","1642.MS00493","1642.MS00397","1642.MS00613","1642.MS00611","2382.DPOO1.C1.HA.1.427.rhizo.4.12.lane7.NoIndex.L007.sequences","1001.SKB7","1642.MS00394","1642.MS00595","2382.HE003.C181.HA.4.368.root.9.11.lane1.NoIndex.L001.sequences","1642.MS00426","1642.MS00547","1642.MS00597","1642.MS00377","2382.HE003.C181.HA.2.558.root.4.12.lane7.NoIndex.L007.sequences","1642.MS00447","2382.DPOO1.C1.HA.3.238.root.9.11.lane1.NoIndex.L001.sequences","1642.MS00629","2382.GM.181.R5.rhizo.10.12.lane7.NoIndex.L007.sequences","1642.MS00577","1642.MS00585","1642.MS00459","1642.MS00519","2382.GM.181.R2.root.10.12.lane7.NoIndex.L007.sequences","2382.SH007.C6.RH.3.513.root.4.12.lane7.NoIndex.L007.sequences","1642.MS00483"
"2382.SH005.C3.RH.4.667.rhizo.9.12.lane7.NoIndex.L007.sequences",0,0.0815257434648,0.1005537699412,0.0831216123584,0.0375015698481,0.0465338338117,0.0885788948476,0.0794949478716,0.0974701112101,0.0896152197806,0.0869890044301,0.0407155254152,0.0490523465131,0.0523610609842,0.1084330646796,0.081426394042,0.0775692388164,0.0914577739746,0.0852320100845,0.0267730504292,0.1167156555896,0.0799453943967,0.0740817692789,0.0417574412382,0.0773576206977,0.0864152883139,0.0827355185818,0.0895267100104,0.0453233988599,0.1036978906183,0.040181686642,0.0748239570233,0.0324069853403,0.0864491026142,0.0856664000596,0.0858855861577,0.0985535277485,0.0559188114291,0.0404502233873,0.099946258662
"1642.MS00631",0.0815257434648,0,0.0385007312659,0.0302473728413,0.0903612516864,0.1007555541528,0.0371879585345,0.0483711362135,0.0362631717457,0.0328704670514,0.0341555057888,0.089950164945,0.0955066504419,0.1044176150142,0.163121550884,0.0276725282833,0.0309725603769,0.0253881476519,0.0309999235188,0.0756575076493,0.1865445301257,0.0309979744594,0.0348753092953,0.1039428849576,0.0336995750191,0.0328044784446,0.0270922737506,0.0421941758328,0.1003491985763,0.0445482396209,0.0859839317657,0.0250225304773,0.0640798268175,0.0315035053868,0.0293469256718,0.027972056477,0.0394998284914,0.1074724422645,0.0946812523608,0.0328789765989
"1642.MS00593",0.1005537699412,0.0385007312659,0,0.0227086617695,0.1084019518085,0.1171886385395,0.0248039253452,0.0452907876607,0.0201398338434,0.0237228320404,0.0279804727357,0.1095500269696,0.1142377610774,0.1283282766855,0.167421263363,0.0274414685434,0.0243639341688,0.0407664261616,0.0267112828085,0.1019950466091,0.1857415212451,0.0305354640225,0.0240329192039,0.1083751726339,0.0308210719792,0.0247812344274,0.025251182406,0.0375604101707,0.1168755050985,0.031687689913,0.1049155443892,0.0341245273766,0.0886622134243,0.0227411314476,0.0230672734889,0.0247407915833,0.0217662902231,0.1328759447811,0.1112318793075,0.0272190779565
"1642.MS00525",0.0831216123584,0.0302473728413,0.0227086617695,0,0.0930132737116,0.104957766135,0.0240894095615,0.043094443579,0.0220826489581,0.0211858176065,0.0218658480065,0.0956828345173,0.1009262712876,0.1106113612709,0.1543605747038,0.0221742108753,0.0228863123726,0.0310570808492,0.0234244117671,0.0833186007297,0.164617459119,0.0251358084737,0.0256580839003,0.0949625879241,0.0252456086984,0.0221779322381,0.0211266018774,0.0368832873178,0.1040055231686,0.0287439474154,0.0891722936431,0.0262685534376,0.0740703181105,0.0213233314008,0.0221410172147,0.0216371609788,0.022895576167,0.1163768229457,0.0964997023126,0.0238255630753
"2382.MU002.C3.HA.1.63.root.6.11.lane1.NoIndex.L001.sequences",0.0375015698481,0.0903612516864,0.1084019518085,0.0930132737116,0,0.0182730229868,0.0883815257118,0.0775557624806,0.0992974472416,0.0961705346858,0.0933358240906,0.0147822420829,0.0197725237756,0.0218128076038,0.09539989006,0.0871145392095,0.0812180816289,0.1021421063996,0.0876026396403,0.0375584108599,0.0998558124128,0.0945312322303,0.0767228897138,0.0310896979899,0.0817052372016,0.0920930722805,0.0857075472809,0.0885547172498,0.0259787531656,0.1033041119464,0.0244949676541,0.0849456832225,0.0415927357526,0.0883520993134,0.0910883458632,0.0934246196785,0.0951933246315,0.0238296084853,0.0217388158904,0.1017800142896
"2382.MU002.C3.HA.3.688.root.9.12.lane7.NoIndex.L007.sequences",0.0465338338117,0.1007555541528,0.1171886385395,0.104957766135,0.0182730229868,0,0.0902509001618,0.0814961509638,0.1037626922785,0.1018724812955,0.1011968570436,0.0144853855974,0.018986986194,0.0180075814681,0.0934178803132,0.0936743748911,0.0844569380018,0.1149168509649,0.0980405508282,0.0494767442575,0.0963448334263,0.1039376217972,0.0845501564821,0.03039044741,0.0877284004798,0.0974534476439,0.0929904285202,0.0932200635668,0.0204213748418,0.1129726278417,0.0266565008538,0.0890090749062,0.0425264368154,0.0929096748597,0.0959664019854,0.0977778897625,0.1004156187617,0.0197466739999,0.0192491423594,0.1087509854987
"1642.MS00399",0.0885788948476,0.0371879585345,0.0248039253452,0.0240894095615,0.0883815257118,0.0902509001618,0,0.0339455324873,0.0227801928106,0.0278865198069,0.0209795514486,0.0896841130804,0.0996258865717,0.1096621633189,0.1408080640616,0.0248278460117,0.0195429341605,0.0363540957534,0.0293781411725,0.0878187658981,0.1513289703847,0.0244804893209,0.0305439806541,0.0864657398118,0.0251093622084,0.0251034520122,0.0261702620189,0.024535426671,0.099200403791,0.0233190024367,0.0880743983288,0.0326334190991,0.0776241909134,0.0226440724703,0.0270996362233,0.0234799998551,0.021505027349,0.1094297099637,0.0901316537097,0.0249200456597
"1642.MS00356",0.0794949478716,0.0483711362135,0.0452907876607,0.043094443579,0.0775557624806,0.0814961509638,0.0339455324873,0,0.04318955228,0.043451853735,0.0403263352941,0.0793450474785,0.095187971572,0.0968072977617,0.1209219241276,0.0401779580656,0.0299613121704,0.0584176694165,0.0476965030303,0.0832788474396,0.1229958849934,0.033393634879,0.0430600917834,0.0728442420008,0.0282903263284,0.0446490992912,0.0445736576702,0.0230580216605,0.0873442340749,0.0432549445909,0.0758202627597,0.0440157248599,0.0663285187831,0.0397444920728,0.0462234077311,0.0368617988623,0.0432042053422,0.0923759401492,0.0815491446503,0.0421619876032
"1642.MS00554",0.0974701112101,0.0362631717457,0.0201398338434,0.0220826489581,0.0992974472416,0.1037626922785,0.0227801928106,0.04318955228,0,0.0232869029844,0.025503288855,0.1033032987037,0.1108166024279,0.1244672711828,0.1593475551769,0.0257024168207,0.0244652206862,0.0368500662925,0.0264203378837,0.0985432904962,0.1652854544609,0.0285481644658,0.0251539438423,0.0967115564904,0.0278982867211,0.0235811462202,0.0243219606361,0.0343022096309,0.1113028393952,0.0268328374753,0.1001963857997,0.0316502555181,0.0845490011042,0.0213939437665,0.0243635011692,0.025124357518,0.0205810945168,0.1235944476621,0.1044772604181,0.0235046084163
"1642.MS00601",0.0896152197806,0.0328704670514,0.0237228320404,0.0211858176065,0.0961705346858,0.1018724812955,0.0278865198069,0.043451853735,0.0232869029844,0,0.0246684996598,0.0980687811531,0.1071105834815,0.120599958876,0.166451680681,0.0239761939509,0.0253382978449,0.0349928942213,0.0266140496126,0.0909415628858,0.1771009685245,0.0259786138679,0.0274226585449,0.0962615522456,0.0272080705522,0.0234152037726,0.0207154933418,0.0389305521054,0.1054140743442,0.0302035665029,0.096829445827,0.0280223469516,0.0793936447546,0.0218747105556,0.0222994321443,0.023762080639,0.0227632074272,0.1224201927446,0.101141591276,0.0257743560111
"1642.MS00449",0.0869890044301,0.0341555057888,0.0279804727357,0.0218658480065,0.0933358240906,0.1011968570436,0.0209795514486,0.0403263352941,0.025503288855,0.0246684996598,0,0.0949531556163,0.1062886335303,0.1184700022701,0.1558685047739,0.0227212045326,0.0216118009205,0.0304553476001,0.0247145870486,0.0857350111064,0.167438396275,0.0231332216103,0.0300461577814,0.0936166062388,0.0259048253246,0.0223913721725,0.0236194466658,0.0317173324551,0.1065667167828,0.0247134637224,0.0927017244022,0.0286858285471,0.0763836902232,0.0237843927215,0.0233686544866,0.0215851155684,0.0249395432616,0.1202642448117,0.0991125516286,0.0226650162874
"2382.MU002.C3.HA.3.71.root.6.11.lane1.NoIndex.L001.sequences",0.0407155254152,0.089950164945,0.1095500269696,0.0956828345173,0.0147822420829,0.0144853855974,0.0896841130804,0.0793450474785,0.1033032987037,0.0980687811531,0.0949531556163,0,0.0163008179881,0.0182912165287,0.0881839775572,0.0900810351023,0.0814369040141,0.1044305852183,0.0924503854033,0.0403040114803,0.0967028158389,0.0932629123818,0.0796633950741,0.0327637427268,0.0837866163012,0.09406748046,0.0890536101543,0.0919848913047,0.0225026808348,0.107924333285,0.0216565181665,0.085492082933,0.0390636611255,0.0897998671406,0.0914122922252,0.0941712962797,0.0978395985998,0.0232084780326,0.0211154862631,0.1046722297487
"2382.MU002.C3.HA.1.478.root.4.12.lane7.NoIndex.L007.sequences",0.0490523465131,0.0955066504419,0.1142377610774,0.1009262712876,0.0197725237756,0.018986986194,0.0996258865717,0.095187971572,0.1108166024279,0.1071105834815,0.1062886335303,0.0163008179881,0,0.0224734110034,0.0920718929693,0.1001407816719,0.092758298302,0.1110579928831,0.101743368499,0.0507795022913,0.1074744383976,0.1006463043887,0.0909292695943,0.0428929542811,0.0934054427066,0.1025041479045,0.0978705974364,0.1060260947989,0.0271094450376,0.1181242364155,0.0250625097006,0.0947907822713,0.0524189893535,0.0978045013766,0.1011172503746,0.1065694081478,0.1059439692786,0.026909253884,0.0236675694061,0.114087656821
"2382.SH007.C6.RH.2.708.root.9.12.lane7.NoIndex.L007.sequences",0.0523610609842,0.1044176150142,0.1283282766855,0.1106113612709,0.0218128076038,0.0180075814681,0.1096621633189,0.0968072977617,0.1244672711828,0.120599958876,0.1184700022701,0.0182912165287,0.0224734110034,0,0.0756624678229,0.1101221021308,0.1032867862858,0.1248272303291,0.1113622821534,0.055988376885,0.0832538578765,0.1135759973799,0.1029626212828,0.0347774248201,0.1031944164781,0.1155611910825,0.1073122103755,0.1115968296061,0.0206420828454,0.132193084184,0.0241885360519,0.1074327874877,0.0539711193057,0.111004915611,0.1166268520438,0.1183485125269,0.1210256108069,0.0179133140159,0.0151974365692,0.1284062089922
"1001.SKD7",0.1084330646796,0.163121550884,0.167421263363,0.1543605747038,0.09539989006,0.0934178803132,0.1408080640616,0.1209219241276,0.1593475551769,0.166451680681,0.1558685047739,0.0881839775572,0.0920718929693,0.0756624678229,0,0.1545553035361,0.1360139137113,0.1744520969423,0.1618901377726,0.1230682053826,0.0281649659966,0.1470802295979,0.1378055198935,0.0759594171958,0.1415691586178,0.1537588445956,0.1581538518801,0.1363213877413,0.0958221532675,0.1687738021596,0.0859499782476,0.1517229722492,0.1181592289374,0.1518829109559,0.1664006047634,0.1590769974689,0.1568723111354,0.0864014980743,0.0828234568324,0.1676587267936
"1642.MS00493",0.081426394042,0.0276725282833,0.0274414685434,0.0221742108753,0.0871145392095,0.0936743748911,0.0248278460117,0.0401779580656,0.0257024168207,0.0239761939509,0.0227212045326,0.0900810351023,0.1001407816719,0.1101221021308,0.1545553035361,0,0.0225736652998,0.0295072474336,0.0235081868126,0.0806575467836,0.1706156650237,0.0222091857399,0.0283348213871,0.0901089168693,0.0251483023217,0.0219548562118,0.0215850157033,0.0343994247826,0.0974182237898,0.0291333156925,0.0888365661632,0.0258854018849,0.0709416546619,0.0230946192331,0.02262387182,0.0200287009212,0.0256875261115,0.1090597469682,0.0945609456133,0.0223364519192
"1642.MS00397",0.0775692388164,0.0309725603769,0.0243639341688,0.0228863123726,0.0812180816289,0.0844569380018,0.0195429341605,0.0299613121704,0.0244652206862,0.0253382978449,0.0216118009205,0.0814369040141,0.092758298302,0.1032867862858,0.1360139137113,0.0225736652998,0,0.0327657791087,0.0243436015184,0.0758912478263,0.1459760024835,0.0210380523022,0.0270974373994,0.0785672899037,0.0219189819128,0.0228450874963,0.0241336906507,0.0244324571649,0.090815591158,0.0265126678059,0.080740002264,0.0279287401825,0.0657954192249,0.0208891063522,0.0238880765,0.0206099967696,0.0247604833802,0.1019505300451,0.0844806004512,0.023160183169
"1642.MS00613",0.0914577739746,0.0253881476519,0.0407664261616,0.0310570808492,0.1021421063996,0.1149168509649,0.0363540957534,0.0584176694165,0.0368500662925,0.0349928942213,0.0304553476001,0.1044305852183,0.1110579928831,0.1248272303291,0.1744520969423,0.0295072474336,0.0327657791087,0,0.0295672379895,0.082356880003,0.1748990501735,0.0358740807027,0.0396539244397,0.1098019993782,0.0394165046948,0.0329807680794,0.0271762879126,0.0486310151669,0.1164019971753,0.0392164951426,0.1000743804295,0.027501391255,0.0797802865878,0.0317835377703,0.0300644196282,0.0314696687337,0.038110330662,0.1320113633786,0.1083842275392,0.0306200962695
"1642.MS00611",0.0852320100845,0.0309999235188,0.0267112828085,0.0234244117671,0.0876026396403,0.0980405508282,0.0293781411725,0.0476965030303,0.0264203378837,0.0266140496126,0.0247145870486,0.0924503854033,0.101743368499,0.1113622821534,0.1618901377726,0.0235081868126,0.0243436015184,0.0295672379895,0,0.0833438515945,0.1769422897232,0.0281772927802,0.0268475794861,0.0907130627536,0.0321561843241,0.024323578546,0.0246048702697,0.0427912561555,0.1023775636153,0.0327716600681,0.0899044501204,0.0269379990967,0.0752568075074,0.0243036322446,0.0197761569305,0.0213023248169,0.0294561566189,0.1155379225271,0.0955676366424,0.0254996231702
"2382.DPOO1.C1.HA.1.427.rhizo.4.12.lane7.NoIndex.L007.sequences",0.0267730504292,0.0756575076493,0.1019950466091,0.0833186007297,0.0375584108599,0.0494767442575,0.0878187658981,0.0832788474396,0.0985432904962,0.0909415628858,0.0857350111064,0.0403040114803,0.0507795022913,0.055988376885,0.1230682053826,0.0806575467836,0.0758912478263,0.082356880003,0.0833438515945,0,0.1390594344047,0.0800637673093,0.0742947720742,0.0501309465666,0.077529758556,0.087625354837,0.0816549461633,0.0903662720173,0.0499120507954,0.101741196751,0.0383618524049,0.0744103898642,0.0324204909929,0.086778154134,0.0834402821681,0.0856223050565,0.0971255559679,0.064599234934,0.0470786692469,0.0951255230194
"1001.SKB7",0.1167156555896,0.1865445301257,0.1857415212451,0.164617459119,0.0998558124128,0.0963448334263,0.1513289703847,0.1229958849934,0.1652854544609,0.1771009685245,0.167438396275,0.0967028158389,0.1074744383976,0.0832538578765,0.0281649659966,0.1706156650237,0.1459760024835,0.1748990501735,0.1769422897232,0.1390594344047,0,0.1632504273856,0.1507546370719,0.0705167456219,0.1566522314533,0.1730117576828,0.1675692473456,0.1396907165879,0.0999950431978,0.1732419387868,0.0908265167445,0.1597185476375,0.1325170570966,0.1626195217273,0.1775055854431,0.173495362029,0.1697069089071,0.0948128609768,0.0867038911016,0.1722785023822
"1642.MS00394",0.0799453943967,0.0309979744594,0.0305354640225,0.0251358084737,0.0945312322303,0.1039376217972,0.0244804893209,0.033393634879,0.0285481644658,0.0259786138679,0.0231332216103,0.0932629123818,0.1006463043887,0.1135759973799,0.1470802295979,0.0222091857399,0.0210380523022,0.0358740807027,0.0281772927802,0.0800637673093,0.1632504273856,0,0.0313718252899,0.0909020522838,0.0234515520621,0.0254235344512,0.0255582633549,0.0276350283696,0.100617865826,0.0300807337633,0.0885382708586,0.0270184309384,0.0697636182144,0.0235736576639,0.0262322416496,0.0222135253189,0.0290641219382,0.1147889260794,0.0965171410671,0.0262136884642
"1642.MS00595",0.0740817692789,0.0348753092953,0.0240329192039,0.0256580839003,0.0767228897138,0.0845501564821,0.0305439806541,0.0430600917834,0.0251539438423,0.0274226585449,0.0300461577814,0.0796633950741,0.0909292695943,0.1029626212828,0.1378055198935,0.0283348213871,0.0270974373994,0.0396539244397,0.0268475794861,0.0742947720742,0.1507546370719,0.0313718252899,0,0.0752552735614,0.0305287771778,0.0274215114717,0.0273160777253,0.040625078216,0.0901639853213,0.0363892978913,0.0788602751601,0.0292553714307,0.0648768685838,0.0258954836554,0.0234567144721,0.0264821360054,0.0285130780437,0.1019170031499,0.0855801372363,0.0297493159304
"2382.HE003.C181.HA.4.368.root.9.11.lane1.NoIndex.L001.sequences",0.0417574412382,0.1039428849576,0.1083751726339,0.0949625879241,0.0310896979899,0.03039044741,0.0864657398118,0.0728442420008,0.0967115564904,0.0962615522456,0.0936166062388,0.0327637427268,0.0428929542811,0.0347774248201,0.0759594171958,0.0901089168693,0.0785672899037,0.1098019993782,0.0907130627536,0.0501309465666,0.0705167456219,0.0909020522838,0.0752552735614,0,0.0819540161095,0.0928302523398,0.0906121676807,0.0861742720702,0.0315088886568,0.1049767919865,0.0347737008422,0.0850612699835,0.0459099207549,0.0877133748295,0.0908468334136,0.0938420229502,0.0943277105655,0.0409112225514,0.0251575258802,0.1001434617178
"1642.MS00426",0.0773576206977,0.0336995750191,0.0308210719792,0.0252456086984,0.0817052372016,0.0877284004798,0.0251093622084,0.0282903263284,0.0278982867211,0.0272080705522,0.0259048253246,0.0837866163012,0.0934054427066,0.1031944164781,0.1415691586178,0.0251483023217,0.0219189819128,0.0394165046948,0.0321561843241,0.077529758556,0.1566522314533,0.0234515520621,0.0305287771778,0.0819540161095,0,0.02659819589,0.0269125503815,0.0246165355018,0.090066480115,0.0323137316504,0.0829227061196,0.0296285021239,0.0655290627823,0.0250218045895,0.0292980250146,0.0256024826533,0.0295086519264,0.1026411580723,0.0869457571695,0.0279087576278
"1642.MS00547",0.0864152883139,0.0328044784446,0.0247812344274,0.0221779322381,0.0920930722805,0.0974534476439,0.0251034520122,0.0446490992912,0.0235811462202,0.0234152037726,0.0223913721725,0.09406748046,0.1025041479045,0.1155611910825,0.1537588445956,0.0219548562118,0.0228450874963,0.0329807680794,0.024323578546,0.087625354837,0.1730117576828,0.0254235344512,0.0274215114717,0.0928302523398,0.02659819589,0,0.0221538966047,0.0358164788119,0.1046182792871,0.0298458102844,0.0937364804216,0.0258313432867,0.0708709480378,0.0202008542733,0.0209787501341,0.0211670996757,0.0241891314554,0.1144839044105,0.0992030751309,0.0232928398681
"1642.MS00597",0.0827355185818,0.0270922737506,0.025251182406,0.0211266018774,0.0857075472809,0.0929904285202,0.0261702620189,0.0445736576702,0.0243219606361,0.0207154933418,0.0236194466658,0.0890536101543,0.0978705974364,0.1073122103755,0.1581538518801,0.0215850157033,0.0241336906507,0.0271762879126,0.0246048702697,0.0816549461633,0.1675692473456,0.0255582633549,0.0273160777253,0.0906121676807,0.0269125503815,0.0221538966047,0,0.037753411417,0.0972627582698,0.0298305183127,0.0853554511236,0.0241898738441,0.0713880603878,0.0218370693882,0.022429611591,0.0217870787579,0.0236375722016,0.1090676243786,0.0923272538936,0.0231447537703
"1642.MS00377",0.0895267100104,0.0421941758328,0.0375604101707,0.0368832873178,0.0885547172498,0.0932200635668,0.024535426671,0.0230580216605,0.0343022096309,0.0389305521054,0.0317173324551,0.0919848913047,0.1060260947989,0.1115968296061,0.1363213877413,0.0343994247826,0.0244324571649,0.0486310151669,0.0427912561555,0.0903662720173,0.1396907165879,0.0276350283696,0.040625078216,0.0861742720702,0.0246165355018,0.0358164788119,0.037753411417,0,0.1019886801708,0.034463092722,0.0882219865562,0.0412095184801,0.0735499057301,0.0335802861297,0.0410023870908,0.0317484044652,0.0351637437229,0.1090436760332,0.0930095900893,0.0336369938804
"2382.HE003.C181.HA.2.558.root.4.12.lane7.NoIndex.L007.sequences",0.0453233988599,0.1003491985763,0.1168755050985,0.1040055231686,0.0259787531656,0.0204213748418,0.099200403791,0.0873442340749,0.1113028393952,0.1054140743442,0.1065667167828,0.0225026808348,0.0271094450376,0.0206420828454,0.0958221532675,0.0974182237898,0.090815591158,0.1164019971753,0.1023775636153,0.0499120507954,0.0999950431978,0.100617865826,0.0901639853213,0.0315088886568,0.090066480115,0.1046182792871,0.0972627582698,0.1019886801708,0,0.119825769494,0.0236914711709,0.0918431394185,0.0459466666507,0.0993629838003,0.1009019065854,0.1038987521108,0.1096325788968,0.0181825549079,0.01837129859,0.1171980844291
"1642.MS00447",0.1036978906183,0.0445482396209,0.031687689913,0.0287439474154,0.1033041119464,0.1129726278417,0.0233190024367,0.0432549445909,0.0268328374753,0.0302035665029,0.0247134637224,0.107924333285,0.1181242364155,0.132193084184,0.1687738021596,0.0291333156925,0.0265126678059,0.0392164951426,0.0327716600681,0.101741196751,0.1732419387868,0.0300807337633,0.0363892978913,0.1049767919865,0.0323137316504,0.0298458102844,0.0298305183127,0.034463092722,0.119825769494,0,0.1060543979301,0.0383817643914,0.0937372090008,0.0292213948679,0.0323838593433,0.0294749749736,0.0265255008474,0.1352470765366,0.1120812198757,0.0266570338689
"2382.DPOO1.C1.HA.3.238.root.9.11.lane1.NoIndex.L001.sequences",0.040181686642,0.0859839317657,0.1049155443892,0.0891722936431,0.0244949676541,0.0266565008538,0.0880743983288,0.0758202627597,0.1001963857997,0.096829445827,0.0927017244022,0.0216565181665,0.0250625097006,0.0241885360519,0.0859499782476,0.0888365661632,0.080740002264,0.1000743804295,0.0899044501204,0.0383618524049,0.0908265167445,0.0885382708586,0.0788602751601,0.0347737008422,0.0829227061196,0.0937364804216,0.0853554511236,0.0882219865562,0.0236914711709,0.1060543979301,0,0.083788450362,0.0407138033889,0.0889038631765,0.0893756934473,0.0923576401833,0.0982479204326,0.0272032226664,0.0221142722082,0.1018526596884
"1642.MS00629",0.0748239570233,0.0250225304773,0.0341245273766,0.0262685534376,0.0849456832225,0.0890090749062,0.0326334190991,0.0440157248599,0.0316502555181,0.0280223469516,0.0286858285471,0.085492082933,0.0947907822713,0.1074327874877,0.1517229722492,0.0258854018849,0.0279287401825,0.027501391255,0.0269379990967,0.0744103898642,0.1597185476375,0.0270184309384,0.0292553714307,0.0850612699835,0.0296285021239,0.0258313432867,0.0241898738441,0.0412095184801,0.0918431394185,0.0383817643914,0.083788450362,0,0.0647278885863,0.0258104320684,0.0245158121298,0.0253898530841,0.0328754047982,0.1049085342881,0.0916062416169,0.0302915588155
"2382.GM.181.R5.rhizo.10.12.lane7.NoIndex.L007.sequences",0.0324069853403,0.0640798268175,0.0886622134243,0.0740703181105,0.0415927357526,0.0425264368154,0.0776241909134,0.0663285187831,0.0845490011042,0.0793936447546,0.0763836902232,0.0390636611255,0.0524189893535,0.0539711193057,0.1181592289374,0.0709416546619,0.0657954192249,0.0797802865878,0.0752568075074,0.0324204909929,0.1325170570966,0.0697636182144,0.0648768685838,0.0459099207549,0.0655290627823,0.0708709480378,0.0713880603878,0.0735499057301,0.0459466666507,0.0937372090008,0.0407138033889,0.0647278885863,0,0.0745875713254,0.0742385161962,0.0714108890962,0.0910344608521,0.0419490316411,0.0410294586383,0.0749364934682
"1642.MS00577",0.0864491026142,0.0315035053868,0.0227411314476,0.0213233314008,0.0883520993134,0.0929096748597,0.0226440724703,0.0397444920728,0.0213939437665,0.0218747105556,0.0237843927215,0.0897998671406,0.0978045013766,0.111004915611,0.1518829109559,0.0230946192331,0.0208891063522,0.0317835377703,0.0243036322446,0.086778154134,0.1626195217273,0.0235736576639,0.0258954836554,0.0877133748295,0.0250218045895,0.0202008542733,0.0218370693882,0.0335802861297,0.0993629838003,0.0292213948679,0.0889038631765,0.0258104320684,0.0745875713254,0,0.0217530929574,0.0220007118561,0.0224336637199,0.1113355109737,0.091682510295,0.0235197972578
"1642.MS00585",0.0856664000596,0.0293469256718,0.0230672734889,0.0221410172147,0.0910883458632,0.0959664019854,0.0270996362233,0.0462234077311,0.0243635011692,0.0222994321443,0.0233686544866,0.0914122922252,0.1011172503746,0.1166268520438,0.1664006047634,0.02262387182,0.0238880765,0.0300644196282,0.0197761569305,0.0834402821681,0.1775055854431,0.0262322416496,0.0234567144721,0.0908468334136,0.0292980250146,0.0209787501341,0.022429611591,0.0410023870908,0.1009019065854,0.0323838593433,0.0893756934473,0.0245158121298,0.0742385161962,0.0217530929574,0,0.0202725645911,0.0241627361861,0.1156396590732,0.0973317855186,0.0255925097953
"1642.MS00459",0.0858855861577,0.027972056477,0.0247407915833,0.0216371609788,0.0934246196785,0.0977778897625,0.0234799998551,0.0368617988623,0.025124357518,0.023762080639,0.0215851155684,0.0941712962797,0.1065694081478,0.1183485125269,0.1590769974689,0.0200287009212,0.0206099967696,0.0314696687337,0.0213023248169,0.0856223050565,0.173495362029,0.0222135253189,0.0264821360054,0.0938420229502,0.0256024826533,0.0211670996757,0.0217870787579,0.0317484044652,0.1038987521108,0.0294749749736,0.0923576401833,0.0253898530841,0.0714108890962,0.0220007118561,0.0202725645911,0,0.0256777515946,0.1164378358461,0.0991449508839,0.0244777182816
"1642.MS00519",0.0985535277485,0.0394998284914,0.0217662902231,0.022895576167,0.0951933246315,0.1004156187617,0.021505027349,0.0432042053422,0.0205810945168,0.0227632074272,0.0249395432616,0.0978395985998,0.1059439692786,0.1210256108069,0.1568723111354,0.0256875261115,0.0247604833802,0.038110330662,0.0294561566189,0.0971255559679,0.1697069089071,0.0290641219382,0.0285130780437,0.0943277105655,0.0295086519264,0.0241891314554,0.0236375722016,0.0351637437229,0.1096325788968,0.0265255008474,0.0982479204326,0.0328754047982,0.0910344608521,0.0224336637199,0.0241627361861,0.0256777515946,0,0.1226965471345,0.1000464241182,0.0242299261427
"2382.GM.181.R2.root.10.12.lane7.NoIndex.L007.sequences",0.0559188114291,0.1074724422645,0.1328759447811,0.1163768229457,0.0238296084853,0.0197466739999,0.1094297099637,0.0923759401492,0.1235944476621,0.1224201927446,0.1202642448117,0.0232084780326,0.026909253884,0.0179133140159,0.0864014980743,0.1090597469682,0.1019505300451,0.1320113633786,0.1155379225271,0.064599234934,0.0948128609768,0.1147889260794,0.1019170031499,0.0409112225514,0.1026411580723,0.1144839044105,0.1090676243786,0.1090436760332,0.0181825549079,0.1352470765366,0.0272032226664,0.1049085342881,0.0419490316411,0.1113355109737,0.1156396590732,0.1164378358461,0.1226965471345,0,0.0197328470131,0.1302189263843
"2382.SH007.C6.RH.3.513.root.4.12.lane7.NoIndex.L007.sequences",0.0404502233873,0.0946812523608,0.1112318793075,0.0964997023126,0.0217388158904,0.0192491423594,0.0901316537097,0.0815491446503,0.1044772604181,0.101141591276,0.0991125516286,0.0211154862631,0.0236675694061,0.0151974365692,0.0828234568324,0.0945609456133,0.0844806004512,0.1083842275392,0.0955676366424,0.0470786692469,0.0867038911016,0.0965171410671,0.0855801372363,0.0251575258802,0.0869457571695,0.0992030751309,0.0923272538936,0.0930095900893,0.01837129859,0.1120812198757,0.0221142722082,0.0916062416169,0.0410294586383,0.091682510295,0.0973317855186,0.0991449508839,0.1000464241182,0.0197328470131,0,0.1071036279723
"1642.MS00483",0.099946258662,0.0328789765989,0.0272190779565,0.0238255630753,0.1017800142896,0.1087509854987,0.0249200456597,0.0421619876032,0.0235046084163,0.0257743560111,0.0226650162874,0.1046722297487,0.114087656821,0.1284062089922,0.1676587267936,0.0223364519192,0.023160183169,0.0306200962695,0.0254996231702,0.0951255230194,0.1722785023822,0.0262136884642,0.0297493159304,0.1001434617178,0.0279087576278,0.0232928398681,0.0231447537703,0.0336369938804,0.1171980844291,0.0266570338689,0.1018526596884,0.0302915588155,0.0749364934682,0.0235197972578,0.0255925097953,0.0244777182816,0.0242299261427,0.1302189263843,0.1071036279723,0
