"","2382.HE003.C181.HA.2.558.root.4.12.lane7.NoIndex.L007.sequences","1642.MS00356","1642.MS00547","2382.GM.181.R5.rhizo.10.12.lane7.NoIndex.L007.sequences","2382.MU002.C3.HA.3.688.root.9.12.lane7.NoIndex.L007.sequences","2382.SH007.C6.RH.2.708.root.9.12.lane7.NoIndex.L007.sequences","1642.MS00459","1642.MS00595","1642.MS00519","1642.MS00597","1001.SKD7","1642.MS00593","1642.MS00601","1642.MS00426","2382.MU002.C3.HA.1.478.root.4.12.lane7.NoIndex.L007.sequences","1642.MS00377","1642.MS00483","2382.SH007.C6.RH.3.513.root.4.12.lane7.NoIndex.L007.sequences","1642.MS00629","1642.MS00493","1642.MS00613","2382.DPOO1.C1.HA.3.238.root.9.11.lane1.NoIndex.L001.sequences","1642.MS00611","1642.MS00525","1642.MS00577","2382.MU002.C3.HA.1.63.root.6.11.lane1.NoIndex.L001.sequences","1642.MS00397","1642.MS00394","1642.MS00449","1642.MS00585","2382.DPOO1.C1.HA.1.427.rhizo.4.12.lane7.NoIndex.L007.sequences","2382.HE003.C181.HA.4.368.root.9.11.lane1.NoIndex.L001.sequences","1642.MS00631","2382.GM.181.R2.root.10.12.lane7.NoIndex.L007.sequences","1642.MS00399","2382.MU002.C3.HA.3.71.root.6.11.lane1.NoIndex.L001.sequences","1001.SKB7","1642.MS00447","2382.SH005.C3.RH.4.667.rhizo.9.12.lane7.NoIndex.L007.sequences","1642.MS00554"
"2382.HE003.C181.HA.2.558.root.4.12.lane7.NoIndex.L007.sequences",0,1,1,1,-1,-1,1,1,1,1,1,1,1,1,-0.998,1,1,-1,1,1,1,-0.968,1,1,1,-0.968,1,1,1,1,1,-0.46,1,-1,1,-0.998,0.998,1,1,1
"1642.MS00356",1,0,1,1,1,1,1,1,0.998,1,1,1,1,0.641,1,-0.656,1,1,1,1,1,1,1,1,0.765,1,0.241,1,1,1,1,1,1,1,0.0069999999999999,1,1,1,1,1
"1642.MS00547",1,1,0,1,1,1,-0.952,0.662,0.32,-0.954,1,0.391,-0.684,-0.26,1,1,-0.655,1,-0.38,-0.979,0.942,1,-0.562,-0.93,-0.868,1,-0.691,-0.818,-0.696,-0.923,1,1,0.81,1,0.41,1,1,0.435,1,-0.594
"2382.GM.181.R5.rhizo.10.12.lane7.NoIndex.L007.sequences",1,1,1,0,1,1,1,1,1,1,1,1,1,1,1,1,1,0.998,1,1,1,1,1,1,1,1,1,1,1,1,0.788,1,1,0.988,1,1,1,1,0.996,1
"2382.MU002.C3.HA.3.688.root.9.12.lane7.NoIndex.L007.sequences",-1,1,1,1,0,-0.996,1,1,1,1,0.998,1,1,1,-0.942,1,1,-0.986,1,1,1,-0.768,1,1,1,-1,1,1,1,1,1,-0.86,1,-1,1,-1,1,1,1,1
"2382.SH007.C6.RH.2.708.root.9.12.lane7.NoIndex.L007.sequences",-1,1,1,1,-0.996,0,1,1,1,1,0.995,1,1,1,-1,1,1,-1,1,1,1,-0.986,1,1,1,-1,1,1,1,1,0.988,-0.121,1,-1,1,-0.998,0.992,1,0.979,1
"1642.MS00459",1,1,-0.952,1,1,1,0,0.448,0.873,-0.982,1,0.443,-0.865,-0.561,1,0.993,-0.442,1,-0.619,-0.992,0.734,1,-0.933,-0.911,-0.343,1,-0.661,-0.966,-0.982,-0.99,1,1,-0.328,1,0.359,1,1,-0.103,1,0.289
"1642.MS00595",1,1,0.662,1,1,1,0.448,0,0.718,-0.36,1,0.231,-0.509,0.516,1,1,0.762,1,0.882,0.277,1,1,0.0569999999999999,-0.278,0.629,1,0.812,0.422,0.835,-0.66,1,1,1,1,0.99,1,1,0.982,1,0.591
"1642.MS00519",1,0.998,0.32,1,1,1,0.873,0.718,0,0.254,1,-0.573,-0.094,0.616,1,0.996,-0.128,1,1,0.032,1,1,0.954,-0.984,-0.992,1,-0.958,0.785,0.521,0.0580000000000001,1,1,1,1,-0.952,1,1,-0.244,1,-0.963
"1642.MS00597",1,1,-0.954,1,1,1,-0.982,-0.36,0.254,0,1,0.24,-0.998,-0.505,1,1,-0.63,1,-0.815,-0.998,0.506,1,-0.959,-0.992,-0.643,1,-0.441,-0.956,-0.894,-0.998,1,1,-0.101,1,0.882,1,1,0.386,1,0.00800000000000001
"1001.SKD7",1,1,1,1,0.998,0.995,1,1,1,1,0,1,1,1,1,1,1,1,1,1,1,1,1,1,1,1,1,1,1,1,1,0.99,1,0.954,1,1,-0.984,1,1,1
"1642.MS00593",1,1,0.391,1,1,1,0.443,0.231,-0.573,0.24,1,0,-0.115,0.844,1,1,0.976,1,1,0.446,1,1,0.774,-0.441,-0.133,1,0.635,0.887,0.945,-0.22,1,1,1,1,0.781,1,1,0.952,1,-0.877
"1642.MS00601",1,1,-0.684,1,1,1,-0.865,-0.509,-0.094,-0.998,1,-0.115,0,0.0249999999999999,1,1,0.0509999999999999,1,0.334,-0.792,0.993,1,-0.217,-0.969,-0.643,1,0.264,-0.647,-0.459,-0.966,1,1,0.679,1,0.962,1,1,0.0680000000000001,1,-0.227
"1642.MS00426",1,0.641,-0.26,1,1,1,-0.561,0.516,0.616,-0.505,1,0.844,0.0249999999999999,0,1,-0.172,-0.288,1,0.695,-0.888,1,1,0.551,-0.779,0.0720000000000001,1,-0.91,-0.996,-0.381,0.0720000000000001,1,1,0.992,1,0.114,1,1,0.626,1,0.329
"2382.MU002.C3.HA.1.478.root.4.12.lane7.NoIndex.L007.sequences",-0.998,1,1,1,-0.942,-1,1,1,1,1,1,1,1,1,0,1,1,-0.992,1,1,1,-0.958,1,1,1,-0.982,1,1,1,1,1,1,1,-0.994,1,-1,1,1,1,1
"1642.MS00377",1,-0.656,1,1,1,1,0.993,1,0.996,1,1,1,1,-0.172,1,0,0.982,1,1,0.972,1,1,1,0.926,0.984,1,0.143,0.806,0.978,1,1,1,1,1,0.501,1,1,0.976,1,0.99
"1642.MS00483",1,1,-0.655,1,1,1,-0.442,0.762,-0.128,-0.63,1,0.976,0.0509999999999999,-0.288,1,0.982,0,1,0.83,-0.942,0.907,1,-0.375,-0.927,-0.358,1,-0.749,-0.359,-0.87,-0.534,1,1,0.992,1,0.162,1,1,-0.323,1,-0.644
"2382.SH007.C6.RH.3.513.root.4.12.lane7.NoIndex.L007.sequences",-1,1,1,0.998,-0.986,-1,1,1,1,1,1,1,1,1,-0.992,1,1,0,1,1,1,-0.89,1,1,1,-0.974,1,1,1,1,1,-0.396,1,-1,1,-0.974,0.97,1,0.996,1
"1642.MS00629",1,1,-0.38,1,1,1,-0.619,0.882,1,-0.815,1,1,0.334,0.695,1,1,0.83,1,0,-0.344,-0.41,1,-0.544,0.0780000000000001,0.729,1,0.818,-0.193,0.459,-0.607,1,1,-0.833,1,1,1,1,0.998,1,1
"1642.MS00493",1,1,-0.979,1,1,1,-0.992,0.277,0.032,-0.998,1,0.446,-0.792,-0.888,1,0.972,-0.942,1,-0.344,0,0.643,1,-0.875,-0.986,-0.859,1,-0.852,-0.982,-0.905,-0.978,1,1,0.443,1,0.0289999999999999,1,1,-0.112,1,-0.475
"1642.MS00613",1,1,0.942,1,1,1,0.734,1,1,0.506,1,1,0.993,1,1,1,0.907,1,-0.41,0.643,0,1,0.038,0.966,1,1,0.992,0.996,0.524,0.842,1,1,-0.93,1,1,1,1,1,1,1
"2382.DPOO1.C1.HA.3.238.root.9.11.lane1.NoIndex.L001.sequences",-0.968,1,1,1,-0.768,-0.986,1,1,1,1,1,1,1,1,-0.958,1,1,-0.89,1,1,1,0,1,1,1,-0.44,1,1,1,1,1,0.998,1,-0.956,1,-0.874,1,1,0.999,1
"1642.MS00611",1,1,-0.562,1,1,1,-0.933,0.0569999999999999,0.954,-0.959,1,0.774,-0.217,0.551,1,1,-0.375,1,-0.544,-0.875,0.038,1,0,-0.741,0.056,1,-0.122,-0.187,-0.717,-0.996,1,1,0.464,1,0.968,1,1,0.634,1,0.588
"1642.MS00525",1,1,-0.93,1,1,1,-0.911,-0.278,-0.984,-0.992,1,-0.441,-0.969,-0.779,1,0.926,-0.927,1,0.0780000000000001,-0.986,0.966,1,-0.741,0,-0.954,1,-0.982,-0.898,-0.875,-0.974,1,1,0.802,1,-0.624,1,1,-0.493,1,-0.895
"1642.MS00577",1,0.765,-0.868,1,1,1,-0.343,0.629,-0.992,-0.643,1,-0.133,-0.643,0.0720000000000001,1,0.984,-0.358,1,0.729,-0.859,1,1,0.056,-0.954,0,1,-1,-0.083,0.191,-0.456,1,1,0.998,1,-0.982,1,1,0.572,1,-0.936
"2382.MU002.C3.HA.1.63.root.6.11.lane1.NoIndex.L001.sequences",-0.968,1,1,1,-1,-1,1,1,1,1,1,1,1,1,-0.982,1,1,-0.974,1,1,1,-0.44,1,1,1,0,1,1,1,1,1,-0.546,1,-1,1,-1,1,1,1,1
"1642.MS00397",1,0.241,-0.691,1,1,1,-0.661,0.812,-0.958,-0.441,1,0.635,0.264,-0.91,1,0.143,-0.749,1,0.818,-0.852,0.992,1,-0.122,-0.982,-1,1,0,-0.966,-0.924,-0.323,1,1,0.98,1,-1,1,1,-0.249,1,-0.222
"1642.MS00394",1,1,-0.818,1,1,1,-0.966,0.422,0.785,-0.956,1,0.887,-0.647,-0.996,1,0.806,-0.359,1,-0.193,-0.982,0.996,1,-0.187,-0.898,-0.083,1,-0.966,0,-0.886,-0.741,1,1,0.682,1,0.04,1,1,0.392,1,0.796
"1642.MS00449",1,1,-0.696,1,1,1,-0.982,0.835,0.521,-0.894,1,0.945,-0.459,-0.381,1,0.978,-0.87,1,0.459,-0.905,0.524,1,-0.717,-0.875,0.191,1,-0.924,-0.886,0,-0.892,1,1,0.832,1,-0.463,1,1,-0.986,1,0.586
"1642.MS00585",1,1,-0.923,1,1,1,-0.99,-0.66,0.0580000000000001,-0.998,1,-0.22,-0.966,0.0720000000000001,1,1,-0.534,1,-0.607,-0.978,0.842,1,-0.996,-0.974,-0.456,1,-0.323,-0.741,-0.892,0,1,1,0.315,1,0.757,1,1,0.4,1,-0.119
"2382.DPOO1.C1.HA.1.427.rhizo.4.12.lane7.NoIndex.L007.sequences",1,1,1,0.788,1,0.988,1,1,1,1,1,1,1,1,1,1,1,1,1,1,1,1,1,1,1,1,1,1,1,1,0,1,1,0.998,1,0.998,1,1,0.433,1
"2382.HE003.C181.HA.4.368.root.9.11.lane1.NoIndex.L001.sequences",-0.46,1,1,1,-0.86,-0.121,1,1,1,1,0.99,1,1,1,1,1,1,-0.396,1,1,1,0.998,1,1,1,-0.546,1,1,1,1,1,0,1,-0.003,1,-0.703,-0.08,1,1,1
"1642.MS00631",1,1,0.81,1,1,1,-0.328,1,1,-0.101,1,1,0.679,0.992,1,1,0.992,1,-0.833,0.443,-0.93,1,0.464,0.802,0.998,1,0.98,0.682,0.832,0.315,1,1,0,1,1,1,1,1,1,1
"2382.GM.181.R2.root.10.12.lane7.NoIndex.L007.sequences",-1,1,1,0.988,-1,-1,1,1,1,1,0.954,1,1,1,-0.994,1,1,-1,1,1,1,-0.956,1,1,1,-1,1,1,1,1,0.998,-0.003,1,0,1,-0.998,0.988,1,0.99,1
"1642.MS00399",1,0.0069999999999999,0.41,1,1,1,0.359,0.99,-0.952,0.882,1,0.781,0.962,0.114,1,0.501,0.162,1,1,0.0289999999999999,1,1,0.968,-0.624,-0.982,1,-1,0.04,-0.463,0.757,1,1,1,1,0,1,1,-0.581,1,-0.109
"2382.MU002.C3.HA.3.71.root.6.11.lane1.NoIndex.L001.sequences",-0.998,1,1,1,-1,-0.998,1,1,1,1,1,1,1,1,-1,1,1,-0.974,1,1,1,-0.874,1,1,1,-1,1,1,1,1,0.998,-0.703,1,-0.998,1,0,0.995,1,0.992,1
"1001.SKB7",0.998,1,1,1,1,0.992,1,1,1,1,-0.984,1,1,1,1,1,1,0.97,1,1,1,1,1,1,1,1,1,1,1,1,1,-0.08,1,0.988,1,0.995,0,1,1,1
"1642.MS00447",1,1,0.435,1,1,1,-0.103,0.982,-0.244,0.386,1,0.952,0.0680000000000001,0.626,1,0.976,-0.323,1,0.998,-0.112,1,1,0.634,-0.493,0.572,1,-0.249,0.392,-0.986,0.4,1,1,1,1,-0.581,1,1,0,1,0.115
"2382.SH005.C3.RH.4.667.rhizo.9.12.lane7.NoIndex.L007.sequences",1,1,1,0.996,1,0.979,1,1,1,1,1,1,1,1,1,1,1,0.996,1,1,1,0.999,1,1,1,1,1,1,1,1,0.433,1,1,0.99,1,0.992,1,1,0,1
"1642.MS00554",1,1,-0.594,1,1,1,0.289,0.591,-0.963,0.00800000000000001,1,-0.877,-0.227,0.329,1,0.99,-0.644,1,1,-0.475,1,1,0.588,-0.895,-0.936,1,-0.222,0.796,0.586,-0.119,1,1,1,1,-0.109,1,1,0.115,1,0
