"","1642.MS00358","2382.SH008.C6.HA.4.542.rhizo.4.12.lane7.NoIndex.L007.sequences","2382.MU002.C3.HA.1.677.rhizo.9.12.lane7.NoIndex.L007.sequences","1642.MS00357","1642.MS00574","2382.SH007.C6.RH.1.502.rhizo.4.12.lane7.NoIndex.L007.sequences","1642.MS00442","2382.RU006.C181.RH.1.778.root.9.12.lane7.NoIndex.L007.sequences","2382.SH007.C6.RH.3.713.root.9.12.lane7.NoIndex.L007.sequences","2382.SH004.C1.RH.5.622.rhizo.9.12.lane7.NoIndex.L007.sequences","2382.HE003.C181.HA.2.558.root.4.12.lane7.NoIndex.L007.sequences","1642.MS00493","2382.HE003.C181.HA.3.131.root.6.11.lane1.NoIndex.L001.sequences","2382.GM.181.R1.root.10.12.lane7.NoIndex.L007.sequences","1642.MS00364","2382.GM.181.R5.root.10.12.lane7.NoIndex.L007.sequences","2382.DPOO1.C1.HA.1.427.rhizo.4.12.lane7.NoIndex.L007.sequences","2382.SH007.C6.RH.1.703.root.9.12.lane7.NoIndex.L007.sequences","1642.MS00406","1642.MS00438","2382.HE003.C181.HA.3.131.r1.root.6.11.lane7.NoIndex.L007.sequences","2382.RU006.C181.RH.2.583.root.4.12.lane7.NoIndex.L007.sequences","1642.MS00613","1642.MS00424","2382.DPOO1.C1.HA.2.433.root.4.12.lane7.NoIndex.L007.sequences","2382.HE003.C181.HA.2.757.rhizo.9.12.lane7.NoIndex.L007.sequences","1642.MS00481","1642.MS00579","2382.SH008.C6.HA.3.737.rhizo.9.12.lane7.NoIndex.L007.sequences","1642.MS00591","2382.MU002.C3.HA.3.487.rhizo.4.12.lane7.NoIndex.L007.sequences","2382.RU006.C181.RH.4.593.root.4.12.lane7.NoIndex.L007.sequences","1642.MS00464","2382.SH004.C1.RH.3.613.root.9.12.lane7.NoIndex.L007.sequences","1642.MS00380","2382.SH005.C3.RH.2.258.root.9.11.lane1.NoIndex.L001.sequences","2382.RU006.C181.RH.2.783.root.9.12.lane7.NoIndex.L007.sequences","2382.DPOO1.C1.HA.5.447.rhizo.4.12.lane7.NoIndex.L007.sequences","1642.MS00444","2382.MU002.C3.HA.4.693.root.9.12.lane7.NoIndex.L007.sequences"
"1642.MS00358",0,0.121223480171,0.1141334855274,0.0731378719864,0.0890031092368,0.1128688515167,0.0829550330356,0.1289036505656,0.13582138885,0.1269186900468,0.1358260155083,0.074715702446,0.1139067512514,0.1168254074123,0.058278537417,0.114938269931,0.1242402487989,0.1240756083521,0.080897750159,0.0918825500718,0.1485573769575,0.1057140065393,0.1130529362781,0.0636954092239,0.109108930039,0.1238918289248,0.0810547418696,0.100969916323,0.1358532558764,0.0717023805979,0.1480313442179,0.1330383414263,0.0762091207078,0.1407051071159,0.0812507391472,0.1297563451597,0.1312655572708,0.1107555946565,0.0981900853911,0.1111428952139
"2382.SH008.C6.HA.4.542.rhizo.4.12.lane7.NoIndex.L007.sequences",0.121223480171,0,0.030523998209,0.080738486569,0.0814749312269,0.0198905379453,0.0896742072657,0.0549512672476,0.0565289913085,0.0207865419221,0.0467315481097,0.0794055088088,0.0416199442112,0.0570234114803,0.0914043391492,0.0614308579236,0.0243267636456,0.0453926309026,0.0780474801372,0.0825442595151,0.0643107102222,0.0475559183452,0.0884008716894,0.0696785570383,0.0407850302508,0.031507760394,0.0776210267121,0.0891402568275,0.019807591098,0.081457497149,0.030358747022,0.0529944935744,0.0751168912317,0.059518630505,0.1216939241308,0.0317896455704,0.0586777475447,0.0230196393972,0.092354004136,0.0491642094802
"2382.MU002.C3.HA.1.677.rhizo.9.12.lane7.NoIndex.L007.sequences",0.1141334855274,0.030523998209,0,0.0857831889075,0.087382263794,0.0355097043119,0.094957589663,0.0535572354356,0.053700311421,0.0272974506409,0.0501877311322,0.0874730502507,0.0461190863613,0.0573407642752,0.0940952833504,0.0642679148106,0.0279428169061,0.0468557663951,0.0853553163499,0.0863194662244,0.0722835407069,0.0515414025072,0.0906451398575,0.077245405313,0.0384712659982,0.0377086241738,0.0833982975322,0.0917187498137,0.0280900576548,0.0809320949348,0.026504677839,0.0648390983492,0.0842281910874,0.0633183301009,0.1188731896236,0.032193464678,0.0662268325639,0.0273445059919,0.0968294221954,0.0377901558996
"1642.MS00357",0.0731378719864,0.080738486569,0.0857831889075,0,0.0303990979385,0.0845021388416,0.0297000568574,0.0924533195482,0.1100614724963,0.0856589756022,0.0887177653007,0.0294737425718,0.0855733163061,0.0845942940666,0.0324533501438,0.0793888189679,0.081431243419,0.0878438721775,0.0232471020611,0.0236256229088,0.1028102662931,0.0825205659217,0.045867303674,0.0233905501075,0.0860708815662,0.0851192023795,0.0320388096463,0.0331555154551,0.0851231811487,0.0359706247028,0.096961138573,0.0846888166725,0.0308512431286,0.1080359298431,0.0305130497545,0.0862655329171,0.0867259903441,0.0793962011574,0.0252748247938,0.0936242920007
"1642.MS00574",0.0890031092368,0.0814749312269,0.087382263794,0.0303990979385,0,0.0897395790122,0.0243000089507,0.1057038149527,0.1178081506049,0.0835566429184,0.1000856714785,0.0207921130261,0.0992669096651,0.1058531137888,0.0538063319974,0.103903432986,0.0814144154438,0.1024783630291,0.0219130234947,0.0228960586378,0.1275361022883,0.0970311162201,0.0314473328985,0.0220577647085,0.0981160256819,0.0850464663626,0.0230514366711,0.0212237792091,0.0834612189155,0.0301003086193,0.0909249721658,0.1002378300248,0.021791259991,0.1272464216526,0.0628558591253,0.0888093625435,0.1019900327286,0.0820656643041,0.0285161205731,0.1079700778161
"2382.SH007.C6.RH.1.502.rhizo.4.12.lane7.NoIndex.L007.sequences",0.1128688515167,0.0198905379453,0.0355097043119,0.0845021388416,0.0897395790122,0,0.0972400026866,0.0601362450238,0.058197336303,0.0268839235854,0.042572188807,0.0876705528867,0.0429415345027,0.0500904862686,0.0952616587538,0.0599304074423,0.0320002048328,0.0421215890048,0.0842864534086,0.0872103932881,0.0658134627702,0.0442274892875,0.1010542304196,0.0771045601721,0.0416094094669,0.0404815066859,0.0901465163116,0.0957862005947,0.0296424010241,0.0884156070374,0.0370960006885,0.0487750494871,0.0847687315652,0.0617665630645,0.1180805567335,0.0294213921722,0.0571214254222,0.0271347250482,0.0980845274085,0.0501481331899
"1642.MS00442",0.0829550330356,0.0896742072657,0.094957589663,0.0297000568574,0.0243000089507,0.0972400026866,0,0.1180322783713,0.1281220208762,0.0921798949686,0.1068610845511,0.0228207027111,0.1004854804512,0.1099832127973,0.0570191834545,0.1115474657908,0.0874069994622,0.1092492602802,0.0254768853471,0.0199569222116,0.1272488388758,0.102542133708,0.028899904869,0.0228995874485,0.1038983229039,0.0975574201745,0.0222816912524,0.024389897267,0.090021126154,0.0346005086949,0.1009081237662,0.1015726811006,0.0266168390883,0.1294300449027,0.0573453519345,0.0940758375479,0.1083657244721,0.0879399903119,0.0249163965355,0.113782054798
"2382.RU006.C181.RH.1.778.root.9.12.lane7.NoIndex.L007.sequences",0.1289036505656,0.0549512672476,0.0535572354356,0.0924533195482,0.1057038149527,0.0601362450238,0.1180322783713,0,0.0159312746417,0.0584545631181,0.0207072672413,0.100939552047,0.0186421194378,0.0216726118736,0.0982182401351,0.0343777297817,0.0628937627754,0.0185590815621,0.0902022579999,0.1060416936839,0.019025404493,0.0162548432667,0.1208778708336,0.0930164187691,0.0230479503132,0.0535484220238,0.1040834520176,0.1138071499381,0.0559910077004,0.1080048549407,0.0738552269427,0.0224091172453,0.0981783986711,0.0232174527367,0.1256428555336,0.0303974117993,0.0162762725818,0.0629600131462,0.1132568913941,0.0248221183045
"2382.SH007.C6.RH.3.713.root.9.12.lane7.NoIndex.L007.sequences",0.13582138885,0.0565289913085,0.053700311421,0.1100614724963,0.1178081506049,0.058197336303,0.1281220208762,0.0159312746417,0,0.0582412049664,0.0200699403842,0.1133714440868,0.0188093374891,0.0202711154649,0.1217959304804,0.0334111443122,0.0645946767753,0.0145912689553,0.1007924379791,0.1184430420249,0.0150322909968,0.0286359862847,0.1356547177449,0.1020648514264,0.0180570654674,0.0546091458528,0.1152333100103,0.1249168696841,0.0551236066545,0.1137600103141,0.0698232657833,0.0389422405508,0.1110158726962,0.0151934685916,0.1436983787458,0.0357983564706,0.0354086380959,0.0589259136138,0.1259469907131,0.0176841523198
"2382.SH004.C1.RH.5.622.rhizo.9.12.lane7.NoIndex.L007.sequences",0.1269186900468,0.0207865419221,0.0272974506409,0.0856589756022,0.0835566429184,0.0268839235854,0.0921798949686,0.0584545631181,0.0582412049664,0,0.0505319361372,0.0810932652951,0.0436790579018,0.0572310797997,0.0965539862684,0.0645922343606,0.0221587712733,0.047242749002,0.0817828967604,0.0859835438759,0.0692764039421,0.0519812222777,0.0875735572554,0.0742752495924,0.0413740215823,0.0287949527393,0.0803432414763,0.0918945761527,0.0198627479442,0.0812907908175,0.0273097945462,0.0559333714929,0.0785175945187,0.0629102050812,0.1245173626661,0.028058071348,0.0607844482565,0.023319995441,0.0956348363638,0.0488659351104
"2382.HE003.C181.HA.2.558.root.4.12.lane7.NoIndex.L007.sequences",0.1358260155083,0.0467315481097,0.0501877311322,0.0887177653007,0.1000856714785,0.042572188807,0.1068610845511,0.0207072672413,0.0200699403842,0.0505319361372,0,0.09677469127,0.0122095106622,0.0200664375839,0.0985836299972,0.0341337247532,0.0533174718729,0.0175253730434,0.0878540929228,0.095555824783,0.0173591901982,0.0207960897425,0.1134501396586,0.0870160341684,0.0191873882268,0.0457370490445,0.1010192084519,0.1054651710609,0.0469473652495,0.0933679825454,0.0667201011663,0.0289150578722,0.0972697919161,0.0245494100545,0.1194167684646,0.0292618264029,0.0299548408387,0.0485861592929,0.1060022214168,0.0248530905444
"1642.MS00493",0.074715702446,0.0794055088088,0.0874730502507,0.0294737425718,0.0207921130261,0.0876705528867,0.0228207027111,0.100939552047,0.1133714440868,0.0810932652951,0.09677469127,0,0.0926016653798,0.1018861853107,0.0539876604859,0.1046627215294,0.0798363316965,0.0997982566064,0.0237688444018,0.0218980339104,0.1166412607458,0.0918245831592,0.0294524043984,0.0204106221005,0.0964191296831,0.0840417287673,0.0212816753267,0.0223349799705,0.0824104974822,0.0310245275704,0.0931954540816,0.090773712495,0.0218442816158,0.1204069133753,0.0641360454254,0.085654404155,0.0965481161461,0.0801834694637,0.0272839473887,0.1032723788587
"2382.HE003.C181.HA.3.131.root.6.11.lane1.NoIndex.L001.sequences",0.1139067512514,0.0416199442112,0.0461190863613,0.0855733163061,0.0992669096651,0.0429415345027,0.1004854804512,0.0186421194378,0.0188093374891,0.0436790579018,0.0122095106622,0.0926016653798,0,0.0194840113456,0.0929729757316,0.0287546710444,0.0487943899142,0.0159827150151,0.0825841427877,0.0904491103924,0.0131195950117,0.0241020146486,0.109000719452,0.0825305077287,0.0187956214971,0.0384366771701,0.0960013938414,0.1011368297082,0.0420008526016,0.0859451058868,0.079114400388,0.0335216047018,0.0927592756162,0.0182166369268,0.116843952138,0.0258317683485,0.0333519038616,0.0482275349181,0.1004965655231,0.0223554662875
"2382.GM.181.R1.root.10.12.lane7.NoIndex.L007.sequences",0.1168254074123,0.0570234114803,0.0573407642752,0.0845942940666,0.1058531137888,0.0500904862686,0.1099832127973,0.0216726118736,0.0202711154649,0.0572310797997,0.0200664375839,0.1018861853107,0.0194840113456,0,0.0825847038338,0.0166707086733,0.0637195932367,0.0167124706702,0.0879292141332,0.0958639952893,0.0205526276532,0.0220758816705,0.1210141374693,0.0893677966438,0.022099949291,0.0586734180793,0.1096299315013,0.1064787086867,0.0561284211166,0.0955401947505,0.0747202510784,0.0289236582997,0.0993546334395,0.0169719441611,0.1087752051907,0.0336489148061,0.0279842436878,0.0583131208789,0.1060208806482,0.02598997069
"1642.MS00364",0.058278537417,0.0914043391492,0.0940952833504,0.0324533501438,0.0538063319974,0.0952616587538,0.0570191834545,0.0982182401351,0.1217959304804,0.0965539862684,0.0985836299972,0.0539876604859,0.0929729757316,0.0825847038338,0,0.0794057341543,0.0942831990141,0.0923301591467,0.0448427620311,0.0472501769249,0.106226181464,0.083134206341,0.0776971223276,0.0428927054368,0.0952821578308,0.0952326426807,0.0571572732087,0.0559354235487,0.095878036598,0.0575063331635,0.1038921735828,0.0848540960881,0.0527940292416,0.1149358594965,0.0414150951968,0.0927529743578,0.0836453343585,0.0930883524077,0.0477006591714,0.0990891357428
"2382.GM.181.R5.root.10.12.lane7.NoIndex.L007.sequences",0.114938269931,0.0614308579236,0.0642679148106,0.0793888189679,0.103903432986,0.0599304074423,0.1115474657908,0.0343777297817,0.0334111443122,0.0645922343606,0.0341337247532,0.1046627215294,0.0287546710444,0.0166707086733,0.0794057341543,0,0.073504069417,0.0256316900834,0.0874259447125,0.0972787382243,0.0372727677215,0.0278277645041,0.1259974727365,0.0881348733788,0.0313613475204,0.0672930008465,0.1098006450908,0.1037357881224,0.0632925077667,0.0951545405949,0.075838350159,0.0296326353377,0.0948782404492,0.0284273530322,0.0945889661551,0.040694345601,0.0330124701175,0.0627198054297,0.107141183578,0.0397941189503
"2382.DPOO1.C1.HA.1.427.rhizo.4.12.lane7.NoIndex.L007.sequences",0.1242402487989,0.0243267636456,0.0279428169061,0.081431243419,0.0814144154438,0.0320002048328,0.0874069994622,0.0628937627754,0.0645946767753,0.0221587712733,0.0533174718729,0.0798363316965,0.0487943899142,0.0637195932367,0.0942831990141,0.073504069417,0,0.0545778991925,0.0797026698383,0.0805071836262,0.0789134953337,0.0530238484242,0.0818710825439,0.0713027923428,0.0437078758279,0.0356890297046,0.0766077933944,0.087859009997,0.0217536668837,0.0799038323724,0.0267111816157,0.0560912774032,0.0768400320208,0.0709821280242,0.1153550014374,0.0338252503166,0.0647088889822,0.0186770901606,0.0905016389007,0.0556044580648
"2382.SH007.C6.RH.1.703.root.9.12.lane7.NoIndex.L007.sequences",0.1240756083521,0.0453926309026,0.0468557663951,0.0878438721775,0.1024783630291,0.0421215890048,0.1092492602802,0.0185590815621,0.0145912689553,0.047242749002,0.0175253730434,0.0997982566064,0.0159827150151,0.0167124706702,0.0923301591467,0.0256316900834,0.0545778991925,0,0.0871659191775,0.0985871688611,0.0181537474888,0.0236388148317,0.1170720067942,0.0877594263934,0.0155006447745,0.0477491327118,0.1028085009983,0.1079721973131,0.0469518477134,0.0923653899728,0.0688378419467,0.0342153656276,0.097877160412,0.0147194753401,0.1143390366415,0.0229003031628,0.0308597060153,0.0514337032298,0.1085355557757,0.0187831569799
"1642.MS00406",0.080897750159,0.0780474801372,0.0853553163499,0.0232471020611,0.0219130234947,0.0842864534086,0.0254768853471,0.0902022579999,0.1007924379791,0.0817828967604,0.0878540929228,0.0237688444018,0.0825841427877,0.0879292141332,0.0448427620311,0.0874259447125,0.0797026698383,0.0871659191775,0,0.019869403233,0.1063091234976,0.0809398873706,0.0367852955922,0.0202978848132,0.0861076748576,0.0832456151168,0.0251244469095,0.0246140656311,0.0812897312307,0.0305384492114,0.0973056335468,0.0811521530903,0.0227452516878,0.102561307974,0.0497949537241,0.0798743947586,0.0870281203237,0.0792322218339,0.0237160316731,0.0926821299694
"1642.MS00438",0.0918825500718,0.0825442595151,0.0863194662244,0.0236256229088,0.0228960586378,0.0872103932881,0.0199569222116,0.1060416936839,0.1184430420249,0.0859835438759,0.095555824783,0.0218980339104,0.0904491103924,0.0958639952893,0.0472501769249,0.0972787382243,0.0805071836262,0.0985871688611,0.019869403233,0,0.1172059577574,0.0894479913268,0.0302548059666,0.0212797352201,0.0932561914044,0.0881598244917,0.0237233297885,0.0227860692311,0.0846626922643,0.0309455548477,0.1054557856445,0.0881537905939,0.0248518370405,0.1179936357768,0.0463495544346,0.0857659791406,0.0955233123485,0.0801471966364,0.0196476955352,0.1040058451805
"2382.HE003.C181.HA.3.131.r1.root.6.11.lane7.NoIndex.L007.sequences",0.1485573769575,0.0643107102222,0.0722835407069,0.1028102662931,0.1275361022883,0.0658134627702,0.1272488388758,0.019025404493,0.0150322909968,0.0692764039421,0.0173591901982,0.1166412607458,0.0131195950117,0.0205526276532,0.106226181464,0.0372727677215,0.0789134953337,0.0181537474888,0.1063091234976,0.1172059577574,0,0.0290971508349,0.1428266481675,0.1049292213174,0.0230332883785,0.0631919735513,0.1300085603014,0.1251920995256,0.0656088825382,0.1153710844965,0.0945294707041,0.0389208516002,0.1228504606565,0.0148065198523,0.1350886858079,0.0400746911703,0.0357328097256,0.0749874873968,0.1236480454292,0.0252016855312
"2382.RU006.C181.RH.2.583.root.4.12.lane7.NoIndex.L007.sequences",0.1057140065393,0.0475559183452,0.0515414025072,0.0825205659217,0.0970311162201,0.0442274892875,0.102542133708,0.0162548432667,0.0286359862847,0.0519812222777,0.0207960897425,0.0918245831592,0.0241020146486,0.0220758816705,0.083134206341,0.0278277645041,0.0530238484242,0.0236388148317,0.0809398873706,0.0894479913268,0.0290971508349,0,0.1127262922595,0.080434989301,0.0266956098589,0.048995296844,0.0980095982244,0.1004163563485,0.048288801757,0.0918541331642,0.0674190781242,0.0162944281203,0.089510043335,0.0328257869041,0.110825517737,0.0329487058328,0.0161659015495,0.0517340240926,0.1000681442154,0.0326398691131
"1642.MS00613",0.1130529362781,0.0884008716894,0.0906451398575,0.045867303674,0.0314473328985,0.1010542304196,0.028899904869,0.1208778708336,0.1356547177449,0.0875735572554,0.1134501396586,0.0294524043984,0.109000719452,0.1210141374693,0.0776971223276,0.1259974727365,0.0818710825439,0.1170720067942,0.0367852955922,0.0302548059666,0.1428266481675,0.1127262922595,0,0.0316225615169,0.106246153145,0.0902276303614,0.0262270061688,0.02939590123,0.0834625413313,0.0379205032739,0.092694895886,0.1152852908772,0.0340241502562,0.1396416253351,0.0790191402921,0.0978379618563,0.1174785644667,0.0866383499398,0.0398879894955,0.1185735142455
"1642.MS00424",0.0636954092239,0.0696785570383,0.077245405313,0.0233905501075,0.0220577647085,0.0771045601721,0.0228995874485,0.0930164187691,0.1020648514264,0.0742752495924,0.0870160341684,0.0204106221005,0.0825305077287,0.0893677966438,0.0428927054368,0.0881348733788,0.0713027923428,0.0877594263934,0.0202978848132,0.0212797352201,0.1049292213174,0.080434989301,0.0316225615169,0,0.0836405422037,0.0774444118037,0.0209609436372,0.0249977246228,0.0746337212896,0.0289886746457,0.0910063613572,0.0814344253612,0.021495342127,0.1073465318424,0.0535324841132,0.0781973795011,0.0873356707937,0.0721820196625,0.0278076702739,0.0939024529934
"2382.DPOO1.C1.HA.2.433.root.4.12.lane7.NoIndex.L007.sequences",0.109108930039,0.0407850302508,0.0384712659982,0.0860708815662,0.0981160256819,0.0416094094669,0.1038983229039,0.0230479503132,0.0180570654674,0.0413740215823,0.0191873882268,0.0964191296831,0.0187956214971,0.022099949291,0.0952821578308,0.0313613475204,0.0437078758279,0.0155006447745,0.0861076748576,0.0932561914044,0.0230332883785,0.0266956098589,0.106246153145,0.0836405422037,0,0.0448929819877,0.0971222080064,0.1023954597901,0.0410879195295,0.0897070862509,0.0548179613896,0.0382165244271,0.0949904635014,0.0187671793154,0.1126455037837,0.0277060796919,0.038876886413,0.0397780326739,0.1024308280756,0.0164600000031
"2382.HE003.C181.HA.2.757.rhizo.9.12.lane7.NoIndex.L007.sequences",0.1238918289248,0.031507760394,0.0377086241738,0.0851192023795,0.0850464663626,0.0404815066859,0.0975574201745,0.0535484220238,0.0546091458528,0.0287949527393,0.0457370490445,0.0840417287673,0.0384366771701,0.0586734180793,0.0952326426807,0.0672930008465,0.0356890297046,0.0477491327118,0.0832456151168,0.0881598244917,0.0631919735513,0.048995296844,0.0902276303614,0.0774444118037,0.0448929819877,0,0.0853879542281,0.0920187207276,0.0286886676492,0.0873745766427,0.042069215075,0.0559261739252,0.0815970297624,0.0648514378261,0.1254264174697,0.0308348557736,0.0578907583319,0.0410755881011,0.0970183104177,0.0481761967319
"1642.MS00481",0.0810547418696,0.0776210267121,0.0833982975322,0.0320388096463,0.0230514366711,0.0901465163116,0.0222816912524,0.1040834520176,0.1152333100103,0.0803432414763,0.1010192084519,0.0212816753267,0.0960013938414,0.1096299315013,0.0571572732087,0.1098006450908,0.0766077933944,0.1028085009983,0.0251244469095,0.0237233297885,0.1300085603014,0.0980095982244,0.0262270061688,0.0209609436372,0.0971222080064,0.0853879542281,0,0.0253055777869,0.0792508373932,0.0324224508621,0.0864510022645,0.1038262109835,0.0232429669289,0.1226715652953,0.0672533748623,0.0886887762531,0.1070281570405,0.080567952814,0.0261993555272,0.1038335161391
"1642.MS00579",0.100969916323,0.0891402568275,0.0917187498137,0.0331555154551,0.0212237792091,0.0957862005947,0.024389897267,0.1138071499381,0.1249168696841,0.0918945761527,0.1054651710609,0.0223349799705,0.1011368297082,0.1064787086867,0.0559354235487,0.1037357881224,0.087859009997,0.1079721973131,0.0246140656311,0.0227860692311,0.1251920995256,0.1004163563485,0.02939590123,0.0249977246228,0.1023954597901,0.0920187207276,0.0253055777869,0,0.0882024826034,0.0295969427266,0.1005904887014,0.0980936026605,0.0238897859036,0.1291186746664,0.0622875295093,0.0935918589441,0.1024153041583,0.0873319530706,0.0274938376657,0.112153308303
"2382.SH008.C6.HA.3.737.rhizo.9.12.lane7.NoIndex.L007.sequences",0.1358532558764,0.019807591098,0.0280900576548,0.0851231811487,0.0834612189155,0.0296424010241,0.090021126154,0.0559910077004,0.0551236066545,0.0198627479442,0.0469473652495,0.0824104974822,0.0420008526016,0.0561284211166,0.095878036598,0.0632925077667,0.0217536668837,0.0469518477134,0.0812897312307,0.0846626922643,0.0656088825382,0.048288801757,0.0834625413313,0.0746337212896,0.0410879195295,0.0286886676492,0.0792508373932,0.0882024826034,0,0.0802632176696,0.0275903806307,0.0522824275444,0.0804748679376,0.061732463852,0.120341472634,0.0255655206268,0.0586378350623,0.0237516609636,0.0925889636334,0.0460366387651
"1642.MS00591",0.0717023805979,0.081457497149,0.0809320949348,0.0359706247028,0.0301003086193,0.0884156070374,0.0346005086949,0.1080048549407,0.1137600103141,0.0812907908175,0.0933679825454,0.0310245275704,0.0859451058868,0.0955401947505,0.0575063331635,0.0951545405949,0.0799038323724,0.0923653899728,0.0305384492114,0.0309455548477,0.1153710844965,0.0918541331642,0.0379205032739,0.0289886746457,0.0897070862509,0.0873745766427,0.0324224508621,0.0295969427266,0.0802632176696,0,0.0872436426847,0.0939516826775,0.0323580307109,0.1181300006179,0.058593918423,0.0847644717706,0.0965209189338,0.0795099309514,0.0332742444011,0.1008545969009
"2382.MU002.C3.HA.3.487.rhizo.4.12.lane7.NoIndex.L007.sequences",0.1480313442179,0.030358747022,0.026504677839,0.096961138573,0.0909249721658,0.0370960006885,0.1009081237662,0.0738552269427,0.0698232657833,0.0273097945462,0.0667201011663,0.0931954540816,0.079114400388,0.0747202510784,0.1038921735828,0.075838350159,0.0267111816157,0.0688378419467,0.0973056335468,0.1054557856445,0.0945294707041,0.0674190781242,0.092694895886,0.0910063613572,0.0548179613896,0.042069215075,0.0864510022645,0.1005904887014,0.0275903806307,0.0872436426847,0,0.07883874868,0.094488322337,0.0834696880759,0.1346011836984,0.0593146974927,0.0807176813496,0.0268272656903,0.1088873335154,0.0543825744721
"2382.RU006.C181.RH.4.593.root.4.12.lane7.NoIndex.L007.sequences",0.1330383414263,0.0529944935744,0.0648390983492,0.0846888166725,0.1002378300248,0.0487750494871,0.1015726811006,0.0224091172453,0.0389422405508,0.0559333714929,0.0289150578722,0.090773712495,0.0335216047018,0.0289236582997,0.0848540960881,0.0296326353377,0.0560912774032,0.0342153656276,0.0811521530903,0.0881537905939,0.0389208516002,0.0162944281203,0.1152852908772,0.0814344253612,0.0382165244271,0.0559261739252,0.1038262109835,0.0980936026605,0.0522824275444,0.0939516826775,0.07883874868,0,0.0934403110806,0.0415463909794,0.120610045902,0.0373191397417,0.0126401543188,0.0583902835662,0.1002718001957,0.0433406752696
"1642.MS00464",0.0762091207078,0.0751168912317,0.0842281910874,0.0308512431286,0.021791259991,0.0847687315652,0.0266168390883,0.0981783986711,0.1110158726962,0.0785175945187,0.0972697919161,0.0218442816158,0.0927592756162,0.0993546334395,0.0527940292416,0.0948782404492,0.0768400320208,0.097877160412,0.0227452516878,0.0248518370405,0.1228504606565,0.089510043335,0.0340241502562,0.021495342127,0.0949904635014,0.0815970297624,0.0232429669289,0.0238897859036,0.0804748679376,0.0323580307109,0.094488322337,0.0934403110806,0,0.118945299747,0.0625564272959,0.0836217401965,0.0977642130461,0.0784304006096,0.0265978878888,0.1008989839665
"2382.SH004.C1.RH.3.613.root.9.12.lane7.NoIndex.L007.sequences",0.1407051071159,0.059518630505,0.0633183301009,0.1080359298431,0.1272464216526,0.0617665630645,0.1294300449027,0.0232174527367,0.0151934685916,0.0629102050812,0.0245494100545,0.1204069133753,0.0182166369268,0.0169719441611,0.1149358594965,0.0284273530322,0.0709821280242,0.0147194753401,0.102561307974,0.1179936357768,0.0148065198523,0.0328257869041,0.1396416253351,0.1073465318424,0.0187671793154,0.0648514378261,0.1226715652953,0.1291186746664,0.061732463852,0.1181300006179,0.0834696880759,0.0415463909794,0.118945299747,0,0.1372528094148,0.0367687739571,0.0378253964794,0.0697818203078,0.1288960505395,0.0217744658898
"1642.MS00380",0.0812507391472,0.1216939241308,0.1188731896236,0.0305130497545,0.0628558591253,0.1180805567335,0.0573453519345,0.1256428555336,0.1436983787458,0.1245173626661,0.1194167684646,0.0641360454254,0.116843952138,0.1087752051907,0.0414150951968,0.0945889661551,0.1153550014374,0.1143390366415,0.0497949537241,0.0463495544346,0.1350886858079,0.110825517737,0.0790191402921,0.0535324841132,0.1126455037837,0.1254264174697,0.0672533748623,0.0622875295093,0.120341472634,0.058593918423,0.1346011836984,0.120610045902,0.0625564272959,0.1372528094148,0,0.1190695473688,0.1174375195611,0.1140633477873,0.0444101942508,0.1214341080979
"2382.SH005.C3.RH.2.258.root.9.11.lane1.NoIndex.L001.sequences",0.1297563451597,0.0317896455704,0.032193464678,0.0862655329171,0.0888093625435,0.0294213921722,0.0940758375479,0.0303974117993,0.0357983564706,0.028058071348,0.0292618264029,0.085654404155,0.0258317683485,0.0336489148061,0.0927529743578,0.040694345601,0.0338252503166,0.0229003031628,0.0798743947586,0.0857659791406,0.0400746911703,0.0329487058328,0.0978379618563,0.0781973795011,0.0277060796919,0.0308348557736,0.0886887762531,0.0935918589441,0.0255655206268,0.0847644717706,0.0593146974927,0.0373191397417,0.0836217401965,0.0367687739571,0.1190695473688,0,0.03869991886,0.0366418142182,0.0972762513644,0.0275664359611
"2382.RU006.C181.RH.2.783.root.9.12.lane7.NoIndex.L007.sequences",0.1312655572708,0.0586777475447,0.0662268325639,0.0867259903441,0.1019900327286,0.0571214254222,0.1083657244721,0.0162762725818,0.0354086380959,0.0607844482565,0.0299548408387,0.0965481161461,0.0333519038616,0.0279842436878,0.0836453343585,0.0330124701175,0.0647088889822,0.0308597060153,0.0870281203237,0.0955233123485,0.0357328097256,0.0161659015495,0.1174785644667,0.0873356707937,0.038876886413,0.0578907583319,0.1070281570405,0.1024153041583,0.0586378350623,0.0965209189338,0.0807176813496,0.0126401543188,0.0977642130461,0.0378253964794,0.1174375195611,0.03869991886,0,0.0646409236991,0.1054572921646,0.0406575097897
"2382.DPOO1.C1.HA.5.447.rhizo.4.12.lane7.NoIndex.L007.sequences",0.1107555946565,0.0230196393972,0.0273445059919,0.0793962011574,0.0820656643041,0.0271347250482,0.0879399903119,0.0629600131462,0.0589259136138,0.023319995441,0.0485861592929,0.0801834694637,0.0482275349181,0.0583131208789,0.0930883524077,0.0627198054297,0.0186770901606,0.0514337032298,0.0792322218339,0.0801471966364,0.0749874873968,0.0517340240926,0.0866383499398,0.0721820196625,0.0397780326739,0.0410755881011,0.080567952814,0.0873319530706,0.0237516609636,0.0795099309514,0.0268272656903,0.0583902835662,0.0784304006096,0.0697818203078,0.1140633477873,0.0366418142182,0.0646409236991,0,0.0909081266988,0.0518187833762
"1642.MS00444",0.0981900853911,0.092354004136,0.0968294221954,0.0252748247938,0.0285161205731,0.0980845274085,0.0249163965355,0.1132568913941,0.1259469907131,0.0956348363638,0.1060022214168,0.0272839473887,0.1004965655231,0.1060208806482,0.0477006591714,0.107141183578,0.0905016389007,0.1085355557757,0.0237160316731,0.0196476955352,0.1236480454292,0.1000681442154,0.0398879894955,0.0278076702739,0.1024308280756,0.0970183104177,0.0261993555272,0.0274938376657,0.0925889636334,0.0332742444011,0.1088873335154,0.1002718001957,0.0265978878888,0.1288960505395,0.0444101942508,0.0972762513644,0.1054572921646,0.0909081266988,0,0.1125208425657
"2382.MU002.C3.HA.4.693.root.9.12.lane7.NoIndex.L007.sequences",0.1111428952139,0.0491642094802,0.0377901558996,0.0936242920007,0.1079700778161,0.0501481331899,0.113782054798,0.0248221183045,0.0176841523198,0.0488659351104,0.0248530905444,0.1032723788587,0.0223554662875,0.02598997069,0.0990891357428,0.0397941189503,0.0556044580648,0.0187831569799,0.0926821299694,0.1040058451805,0.0252016855312,0.0326398691131,0.1185735142455,0.0939024529934,0.0164600000031,0.0481761967319,0.1038335161391,0.112153308303,0.0460366387651,0.1008545969009,0.0543825744721,0.0433406752696,0.1008989839665,0.0217744658898,0.1214341080979,0.0275664359611,0.0406575097897,0.0518187833762,0.1125208425657,0
