"","2382.MU002.C3.HA.5.79.root.6.11.lane1.NoIndex.L001.sequences","1642.MS00405","2382.MU002.C3.HA.1.477.rhizo.4.12.lane7.NoIndex.L007.sequences","2382.MU002.C3.HA.4.493.root.4.12.lane7.NoIndex.L007.sequences","1642.MS00609","2382.SH008.C6.HA.1.SH008.rhizo.rhizo.9.12.lane7.NoIndex.L007.sequences","1642.MS00351","2382.MU002.C3.HA.2.682.rhizo.9.12.lane7.NoIndex.L007.sequences","1642.MS00606","1642.MS00519","2382.SH007.C6.RH.5.723.root.9.12.lane7.NoIndex.L007.sequences","1642.MS00604","1642.MS00475","1642.MS00426","1642.MS00383","2382.SH008.C6.HA.1.528.root.4.12.lane7.NoIndex.L007.sequences","1642.MS00427","1642.MS00483","1642.MS00628","2382.RU006.C181.RH.3.388.root.9.11.lane1.NoIndex.L001.sequences","2382.RU006.C181.RH.4.155.root.6.11.lane1.NoIndex.L001.sequences","1642.MS00591","1642.MS00527","2382.DPOO1.C1.HA.3.238.root.9.11.lane1.NoIndex.L001.sequences","2382.SH004.C1.RH.4.617.rhizo.9.12.lane7.NoIndex.L007.sequences","1642.MS00367","1642.MS00362","2382.MU002.C3.HA.3.487.rhizo.4.12.lane7.NoIndex.L007.sequences","1642.MS00431","1642.MS00394","1642.MS00449","2382.SH007.C6.RH.5.323.root.9.11.lane1.NoIndex.L001.sequences","1642.MS00550","1642.MS00441","2382.DPOO1.C1.HA.2.632.rhizo.9.12.lane7.NoIndex.L007.sequences","2382.SH005.C3.RH.1.652.rhizo.9.12.lane7.NoIndex.L007.sequences","1642.MS00588","2382.DPOO1.C1.HA.4.35.root.6.11.lane1.NoIndex.L001.sequences","1642.MS00347","1642.MS00507"
"2382.MU002.C3.HA.5.79.root.6.11.lane1.NoIndex.L001.sequences",0,1,1,-0.97,1,0.998,1,1,1,1,-1,1,1,1,1,-1,1,1,1,-0.41,0.693,1,1,-0.62,0.994,1,1,1,1,1,1,-0.968,1,1,1,1,1,-0.998,1,1
"1642.MS00405",1,0,1,1,-0.968,1,-0.855,1,-0.978,0.225,1,-0.85,-0.634,-0.998,-0.956,1,-0.975,-0.8,-0.84,1,1,1,-0.387,1,1,0.0649999999999999,-0.927,1,-0.988,-1,-1,1,-0.669,-0.99,1,1,0.808,1,0.761,0.159
"2382.MU002.C3.HA.1.477.rhizo.4.12.lane7.NoIndex.L007.sequences",1,1,0,1,1,-0.207,1,-0.942,1,1,1,1,1,1,1,1,1,1,1,1,1,1,1,1,0.562,1,1,-0.998,1,1,1,1,1,1,-0.377,-0.652,1,1,1,1
"2382.MU002.C3.HA.4.493.root.4.12.lane7.NoIndex.L007.sequences",-0.97,1,1,0,1,0.996,1,0.992,1,1,-0.828,1,1,1,1,-0.406,1,1,1,0.528,0.99,1,1,-0.826,1,1,1,0.998,1,1,1,0.835,1,1,1,0.998,1,-0.994,1,1
"1642.MS00609",1,-0.968,1,1,0,1,0.595,1,-1,0.394,1,-1,-0.247,-0.54,-0.138,1,-0.253,-0.591,-0.998,1,1,0.952,-0.214,1,1,0.972,0.0109999999999999,1,-0.58,-0.912,-0.956,1,-0.742,-0.731,1,1,0.8,1,1,0.284
"2382.SH008.C6.HA.1.SH008.rhizo.rhizo.9.12.lane7.NoIndex.L007.sequences",0.998,1,-0.207,0.996,1,0,1,-0.461,1,1,0.978,1,1,1,1,0.99,1,1,1,1,1,1,1,0.975,-0.998,1,1,-0.325,1,1,1,0.998,1,1,-0.806,-0.992,1,0.984,1,1
"1642.MS00351",1,-0.855,1,1,0.595,1,0,1,0.818,0.978,1,0.782,0.639,-0.988,-0.709,1,-0.868,0.694,0.673,1,1,1,0.696,1,1,-0.966,-0.998,1,-0.348,-0.688,-0.391,1,0.923,-0.111,1,1,1,1,-0.998,0.974
"2382.MU002.C3.HA.2.682.rhizo.9.12.lane7.NoIndex.L007.sequences",1,1,-0.942,0.992,1,-0.461,1,0,1,1,1,1,1,1,1,1,1,1,1,1,1,1,1,1,-0.34,1,1,-1,1,1,1,1,1,1,-0.557,-0.54,1,1,1,1
"1642.MS00606",1,-0.978,1,1,-1,1,0.818,1,0,0.209,1,-0.956,-0.484,-0.497,-0.02,1,-0.15,-0.133,-0.991,1,1,0.996,0.205,1,1,0.981,0.339,1,-0.373,-0.922,-0.825,1,-0.88,-0.777,1,1,0.797,1,1,0.388
"1642.MS00519",1,0.225,1,1,0.394,1,0.978,1,0.209,0,1,0.521,-0.647,0.328,0.114,1,-0.373,-0.367,0.91,1,1,0.899,-1,1,1,0.283,0.94,1,-0.954,0.526,0.318,1,-0.92,-0.975,1,1,-0.97,1,0.996,-0.998
"2382.SH007.C6.RH.5.723.root.9.12.lane7.NoIndex.L007.sequences",-1,1,1,-0.828,1,0.978,1,1,1,1,0,1,1,1,1,-1,1,1,1,0.154,0.966,1,1,-0.743,0.972,1,1,1,1,1,1,-1,1,1,1,1,1,-0.99,1,1
"1642.MS00604",1,-0.85,1,1,-1,1,0.782,1,-0.956,0.521,1,0,0.316,0.024,0.312,1,0.095,-0.112,-1,1,1,0.375,-0.268,1,1,0.966,0.325,1,-0.074,-0.57,-0.625,1,-0.6,-0.364,1,1,0.698,1,1,0.387
"1642.MS00475",1,-0.634,1,1,-0.247,1,0.639,1,-0.484,-0.647,1,0.316,0,-0.633,-0.208,1,-0.539,-0.05,0.406,1,1,0.99,-0.414,1,1,0.111,-0.175,1,-0.777,-0.511,0.368,1,-0.551,-0.966,1,1,0.69,1,0.923,-0.305
"1642.MS00426",1,-0.998,1,1,-0.54,1,-0.988,1,-0.497,0.328,1,0.024,-0.633,0,-0.968,1,-1,-0.446,-0.123,1,1,0.999,0.0229999999999999,1,1,-0.892,-1,1,-0.894,-0.996,-0.539,1,-0.15,-0.768,1,1,0.852,1,-0.306,0.627
"1642.MS00383",1,-0.956,1,1,-0.138,1,-0.709,1,-0.02,0.114,1,0.312,-0.208,-0.968,0,1,-0.928,-0.268,0.194,1,1,1,0.332,1,1,-0.338,-0.78,1,-0.795,-0.988,-0.379,1,0.148,-0.842,1,1,0.824,1,0.285,0.0389999999999999
"2382.SH008.C6.HA.1.528.root.4.12.lane7.NoIndex.L007.sequences",-1,1,1,-0.406,1,0.99,1,1,1,1,-1,1,1,1,1,0,1,1,1,-0.237,0.507,1,1,-0.183,0.986,1,1,1,1,1,1,-0.984,1,1,1,0.998,1,-0.918,1,1
"1642.MS00427",1,-0.975,1,1,-0.253,1,-0.868,1,-0.15,-0.373,1,0.095,-0.539,-1,-0.928,1,0,-0.121,0.0620000000000001,1,1,0.996,-0.024,1,1,-0.39,-0.796,1,-0.77,-0.952,-0.804,1,-0.472,-0.893,1,1,0.501,1,0.273,0.287
"1642.MS00483",1,-0.8,1,1,-0.591,1,0.694,1,-0.133,-0.367,1,-0.112,-0.05,-0.446,-0.268,1,-0.121,0,-0.478,1,1,0.998,-0.773,1,1,0.854,0.264,1,-0.986,-0.548,-0.934,1,-0.202,-0.974,1,1,0.166,1,0.992,-0.19
"1642.MS00628",1,-0.84,1,1,-0.998,1,0.673,1,-0.991,0.91,1,-1,0.406,-0.123,0.194,1,0.0620000000000001,-0.478,0,1,1,0.996,-0.0679999999999999,1,1,0.96,0.418,1,-0.574,-0.768,-0.96,1,-0.301,-0.683,1,1,0.986,1,1,0.853
"2382.RU006.C181.RH.3.388.root.9.11.lane1.NoIndex.L001.sequences",-0.41,1,1,0.528,1,1,1,1,1,1,0.154,1,1,1,1,-0.237,1,1,1,0,-1,1,1,0.0589999999999999,1,1,1,1,1,1,1,0.675,1,1,1,1,1,0.514,1,1
"2382.RU006.C181.RH.4.155.root.6.11.lane1.NoIndex.L001.sequences",0.693,1,1,0.99,1,1,1,1,1,1,0.966,1,1,1,1,0.507,1,1,1,-1,0,1,1,0.961,1,1,1,1,1,1,1,0.083,1,1,1,1,1,0.886,1,1
"1642.MS00591",1,1,1,1,0.952,1,1,1,0.996,0.899,1,0.375,0.99,0.999,1,1,0.996,0.998,0.996,1,1,0,0.992,1,1,1,1,1,0.994,1,0.998,1,0.816,0.994,1,1,0.763,1,1,0.941
"1642.MS00527",1,-0.387,1,1,-0.214,1,0.696,1,0.205,-1,1,-0.268,-0.414,0.0229999999999999,0.332,1,-0.024,-0.773,-0.0679999999999999,1,1,0.992,0,1,1,-0.212,0.681,1,-0.998,-0.026,-0.639,1,0.012,-0.998,1,1,-0.052,1,0.982,-0.794
"2382.DPOO1.C1.HA.3.238.root.9.11.lane1.NoIndex.L001.sequences",-0.62,1,1,-0.826,1,0.975,1,1,1,1,-0.743,1,1,1,1,-0.183,1,1,1,0.0589999999999999,0.961,1,1,0,1,1,1,0.996,1,1,1,0.844,1,1,0.988,0.984,1,-0.928,1,1
"2382.SH004.C1.RH.4.617.rhizo.9.12.lane7.NoIndex.L007.sequences",0.994,1,0.562,1,1,-0.998,1,-0.34,1,1,0.972,1,1,1,1,0.986,1,1,1,1,1,1,1,1,0,1,1,0.309,1,1,1,0.989,1,1,-0.034,-0.00600000000000001,1,0.946,1,1
"1642.MS00367",1,0.0649999999999999,1,1,0.972,1,-0.966,1,0.981,0.283,1,0.966,0.111,-0.892,-0.338,1,-0.39,0.854,0.96,1,1,1,-0.212,1,1,0,-0.982,1,-1,-0.148,0.719,1,0.938,-0.695,1,1,0.996,1,-0.81,-0.906
"1642.MS00362",1,-0.927,1,1,0.0109999999999999,1,-0.998,1,0.339,0.94,1,0.325,-0.175,-1,-0.78,1,-0.796,0.264,0.418,1,1,1,0.681,1,1,-0.982,0,1,-0.505,-0.955,0.0980000000000001,1,0.454,-0.275,1,1,0.994,1,-0.527,0.944
"2382.MU002.C3.HA.3.487.rhizo.4.12.lane7.NoIndex.L007.sequences",1,1,-0.998,0.998,1,-0.325,1,-1,1,1,1,1,1,1,1,1,1,1,1,1,1,1,1,0.996,0.309,1,1,0,1,1,1,1,1,1,-0.564,-0.643,1,1,1,1
"1642.MS00431",1,-0.988,1,1,-0.58,1,-0.348,1,-0.373,-0.954,1,-0.074,-0.777,-0.894,-0.795,1,-0.77,-0.986,-0.574,1,1,0.994,-0.998,1,1,-1,-0.505,1,0,-0.978,-0.976,1,-0.191,-1,1,1,0.219,1,0.603,-0.998
"1642.MS00394",1,-1,1,1,-0.912,1,-0.688,1,-0.922,0.526,1,-0.57,-0.511,-0.996,-0.988,1,-0.952,-0.548,-0.768,1,1,1,-0.026,1,1,-0.148,-0.955,1,-0.978,0,-0.95,1,-0.335,-0.99,1,1,0.978,1,0.812,0.621
"1642.MS00449",1,-1,1,1,-0.956,1,-0.391,1,-0.825,0.318,1,-0.625,0.368,-0.539,-0.379,1,-0.804,-0.934,-0.96,1,1,0.998,-0.639,1,1,0.719,0.0980000000000001,1,-0.976,-0.95,0,1,-0.102,-0.978,1,1,0.804,1,0.984,0.567
"2382.SH007.C6.RH.5.323.root.9.11.lane1.NoIndex.L001.sequences",-0.968,1,1,0.835,1,0.998,1,1,1,1,-1,1,1,1,1,-0.984,1,1,1,0.675,0.083,1,1,0.844,0.989,1,1,1,1,1,1,0,1,1,1,1,1,-0.867,1,1
"1642.MS00550",1,-0.669,1,1,-0.742,1,0.923,1,-0.88,-0.92,1,-0.6,-0.551,-0.15,0.148,1,-0.472,-0.202,-0.301,1,1,0.816,0.012,1,1,0.938,0.454,1,-0.191,-0.335,-0.102,1,0,-0.464,1,1,-0.643,1,1,-0.727
"1642.MS00441",1,-0.99,1,1,-0.731,1,-0.111,1,-0.777,-0.975,1,-0.364,-0.966,-0.768,-0.842,1,-0.893,-0.974,-0.683,1,1,0.994,-0.998,1,1,-0.695,-0.275,1,-1,-0.99,-0.978,1,-0.464,0,1,1,0.378,1,0.717,-0.896
"2382.DPOO1.C1.HA.2.632.rhizo.9.12.lane7.NoIndex.L007.sequences",1,1,-0.377,1,1,-0.806,1,-0.557,1,1,1,1,1,1,1,1,1,1,1,1,1,1,1,0.988,-0.034,1,1,-0.564,1,1,1,1,1,1,0,-0.716,1,1,1,1
"2382.SH005.C3.RH.1.652.rhizo.9.12.lane7.NoIndex.L007.sequences",1,1,-0.652,0.998,1,-0.992,1,-0.54,1,1,1,1,1,1,1,0.998,1,1,1,1,1,1,1,0.984,-0.00600000000000001,1,1,-0.643,1,1,1,1,1,1,-0.716,0,1,1,1,1
"1642.MS00588",1,0.808,1,1,0.8,1,1,1,0.797,-0.97,1,0.698,0.69,0.852,0.824,1,0.501,0.166,0.986,1,1,0.763,-0.052,1,1,0.996,0.994,1,0.219,0.978,0.804,1,-0.643,0.378,1,1,0,1,1,-0.306
"2382.DPOO1.C1.HA.4.35.root.6.11.lane1.NoIndex.L001.sequences",-0.998,1,1,-0.994,1,0.984,1,1,1,1,-0.99,1,1,1,1,-0.918,1,1,1,0.514,0.886,1,1,-0.928,0.946,1,1,1,1,1,1,-0.867,1,1,1,1,1,0,1,1
"1642.MS00347",1,0.761,1,1,1,1,-0.998,1,1,0.996,1,1,0.923,-0.306,0.285,1,0.273,0.992,1,1,1,1,0.982,1,1,-0.81,-0.527,1,0.603,0.812,0.984,1,1,0.717,1,1,1,1,0,0.998
"1642.MS00507",1,0.159,1,1,0.284,1,0.974,1,0.388,-0.998,1,0.387,-0.305,0.627,0.0389999999999999,1,0.287,-0.19,0.853,1,1,0.941,-0.794,1,1,-0.906,0.944,1,-0.998,0.621,0.567,1,-0.727,-0.896,1,1,-0.306,1,0.998,0
