"","1642.MS00355","1642.MS00404","1642.MS00544","1642.MS00546","1642.MS00454","1642.MS00428","2382.GM.181.R5.rhizo.10.12.lane7.NoIndex.L007.sequences","2382.HE003.C181.HA.1.123.root.6.11.lane1.NoIndex.L001.sequences","1642.MS00510","2382.SH005.C3.RH.4.468.root.4.12.lane7.NoIndex.L007.sequences","2382.DPOO1.C1.HA.1.23.r1.root.6.11.lane7.NoIndex.L007.sequences","1642.MS00452","2382.HE003.C181.HA.5.139.root.6.11.lane1.NoIndex.L001.sequences","2382.SH004.C1.RH.5.223.root.9.11.lane1.NoIndex.L001.sequences","1642.MS00471","2382.MU002.C3.HA.2.482.rhizo.4.12.lane7.NoIndex.L007.sequences","1642.MS00590","1642.MS00374","1642.MS00613","2382.SH004.C1.RH.5.422.rhizo.4.12.lane7.NoIndex.L007.sequences","1642.MS00492","2382.SH004.C1.RH.4.617.rhizo.9.12.lane7.NoIndex.L007.sequences","2382.MU002.C3.HA.5.498.root.4.12.lane7.NoIndex.L007.sequences","1642.MS00495","1642.MS00571","1642.MS00430","2382.SH007.C6.RH.3.712.rhizo.9.12.lane7.NoIndex.L007.sequences","1642.MS00469","1642.MS00503","1642.MS00441","1642.MS00412","1642.MS00445","1642.MS00556","2382.SH008.C6.HA.2.732.rhizo.9.12.lane7.NoIndex.L007.sequences","1642.MS00505","2382.MU002.C3.HA.3.71.root.6.11.lane1.NoIndex.L001.sequences","1642.MS00588","2382.DPOO1.C1.HA.4.442.rhizo.4.12.lane7.NoIndex.L007.sequences","2382.MU002.C3.HA.2.67.root.6.11.lane1.NoIndex.L001.sequences","1642.MS00444"
"1642.MS00355",0,0.877,0.109,0.522,0.397,-0.562,1,1,0.333,1,1,0.791,1,1,0.381,1,0.998,0.602,1,1,0.981,1,1,0.97,0.648,0.75,1,0.912,0.611,-0.005,-0.125,0.813,0.95,1,0.204,1,1,1,1,0.172
"1642.MS00404",0.877,0,-0.606,-0.08,0.138,-0.864,1,1,0.11,1,1,-0.992,1,1,-0.134,1,0.832,0.411,0.978,1,-0.91,1,1,0.708,0.412,-0.574,1,0.341,-0.02,-0.507,-0.145,-0.651,-0.538,1,-0.253,1,0.998,1,1,0.0800000000000001
"1642.MS00544",0.109,-0.606,0,-1,-0.968,-0.677,1,1,-0.996,1,1,-0.597,1,1,-1,1,-0.275,0.954,0.753,1,-0.872,1,1,-0.564,-0.996,0.119,1,-0.694,-0.99,-0.996,0.263,0.0109999999999999,-0.87,1,-1,1,0.85,1,1,-0.454
"1642.MS00546",0.522,-0.08,-1,0,-0.348,-0.1,1,1,-0.469,1,1,-0.354,1,1,-0.496,1,0.143,0.998,-0.556,1,-0.73,1,1,-0.489,-0.462,0.411,1,-0.219,-0.539,-0.824,0.643,0.288,-0.919,1,-0.96,1,0.964,1,1,-0.186
"1642.MS00454",0.397,0.138,-0.968,-0.348,0,-0.862,1,1,-1,1,1,-0.316,1,1,-1,1,-0.811,0.992,1,1,-0.511,1,1,-0.882,-0.955,-0.194,1,-0.99,-0.994,-0.964,0.351,-0.246,-0.252,1,-0.996,1,-0.141,1,1,-0.624
"1642.MS00428",-0.562,-0.864,-0.677,-0.1,-0.862,0,1,1,-0.899,1,1,-0.875,1,1,-0.928,1,-0.433,-0.137,1,1,-0.598,1,1,-0.4,-0.257,-1,1,-0.788,-0.703,-0.988,-0.929,-0.938,-0.319,1,-0.857,1,0.393,1,1,-0.984
"2382.GM.181.R5.rhizo.10.12.lane7.NoIndex.L007.sequences",1,1,1,1,1,1,0,1,1,1,1,1,1,1,1,0.826,1,1,1,0.978,1,1,1,1,1,1,0.96,1,1,1,1,1,1,0.759,1,0.998,1,1,1,1
"2382.HE003.C181.HA.1.123.root.6.11.lane1.NoIndex.L001.sequences",1,1,1,1,1,1,1,0,1,0.99,-0.996,1,-1,-1,1,1,1,1,1,1,1,1,-0.976,1,1,1,0.998,1,1,1,1,1,1,0.996,1,-0.994,1,1,-1,1
"1642.MS00510",0.333,0.11,-0.996,-0.469,-1,-0.899,1,1,0,1,1,-0.149,1,1,-0.998,1,-0.982,0.953,0.998,1,-0.722,1,1,-0.988,-0.988,-0.622,1,-0.984,-1,-0.998,-0.029,-0.507,-0.395,1,-0.998,1,-0.467,1,1,-0.992
"2382.SH005.C3.RH.4.468.root.4.12.lane7.NoIndex.L007.sequences",1,1,1,1,1,1,1,0.99,1,0,0.928,1,0.992,0.929,1,0.998,1,1,1,0.94,1,0.586,0.976,1,1,1,0.857,1,1,1,1,1,1,0.973,1,0.97,1,0.966,0.899,1
"2382.DPOO1.C1.HA.1.23.r1.root.6.11.lane7.NoIndex.L007.sequences",1,1,1,1,1,1,1,-0.996,1,0.928,0,1,-1,-0.919,1,0.996,1,1,1,0.996,1,0.998,-1,1,1,1,0.998,1,1,1,1,1,1,0.996,1,-1,1,0.998,-0.92,1
"1642.MS00452",0.791,-0.992,-0.597,-0.354,-0.316,-0.875,1,1,-0.149,1,1,0,1,1,-0.402,1,0.425,0.72,0.976,1,-0.994,1,1,0.109,0.172,-0.831,1,-0.2,-0.219,-0.956,-0.366,-0.915,-0.898,1,-0.511,1,0.898,1,1,-0.484
"2382.HE003.C181.HA.5.139.root.6.11.lane1.NoIndex.L001.sequences",1,1,1,1,1,1,1,-1,1,0.992,-1,1,0,-1,1,0.996,1,1,1,1,1,1,-1,1,1,1,0.996,1,1,1,1,1,1,0.998,1,-0.982,1,1,-0.986,1
"2382.SH004.C1.RH.5.223.root.9.11.lane1.NoIndex.L001.sequences",1,1,1,1,1,1,1,-1,1,0.929,-0.919,1,-1,0,1,1,1,1,1,0.994,1,0.98,-0.974,1,1,1,0.98,1,1,1,1,1,1,1,1,-0.998,1,1,-1,1
"1642.MS00471",0.381,-0.134,-1,-0.496,-1,-0.928,1,1,-0.998,1,1,-0.402,1,1,0,1,-0.661,0.841,1,1,-0.666,1,1,-0.769,-0.998,-0.433,1,-0.99,-1,-1,0.024,-0.223,-0.383,1,-1,1,-0.192,1,1,-0.686
"2382.MU002.C3.HA.2.482.rhizo.4.12.lane7.NoIndex.L007.sequences",1,1,1,1,1,1,0.826,1,1,0.998,0.996,1,0.996,1,1,0,1,1,1,0.0580000000000001,1,0.496,0.996,1,1,1,-0.028,1,1,1,1,1,1,-0.359,1,0.941,1,0.302,0.998,1
"1642.MS00590",0.998,0.832,-0.275,0.143,-0.811,-0.433,1,1,-0.982,1,1,0.425,1,1,-0.661,1,0,0.998,1,1,-0.454,1,1,-0.994,-0.229,0.079,1,-0.89,-0.924,-0.401,0.597,0.23,-0.242,1,-0.61,1,-0.882,1,1,-0.352
"1642.MS00374",0.602,0.411,0.954,0.998,0.992,-0.137,1,1,0.953,1,1,0.72,1,1,0.841,1,0.998,0,1,1,0.874,1,1,0.982,1,-0.086,1,0.952,0.958,0.474,0.105,0.322,0.924,1,0.919,1,1,1,1,0.74
"1642.MS00613",1,0.978,0.753,-0.556,1,1,1,1,0.998,1,1,0.976,1,1,1,1,1,1,0,1,0.35,1,1,0.994,0.994,0.996,1,0.996,1,0.935,1,0.996,0.0600000000000001,1,0.958,1,1,1,1,0.996
"2382.SH004.C1.RH.5.422.rhizo.4.12.lane7.NoIndex.L007.sequences",1,1,1,1,1,1,0.978,1,1,0.94,0.996,1,1,0.994,1,0.0580000000000001,1,1,1,0,1,-1,1,1,1,1,-0.984,1,1,1,1,1,1,-0.98,1,0.996,1,0.187,1,1
"1642.MS00492",0.981,-0.91,-0.872,-0.73,-0.511,-0.598,1,1,-0.722,1,1,-0.994,1,1,-0.666,1,-0.454,0.874,0.35,1,0,1,1,-0.502,-0.226,-0.511,1,-0.75,-0.55,-0.87,-0.372,-0.914,-0.99,1,-0.839,1,0.197,1,1,-0.458
"2382.SH004.C1.RH.4.617.rhizo.9.12.lane7.NoIndex.L007.sequences",1,1,1,1,1,1,1,1,1,0.586,0.998,1,1,0.98,1,0.496,1,1,1,-1,1,0,1,1,1,1,-1,1,1,1,1,1,1,-0.946,1,0.994,1,0.108,1,1
"2382.MU002.C3.HA.5.498.root.4.12.lane7.NoIndex.L007.sequences",1,1,1,1,1,1,1,-0.976,1,0.976,-1,1,-1,-0.974,1,0.996,1,1,1,1,1,1,0,1,1,1,1,1,1,1,1,1,1,1,1,-1,1,1,-0.992,1
"1642.MS00495",0.97,0.708,-0.564,-0.489,-0.882,-0.4,1,1,-0.988,1,1,0.109,1,1,-0.769,1,-0.994,0.982,0.994,1,-0.502,1,1,0,-0.199,-0.142,1,-0.954,-0.878,-0.724,0.139,-0.075,-0.28,1,-0.614,1,-0.316,1,1,-0.658
"1642.MS00571",0.648,0.412,-0.996,-0.462,-0.955,-0.257,1,1,-0.988,1,1,0.172,1,1,-0.998,1,-0.229,1,0.994,1,-0.226,1,1,-0.199,0,0.48,1,-0.732,-1,-0.865,0.588,0.141,-0.071,1,-1,1,0.145,1,1,-0.304
"1642.MS00430",0.75,-0.574,0.119,0.411,-0.194,-1,1,1,-0.622,1,1,-0.831,1,1,-0.433,1,0.079,-0.086,0.996,1,-0.511,1,1,-0.142,0.48,0,1,-0.3,-0.165,-0.979,-0.732,-0.994,-0.471,1,-0.368,1,0.562,1,1,-0.931
"2382.SH007.C6.RH.3.712.rhizo.9.12.lane7.NoIndex.L007.sequences",1,1,1,1,1,1,0.96,0.998,1,0.857,0.998,1,0.996,0.98,1,-0.028,1,1,1,-0.984,1,-1,1,1,1,1,0,1,1,1,1,1,1,-0.94,1,0.984,1,0.331,0.998,1
"1642.MS00469",0.912,0.341,-0.694,-0.219,-0.99,-0.788,1,1,-0.984,1,1,-0.2,1,1,-0.99,1,-0.89,0.952,0.996,1,-0.75,1,1,-0.954,-0.732,-0.3,1,0,-0.903,-0.782,0.0820000000000001,-0.336,-0.456,1,-0.823,1,-0.719,1,1,-0.678
"1642.MS00503",0.611,-0.02,-0.99,-0.539,-0.994,-0.703,1,1,-1,1,1,-0.219,1,1,-1,1,-0.924,0.958,1,1,-0.55,1,1,-0.878,-1,-0.165,1,-0.903,0,-0.99,0.135,-0.139,-0.214,1,-1,1,-0.335,1,1,-0.663
"1642.MS00441",-0.005,-0.507,-0.996,-0.824,-0.964,-0.988,1,1,-0.998,1,1,-0.956,1,1,-1,1,-0.401,0.474,0.935,1,-0.87,1,1,-0.724,-0.865,-0.979,1,-0.782,-0.99,0,-0.759,-0.857,-0.408,1,-0.994,1,0.302,1,1,-0.996
"1642.MS00412",-0.125,-0.145,0.263,0.643,0.351,-0.929,1,1,-0.029,1,1,-0.366,1,1,0.024,1,0.597,0.105,1,1,-0.372,1,1,0.139,0.588,-0.732,1,0.0820000000000001,0.135,-0.759,0,-0.69,-0.084,1,-0.081,1,0.791,1,1,-0.558
"1642.MS00445",0.813,-0.651,0.0109999999999999,0.288,-0.246,-0.938,1,1,-0.507,1,1,-0.915,1,1,-0.223,1,0.23,0.322,0.996,1,-0.914,1,1,-0.075,0.141,-0.994,1,-0.336,-0.139,-0.857,-0.69,0,-0.536,1,-0.492,1,0.639,1,1,-0.962
"1642.MS00556",0.95,-0.538,-0.87,-0.919,-0.252,-0.319,1,1,-0.395,1,1,-0.898,1,1,-0.383,1,-0.242,0.924,0.0600000000000001,1,-0.99,1,1,-0.28,-0.071,-0.471,1,-0.456,-0.214,-0.408,-0.084,-0.536,0,1,-0.664,1,0.335,1,1,-0.151
"2382.SH008.C6.HA.2.732.rhizo.9.12.lane7.NoIndex.L007.sequences",1,1,1,1,1,1,0.759,0.996,1,0.973,0.996,1,0.998,1,1,-0.359,1,1,1,-0.98,1,-0.946,1,1,1,1,-0.94,1,1,1,1,1,1,0,1,0.965,1,-0.144,0.998,1
"1642.MS00505",0.204,-0.253,-1,-0.96,-0.996,-0.857,1,1,-0.998,1,1,-0.511,1,1,-1,1,-0.61,0.919,0.958,1,-0.839,1,1,-0.614,-1,-0.368,1,-0.823,-1,-0.994,-0.081,-0.492,-0.664,1,0,1,0.234,1,1,-0.799
"2382.MU002.C3.HA.3.71.root.6.11.lane1.NoIndex.L001.sequences",1,1,1,1,1,1,0.998,-0.994,1,0.97,-1,1,-0.982,-0.998,1,0.941,1,1,1,0.996,1,0.994,-1,1,1,1,0.984,1,1,1,1,1,1,0.965,1,0,1,0.992,-1,1
"1642.MS00588",1,0.998,0.85,0.964,-0.141,0.393,1,1,-0.467,1,1,0.898,1,1,-0.192,1,-0.882,1,1,1,0.197,1,1,-0.316,0.145,0.562,1,-0.719,-0.335,0.302,0.791,0.639,0.335,1,0.234,1,0,1,1,0.0509999999999999
"2382.DPOO1.C1.HA.4.442.rhizo.4.12.lane7.NoIndex.L007.sequences",1,1,1,1,1,1,1,1,1,0.966,0.998,1,1,1,1,0.302,1,1,1,0.187,1,0.108,1,1,1,1,0.331,1,1,1,1,1,1,-0.144,1,0.992,1,0,1,1
"2382.MU002.C3.HA.2.67.root.6.11.lane1.NoIndex.L001.sequences",1,1,1,1,1,1,1,-1,1,0.899,-0.92,1,-0.986,-1,1,0.998,1,1,1,1,1,1,-0.992,1,1,1,0.998,1,1,1,1,1,1,0.998,1,-1,1,1,0,1
"1642.MS00444",0.172,0.0800000000000001,-0.454,-0.186,-0.624,-0.984,1,1,-0.992,1,1,-0.484,1,1,-0.686,1,-0.352,0.74,0.996,1,-0.458,1,1,-0.658,-0.304,-0.931,1,-0.678,-0.663,-0.996,-0.558,-0.962,-0.151,1,-0.799,1,0.0509999999999999,1,1,0
