"","2382.HE003.C181.HA.5.772.rhizo.9.12.lane7.NoIndex.L007.sequences","2382.HE003.C181.HA.3.131.r1.root.6.11.lane7.NoIndex.L007.sequences","1642.MS00379","1642.MS00478","1642.MS00376","1642.MS00541","2382.SH005.C3.RH.3.663.root.9.12.lane7.NoIndex.L007.sequences","2382.RU006.C181.RH.3.788.root.9.12.lane7.NoIndex.L007.sequences","1642.MS00345","2382.RU006.C181.RH.1.577.rhizo.4.12.lane7.NoIndex.L007.sequences","2382.MU002.C3.HA.1.477.rhizo.4.12.lane7.NoIndex.L007.sequences","2382.RU006.C181.RH.3.588.root.4.12.lane7.NoIndex.L007.sequences","1642.MS00438","2382.GM.181.R1.root.10.12.lane7.NoIndex.L007.sequences","2382.SH005.C3.RH.1.253.root.9.11.lane1.NoIndex.L001.sequences","1642.MS00503","2382.SH004.C1.RH.3.612.rhizo.9.12.lane7.NoIndex.L007.sequences","2382.DPOO1.C1.HA.3.637.rhizo.9.12.lane7.NoIndex.L007.sequences","1642.MS00582","2382.RU006.C181.RH.4.792.rhizo.9.12.lane7.NoIndex.L007.sequences","1642.MS00581","1642.MS00600","1642.MS00555","2382.SH005.C3.RH.5.673.root.9.12.lane7.NoIndex.L007.sequences","1642.MS00599","1642.MS00558","1642.MS00630","1642.MS00577","1642.MS00452","2382.MU002.C3.HA.1.63.root.6.11.lane1.NoIndex.L001.sequences","1642.MS00482","1642.MS00447","1642.MS00366","2382.DPOO1.C1.HA.3.638.root.9.12.lane7.NoIndex.L007.sequences","2382.SH007.C6.RH.2.507.rhizo.4.12.lane7.NoIndex.L007.sequences","1642.MS00638","2382.SH004.C1.RH.2.7.root.6.11.lane1.NoIndex.L001.sequences","2382.SH008.C6.HA.1.528.root.4.12.lane7.NoIndex.L007.sequences","2382.DPOO1.C1.HA.1.23.root.6.11.lane1.NoIndex.L001.sequences","1642.MS00433"
"2382.HE003.C181.HA.5.772.rhizo.9.12.lane7.NoIndex.L007.sequences",0,0.0478470394335,0.0834012668009,0.0984462260099,0.0880593996642,0.0920221642046,0.0397886299946,0.0374524313987,0.0850722063598,0.0336653967509,0.0337432662372,0.0404332722209,0.0769297772621,0.0439632593988,0.030706966569,0.077992644998,0.0285971700252,0.0332216505726,0.0906114243656,0.0343752493375,0.0901967122631,0.0957415293029,0.0909967100288,0.0342114878594,0.0818352199753,0.082107076786,0.0813131746985,0.0833322908253,0.0820282971465,0.0331254475493,0.0994149359903,0.0989836627205,0.081061726351,0.0312835771407,0.0293360436765,0.0833650299062,0.0408793020317,0.0415891144125,0.0316878277431,0.0730790794909
"2382.HE003.C181.HA.3.131.r1.root.6.11.lane7.NoIndex.L007.sequences",0.0478470394335,0,0.110739700548,0.1253235073464,0.1010709870982,0.1162807444678,0.0214454337052,0.029965247145,0.1081375156316,0.0624458323463,0.0750995527182,0.0242138182285,0.1106903123369,0.0223505023641,0.0360323779189,0.1031886336911,0.0616967804439,0.0682044606641,0.128798378238,0.0626491497805,0.1323166158793,0.1264293161634,0.1356472510312,0.0245490949038,0.1351005178997,0.1140524377165,0.1103843450502,0.1092914546118,0.1075778854354,0.030202056655,0.1303558382053,0.1308561060462,0.0920670195306,0.0330076648586,0.0619901193897,0.1109232941763,0.0303951752707,0.0260386333099,0.0384258751322,0.1053479735618
"1642.MS00379",0.0834012668009,0.110739700548,0,0.0251079754468,0.0207300138728,0.0300669983497,0.1028864072016,0.0887639942671,0.0283563767727,0.0808076135146,0.0841636233088,0.0927615254869,0.0180981976351,0.0892026276273,0.0797466172875,0.0262572769473,0.078726105183,0.0867028148531,0.0301282488027,0.0817009756692,0.029379408673,0.0282928501112,0.0316630544176,0.0892018869652,0.0409991372396,0.0272938001834,0.0270305305696,0.0267390848703,0.024493462004,0.0838710393432,0.0236319149988,0.0226319132645,0.0233263534411,0.0836845374243,0.0819132820635,0.0286140529179,0.0905625962748,0.0919470022037,0.0795783446036,0.0217179897405
"1642.MS00478",0.0984462260099,0.1253235073464,0.0251079754468,0,0.0371459511957,0.0204774654486,0.1188449684198,0.1073644368149,0.0386679838356,0.1025078170485,0.1025476409805,0.1091946626589,0.0216312338582,0.1125865530842,0.0953684922761,0.0205663224815,0.1018035804021,0.1054179331801,0.0237983671292,0.0999200751477,0.0233125713375,0.0200992712239,0.0276654930294,0.1048120801475,0.0300758427364,0.0245949560258,0.0226884268311,0.0205295382628,0.0249809954608,0.1010609098436,0.0205791834399,0.0230777101786,0.0317476659056,0.1010042748462,0.1010880367309,0.0235400023315,0.1119070740026,0.1131246286392,0.0971730876459,0.0262666689394
"1642.MS00376",0.0880593996642,0.1010709870982,0.0207300138728,0.0371459511957,0,0.0414755272354,0.0979172981425,0.0889382291902,0.025431744163,0.0890216022629,0.093985945705,0.0904991258407,0.0297665569726,0.0806020150453,0.0842761043332,0.0354916387486,0.0891384493495,0.0974020071792,0.0431179996237,0.088691490666,0.0431347416788,0.0403031951829,0.0459264646016,0.0901509104928,0.0585787247507,0.0399824904393,0.0385057424567,0.0351959853302,0.0332318151907,0.08556924235,0.0359145432805,0.0364059739189,0.021456889921,0.0860827639514,0.0910197527754,0.0390251128062,0.0877372536892,0.0930734373213,0.0879977009084,0.0332795760162
"1642.MS00541",0.0920221642046,0.1162807444678,0.0300669983497,0.0204774654486,0.0414755272354,0,0.1090535936114,0.0967395017072,0.0417284296753,0.093917537329,0.0962782803486,0.0993683635991,0.0245796158197,0.104692904066,0.0882131321671,0.0191101948089,0.09054871729,0.0979499138364,0.025673541526,0.0889648415898,0.022323586585,0.0196000408509,0.0288019244332,0.0951374387249,0.0280475250137,0.0253137742131,0.0231088440603,0.0195993366683,0.0217470024991,0.0935218093935,0.0237160044606,0.0304327422029,0.0370464237025,0.093546425403,0.0916498030789,0.023735055033,0.1020741589222,0.1050196247756,0.0900274185788,0.0273584141446
"2382.SH005.C3.RH.3.663.root.9.12.lane7.NoIndex.L007.sequences",0.0397886299946,0.0214454337052,0.1028864072016,0.1188449684198,0.0979172981425,0.1090535936114,0,0.033582838781,0.0981638487198,0.0611427454381,0.0580795141303,0.029185685428,0.100337704805,0.0227614069255,0.0237274733225,0.0945376807253,0.0493215217411,0.0521897024239,0.1162879595719,0.0579794580597,0.1130715970967,0.1141521274207,0.1158847682502,0.0141312176847,0.1223339818983,0.1037829974126,0.103656529464,0.098644796876,0.0997820980225,0.0180414460166,0.1185998560415,0.1193357946661,0.0906149903907,0.0214666462667,0.0480867857783,0.1047653874489,0.0262770427343,0.0213488461068,0.0256380026013,0.096778247844
"2382.RU006.C181.RH.3.788.root.9.12.lane7.NoIndex.L007.sequences",0.0374524313987,0.029965247145,0.0887639942671,0.1073644368149,0.0889382291902,0.0967395017072,0.033582838781,0,0.085854585633,0.0295009741667,0.0511538913771,0.0111636193851,0.0869067585486,0.0226530232223,0.0308537745167,0.0816607787424,0.0422946949207,0.0521252570705,0.1060012969251,0.0286086518598,0.1042268778401,0.1056988235346,0.1029317060566,0.0255033626408,0.0920722577454,0.0919991169921,0.0898819678864,0.0893198918111,0.0884693156303,0.0285293074396,0.1087329813032,0.1112876358718,0.0790111721007,0.0314263349845,0.0464893145254,0.0907441960764,0.0366345517571,0.0342996284291,0.0328969256717,0.078762861533
"1642.MS00345",0.0850722063598,0.1081375156316,0.0283563767727,0.0386679838356,0.025431744163,0.0417284296753,0.0981638487198,0.085854585633,0,0.0807902779325,0.0861163600244,0.0899350473751,0.0345558780453,0.0858169923186,0.0793938479162,0.0402883047666,0.1004369562257,0.0927470007855,0.0493150475012,0.0851712534859,0.0444321548429,0.0416621882333,0.0447474466836,0.0876479853813,0.0604751882368,0.0441081023597,0.0409076521968,0.0382000771782,0.0346280716939,0.0859534136574,0.0416351449108,0.0421526812109,0.025196186491,0.0835789923661,0.084954571825,0.0397137151653,0.088074920477,0.0953221623369,0.0893575335547,0.0379941385343
"2382.RU006.C181.RH.1.577.rhizo.4.12.lane7.NoIndex.L007.sequences",0.0336653967509,0.0624458323463,0.0808076135146,0.1025078170485,0.0890216022629,0.093917537329,0.0611427454381,0.0295009741667,0.0807902779325,0,0.0396606208601,0.034401061327,0.0801850002426,0.0571528732249,0.0421147356149,0.0788323016087,0.0374298643425,0.0480480638892,0.09683217639,0.019690048886,0.0926135215031,0.1006761127661,0.0898972730241,0.0491726652692,0.080752971733,0.0835676092978,0.0816117270751,0.0863639596596,0.0843612699431,0.0452028583562,0.094677505596,0.1025673303593,0.0776449659996,0.0490839688387,0.0373341523684,0.0838013030492,0.0562943268261,0.061050514378,0.0431787501507,0.0727437131862
"2382.MU002.C3.HA.1.477.rhizo.4.12.lane7.NoIndex.L007.sequences",0.0337432662372,0.0750995527182,0.0841636233088,0.1025476409805,0.093985945705,0.0962782803486,0.0580795141303,0.0511538913771,0.0861163600244,0.0396606208601,0,0.0519773757118,0.0832447656181,0.0592508050188,0.0417581130373,0.0848010109555,0.0282354693656,0.0265833740051,0.0940828653615,0.0395651365105,0.0925316710512,0.1012388302558,0.0952292106762,0.0472150704951,0.0830621812069,0.0855905094017,0.0832269282974,0.0882506188752,0.084219104237,0.038888731205,0.0981459865082,0.1008807166008,0.0839653210862,0.0378522957031,0.0285456481513,0.0829527861309,0.0504012116055,0.0533176672006,0.0353894374163,0.0757581468446
"2382.RU006.C181.RH.3.588.root.4.12.lane7.NoIndex.L007.sequences",0.0404332722209,0.0242138182285,0.0927615254869,0.1091946626589,0.0904991258407,0.0993683635991,0.029185685428,0.0111636193851,0.0899350473751,0.034401061327,0.0519773757118,0,0.0907573134971,0.021221490937,0.0306378568249,0.0850655555684,0.0442714162211,0.0528337554507,0.1099613450258,0.03489731291,0.109012575261,0.107129271745,0.1090178363658,0.0235998263378,0.1038378088128,0.0935833173575,0.0914382863149,0.0919172625201,0.0929871523663,0.0284026397741,0.1134352575659,0.1130537597669,0.0785148381503,0.0298140671791,0.0442317961778,0.0939732841329,0.030601512467,0.0266147722175,0.0307677146116,0.0838072157808
"1642.MS00438",0.0769297772621,0.1106903123369,0.0180981976351,0.0216312338582,0.0297665569726,0.0245796158197,0.100337704805,0.0869067585486,0.0345558780453,0.0801850002426,0.0832447656181,0.0907573134971,0,0.0908387638157,0.0785199937835,0.0207553213299,0.1011059562002,0.0842683291632,0.02095582492,0.0780326995861,0.0232887100596,0.0224444609235,0.0248402229908,0.0876977972038,0.0361022474184,0.0209135461546,0.0214216280224,0.0218289816559,0.0226355494965,0.0819111532719,0.0194976097917,0.0211307287372,0.0263119478244,0.083033632118,0.081310493847,0.0233942157466,0.0894417634843,0.0908303091512,0.0775808069806,0.0189680141923
"2382.GM.181.R1.root.10.12.lane7.NoIndex.L007.sequences",0.0439632593988,0.0223505023641,0.0892026276273,0.1125865530842,0.0806020150453,0.104692904066,0.0227614069255,0.0226530232223,0.0858169923186,0.0571528732249,0.0592508050188,0.021221490937,0.0908387638157,0,0.0287601153095,0.087540578989,0.046537094637,0.058165979762,0.1082914652892,0.05271210463,0.1128871122724,0.109668460494,0.11218452591,0.0180429677496,0.1047772374552,0.096867703782,0.095864812429,0.0939865420673,0.0937678114097,0.0243891127456,0.1132954767314,0.1094893591869,0.0753122110063,0.0280914302791,0.0498514874468,0.094353705797,0.0223307542142,0.0191217128723,0.0327715249008,0.0854445119943
"2382.SH005.C3.RH.1.253.root.9.11.lane1.NoIndex.L001.sequences",0.030706966569,0.0360323779189,0.0797466172875,0.0953684922761,0.0842761043332,0.0882131321671,0.0237274733225,0.0308537745167,0.0793938479162,0.0421147356149,0.0417581130373,0.0306378568249,0.0785199937835,0.0287601153095,0,0.0772252256387,0.0576576780986,0.0340177726749,0.0904305145484,0.0400731986255,0.0895879607209,0.095293623395,0.0914379363964,0.0203452215082,0.0847262675496,0.08301433613,0.0814934313876,0.0819557793343,0.0798565595237,0.0216008411928,0.0900571261811,0.0954223818203,0.0760740074194,0.022061848924,0.0303571287146,0.0832705120388,0.0213131637198,0.0238260563864,0.0229099766926,0.0704936215825
"1642.MS00503",0.077992644998,0.1031886336911,0.0262572769473,0.0205663224815,0.0354916387486,0.0191101948089,0.0945376807253,0.0816607787424,0.0402883047666,0.0788323016087,0.0848010109555,0.0850655555684,0.0207553213299,0.087540578989,0.0772252256387,0,0.1065826079079,0.0831864014044,0.0210725265249,0.0756111122272,0.021506656515,0.0202265735263,0.0246970095074,0.0830516519847,0.0356190678384,0.0240682418546,0.0204600376186,0.0189413134878,0.0211410078709,0.080298795719,0.0203534495582,0.0269108295655,0.0322966102476,0.0799542919212,0.0804801232407,0.021454339881,0.0889866412479,0.0870209023617,0.0764615830533,0.0228703066438
"2382.SH004.C1.RH.3.612.rhizo.9.12.lane7.NoIndex.L007.sequences",0.0285971700252,0.0616967804439,0.078726105183,0.1018035804021,0.0891384493495,0.09054871729,0.0493215217411,0.0422946949207,0.1004369562257,0.0374298643425,0.0282354693656,0.0442714162211,0.1011059562002,0.046537094637,0.0576576780986,0.1065826079079,0,0.02212936159,0.0912200101525,0.0319007583375,0.090463453524,0.0977397404994,0.0899157045184,0.0478438363176,0.0799010865741,0.0921305569848,0.0792368119671,0.1000532448251,0.0777534854554,0.0469654841208,0.0936171031783,0.0969005591203,0.1148776582188,0.0429232565859,0.0236688057548,0.0882205913558,0.1003577273595,0.0463094160676,0.0361889409191,0.0684411292613
"2382.DPOO1.C1.HA.3.637.rhizo.9.12.lane7.NoIndex.L007.sequences",0.0332216505726,0.0682044606641,0.0867028148531,0.1054179331801,0.0974020071792,0.0979499138364,0.0521897024239,0.0521252570705,0.0927470007855,0.0480480638892,0.0265833740051,0.0528337554507,0.0842683291632,0.058165979762,0.0340177726749,0.0831864014044,0.02212936159,0,0.0969155629391,0.0407198464857,0.0953475727742,0.102641966144,0.0936381556934,0.0459325352317,0.0886569235711,0.0861502316088,0.0846739731772,0.0887678174504,0.0860637611921,0.0367257417197,0.0992566012104,0.1024276313453,0.090485132102,0.0249815786236,0.0280539566004,0.0878280174063,0.0440694887804,0.0539871757806,0.0276307533187,0.076350705437
"1642.MS00582",0.0906114243656,0.128798378238,0.0301282488027,0.0237983671292,0.0431179996237,0.025673541526,0.1162879595719,0.1060012969251,0.0493150475012,0.09683217639,0.0940828653615,0.1099613450258,0.02095582492,0.1082914652892,0.0904305145484,0.0210725265249,0.0912200101525,0.0969155629391,0,0.0928894249312,0.021460506016,0.022022671173,0.0250669467923,0.1029026713923,0.0413023174995,0.0223989162188,0.0221124482317,0.02216563226,0.0259890425129,0.0942499193581,0.0227990933166,0.026005821901,0.0415809822013,0.0964437177375,0.0932255811881,0.0250363198446,0.1023262981452,0.1077748730252,0.0904569180617,0.0243457975678
"2382.RU006.C181.RH.4.792.rhizo.9.12.lane7.NoIndex.L007.sequences",0.0343752493375,0.0626491497805,0.0817009756692,0.0999200751477,0.088691490666,0.0889648415898,0.0579794580597,0.0286086518598,0.0851712534859,0.019690048886,0.0395651365105,0.03489731291,0.0780326995861,0.05271210463,0.0400731986255,0.0756111122272,0.0319007583375,0.0407198464857,0.0928894249312,0,0.090168560632,0.0978519400924,0.0893481122896,0.0472886206987,0.0755775083591,0.0810626086226,0.0785980000899,0.0825979296833,0.0809537225882,0.043235053792,0.1006834015214,0.0997665634143,0.0851194200589,0.0408537895318,0.0393631467412,0.0807311523242,0.0547887356214,0.0604173901196,0.0392806395046,0.0690677552708
"1642.MS00581",0.0901967122631,0.1323166158793,0.029379408673,0.0233125713375,0.0431347416788,0.022323586585,0.1130715970967,0.1042268778401,0.0444321548429,0.0926135215031,0.0925316710512,0.109012575261,0.0232887100596,0.1128871122724,0.0895879607209,0.021506656515,0.090463453524,0.0953475727742,0.021460506016,0.090168560632,0,0.0223153800998,0.027347635396,0.1017851153543,0.0241298244405,0.0235698217748,0.0229329858921,0.0204236540019,0.0245451732183,0.0966570270992,0.0236818514055,0.0269529918623,0.0411633647316,0.0951118990595,0.0908736260003,0.0252708300355,0.1058342233443,0.1107088072795,0.0923041761049,0.0266489278567
"1642.MS00600",0.0957415293029,0.1264293161634,0.0282928501112,0.0200992712239,0.0403031951829,0.0196000408509,0.1141521274207,0.1056988235346,0.0416621882333,0.1006761127661,0.1012388302558,0.107129271745,0.0224444609235,0.109668460494,0.095293623395,0.0202265735263,0.0977397404994,0.102641966144,0.022022671173,0.0978519400924,0.0223153800998,0,0.0275827333347,0.1021306243822,0.0409537400017,0.0232656396836,0.0220101905835,0.0205461596968,0.0229415346444,0.0981283766221,0.0224072417633,0.0250960734477,0.0354004599734,0.1000019288329,0.0981018241425,0.0232383617763,0.1078095246226,0.1081283380395,0.0938100266108,0.0281101808829
"1642.MS00555",0.0909967100288,0.1356472510312,0.0316630544176,0.0276654930294,0.0459264646016,0.0288019244332,0.1158847682502,0.1029317060566,0.0447474466836,0.0898972730241,0.0952292106762,0.1090178363658,0.0248402229908,0.11218452591,0.0914379363964,0.0246970095074,0.0899157045184,0.0936381556934,0.0250669467923,0.0893481122896,0.027347635396,0.0275827333347,0,0.1049462456859,0.0502928442234,0.0270095849326,0.0240607886914,0.0243115336208,0.0268840209862,0.1010785914616,0.0279623398103,0.0312803302987,0.0392581195049,0.0970842690767,0.09514510833,0.0267580579617,0.1082486732067,0.1143037926677,0.0952734233702,0.0267072910446
"2382.SH005.C3.RH.5.673.root.9.12.lane7.NoIndex.L007.sequences",0.0342114878594,0.0245490949038,0.0892018869652,0.1048120801475,0.0901509104928,0.0951374387249,0.0141312176847,0.0255033626408,0.0876479853813,0.0491726652692,0.0472150704951,0.0235998263378,0.0876977972038,0.0180429677496,0.0203452215082,0.0830516519847,0.0478438363176,0.0459325352317,0.1029026713923,0.0472886206987,0.1017851153543,0.1021306243822,0.1049462456859,0,0.0982661415069,0.0919229507865,0.0882118411169,0.0877066867421,0.0877676846869,0.0188596303792,0.1073485116846,0.1069475719663,0.0797020194971,0.018825456724,0.0400562440801,0.0896731506248,0.0191729463134,0.0161630395384,0.0253459468812,0.081416939921
"1642.MS00599",0.0818352199753,0.1351005178997,0.0409991372396,0.0300758427364,0.0585787247507,0.0280475250137,0.1223339818983,0.0920722577454,0.0604751882368,0.080752971733,0.0830621812069,0.1038378088128,0.0361022474184,0.1047772374552,0.0847262675496,0.0356190678384,0.0799010865741,0.0886569235711,0.0413023174995,0.0755775083591,0.0241298244405,0.0409537400017,0.0502928442234,0.0982661415069,0,0.0418530968501,0.0346673196955,0.032317250178,0.0333448250928,0.0974082753187,0.042309000679,0.0433673272561,0.0569897960381,0.092838637196,0.0880529497791,0.0256179068511,0.0908892374552,0.1084082084363,0.0928539270093,0.0400024189407
"1642.MS00558",0.082107076786,0.1140524377165,0.0272938001834,0.0245949560258,0.0399824904393,0.0253137742131,0.1037829974126,0.0919991169921,0.0441081023597,0.0835676092978,0.0855905094017,0.0935833173575,0.0209135461546,0.096867703782,0.08301433613,0.0240682418546,0.0921305569848,0.0861502316088,0.0223989162188,0.0810626086226,0.0235698217748,0.0232656396836,0.0270095849326,0.0919229507865,0.0418530968501,0,0.0233141514801,0.0234572725297,0.0242233121378,0.0860115859963,0.0238844415779,0.027338090869,0.0419908770836,0.0871513257831,0.0840208648047,0.0259034623542,0.0956676359227,0.0957553545397,0.0804697382294,0.0243689678609
"1642.MS00630",0.0813131746985,0.1103843450502,0.0270305305696,0.0226884268311,0.0385057424567,0.0231088440603,0.103656529464,0.0898819678864,0.0409076521968,0.0816117270751,0.0832269282974,0.0914382863149,0.0214216280224,0.095864812429,0.0814934313876,0.0204600376186,0.0792368119671,0.0846739731772,0.0221124482317,0.0785980000899,0.0229329858921,0.0220101905835,0.0240607886914,0.0882118411169,0.0346673196955,0.0233141514801,0,0.0200740145696,0.0230409672382,0.0864069649379,0.0253276361859,0.0272846545865,0.0364227432647,0.0862635159813,0.0817556718318,0.0220253348306,0.0969105766476,0.0971736722751,0.0809059920434,0.0217335705233
"1642.MS00577",0.0833322908253,0.1092914546118,0.0267390848703,0.0205295382628,0.0351959853302,0.0195993366683,0.098644796876,0.0893198918111,0.0382000771782,0.0863639596596,0.0882506188752,0.0919172625201,0.0218289816559,0.0939865420673,0.0819557793343,0.0189413134878,0.1000532448251,0.0887678174504,0.02216563226,0.0825979296833,0.0204236540019,0.0205461596968,0.0243115336208,0.0877066867421,0.032317250178,0.0234572725297,0.0200740145696,0,0.0211217063839,0.0844324502799,0.0218354171126,0.0261253783232,0.0322032916188,0.0848889432903,0.0842271457291,0.0208873652193,0.0933218828056,0.0936605246455,0.0821425731007,0.0231268456899
"1642.MS00452",0.0820282971465,0.1075778854354,0.024493462004,0.0249809954608,0.0332318151907,0.0217470024991,0.0997820980225,0.0884693156303,0.0346280716939,0.0843612699431,0.084219104237,0.0929871523663,0.0226355494965,0.0937678114097,0.0798565595237,0.0211410078709,0.0777534854554,0.0860637611921,0.0259890425129,0.0809537225882,0.0245451732183,0.0229415346444,0.0268840209862,0.0877676846869,0.0333448250928,0.0242233121378,0.0230409672382,0.0211217063839,0,0.0839410616279,0.0251518125435,0.0260578748523,0.0318545899358,0.0832894701787,0.0828119270183,0.0222045348567,0.092979816747,0.094884988745,0.0789396750552,0.0223264643034
"2382.MU002.C3.HA.1.63.root.6.11.lane1.NoIndex.L001.sequences",0.0331254475493,0.030202056655,0.0838710393432,0.1010609098436,0.08556924235,0.0935218093935,0.0180414460166,0.0285293074396,0.0859534136574,0.0452028583562,0.038888731205,0.0284026397741,0.0819111532719,0.0243891127456,0.0216008411928,0.080298795719,0.0469654841208,0.0367257417197,0.0942499193581,0.043235053792,0.0966570270992,0.0981283766221,0.1010785914616,0.0188596303792,0.0974082753187,0.0860115859963,0.0864069649379,0.0844324502799,0.0839410616279,0,0.1009274377631,0.0994882045513,0.076413901464,0.0198098721652,0.0385041478443,0.0865745072462,0.02354337788,0.0218697408112,0.0200062635946,0.0755722007001
"1642.MS00482",0.0994149359903,0.1303558382053,0.0236319149988,0.0205791834399,0.0359145432805,0.0237160044606,0.1185998560415,0.1087329813032,0.0416351449108,0.094677505596,0.0981459865082,0.1134352575659,0.0194976097917,0.1132954767314,0.0900571261811,0.0203534495582,0.0936171031783,0.0992566012104,0.0227990933166,0.1006834015214,0.0236818514055,0.0224072417633,0.0279623398103,0.1073485116846,0.042309000679,0.0238844415779,0.0253276361859,0.0218354171126,0.0251518125435,0.1009274377631,0,0.0211426130818,0.0320037543693,0.1013653284503,0.1034780043933,0.0246266809253,0.1103475525551,0.1093701592048,0.0960228300342,0.0244911188336
"1642.MS00447",0.0989836627205,0.1308561060462,0.0226319132645,0.0230777101786,0.0364059739189,0.0304327422029,0.1193357946661,0.1112876358718,0.0421526812109,0.1025673303593,0.1008807166008,0.1130537597669,0.0211307287372,0.1094893591869,0.0954223818203,0.0269108295655,0.0969005591203,0.1024276313453,0.026005821901,0.0997665634143,0.0269529918623,0.0250960734477,0.0312803302987,0.1069475719663,0.0433673272561,0.027338090869,0.0272846545865,0.0261253783232,0.0260578748523,0.0994882045513,0.0211426130818,0,0.0335702808919,0.1000669928569,0.0998156717339,0.026653849389,0.1081900163878,0.1084881525459,0.0952423181078,0.0264391335078
"1642.MS00366",0.081061726351,0.0920670195306,0.0233263534411,0.0317476659056,0.021456889921,0.0370464237025,0.0906149903907,0.0790111721007,0.025196186491,0.0776449659996,0.0839653210862,0.0785148381503,0.0263119478244,0.0753122110063,0.0760740074194,0.0322966102476,0.1148776582188,0.090485132102,0.0415809822013,0.0851194200589,0.0411633647316,0.0354004599734,0.0392581195049,0.0797020194971,0.0569897960381,0.0419908770836,0.0364227432647,0.0322032916188,0.0318545899358,0.076413901464,0.0320037543693,0.0335702808919,0,0.0792506521976,0.0809220146852,0.0348240188608,0.0770989174413,0.0791951988068,0.0816957178378,0.0345741449178
"2382.DPOO1.C1.HA.3.638.root.9.12.lane7.NoIndex.L007.sequences",0.0312835771407,0.0330076648586,0.0836845374243,0.1010042748462,0.0860827639514,0.093546425403,0.0214666462667,0.0314263349845,0.0835789923661,0.0490839688387,0.0378522957031,0.0298140671791,0.083033632118,0.0280914302791,0.022061848924,0.0799542919212,0.0429232565859,0.0249815786236,0.0964437177375,0.0408537895318,0.0951118990595,0.1000019288329,0.0970842690767,0.018825456724,0.092838637196,0.0871513257831,0.0862635159813,0.0848889432903,0.0832894701787,0.0198098721652,0.1013653284503,0.1000669928569,0.0792506521976,0,0.0316633532036,0.0873849214162,0.0248246534117,0.0257518297122,0.0179849067452,0.0759203059659
"2382.SH007.C6.RH.2.507.rhizo.4.12.lane7.NoIndex.L007.sequences",0.0293360436765,0.0619901193897,0.0819132820635,0.1010880367309,0.0910197527754,0.0916498030789,0.0480867857783,0.0464893145254,0.084954571825,0.0373341523684,0.0285456481513,0.0442317961778,0.081310493847,0.0498514874468,0.0303571287146,0.0804801232407,0.0236688057548,0.0280539566004,0.0932255811881,0.0393631467412,0.0908736260003,0.0981018241425,0.09514510833,0.0400562440801,0.0880529497791,0.0840208648047,0.0817556718318,0.0842271457291,0.0828119270183,0.0385041478443,0.1034780043933,0.0998156717339,0.0809220146852,0.0316633532036,0,0.0852745353691,0.0327976865499,0.0426480374585,0.0320378555938,0.0733827479283
"1642.MS00638",0.0833650299062,0.1109232941763,0.0286140529179,0.0235400023315,0.0390251128062,0.023735055033,0.1047653874489,0.0907441960764,0.0397137151653,0.0838013030492,0.0829527861309,0.0939732841329,0.0233942157466,0.094353705797,0.0832705120388,0.021454339881,0.0882205913558,0.0878280174063,0.0250363198446,0.0807311523242,0.0252708300355,0.0232383617763,0.0267580579617,0.0896731506248,0.0256179068511,0.0259034623542,0.0220253348306,0.0208873652193,0.0222045348567,0.0865745072462,0.0246266809253,0.026653849389,0.0348240188608,0.0873849214162,0.0852745353691,0,0.0953184718682,0.0961855339101,0.0827193893001,0.0252914634263
"2382.SH004.C1.RH.2.7.root.6.11.lane1.NoIndex.L001.sequences",0.0408793020317,0.0303951752707,0.0905625962748,0.1119070740026,0.0877372536892,0.1020741589222,0.0262770427343,0.0366345517571,0.088074920477,0.0562943268261,0.0504012116055,0.030601512467,0.0894417634843,0.0223307542142,0.0213131637198,0.0889866412479,0.1003577273595,0.0440694887804,0.1023262981452,0.0547887356214,0.1058342233443,0.1078095246226,0.1082486732067,0.0191729463134,0.0908892374552,0.0956676359227,0.0969105766476,0.0933218828056,0.092979816747,0.02354337788,0.1103475525551,0.1081900163878,0.0770989174413,0.0248246534117,0.0327976865499,0.0953184718682,0,0.0176423023385,0.0289743266762,0.0828714862849
"2382.SH008.C6.HA.1.528.root.4.12.lane7.NoIndex.L007.sequences",0.0415891144125,0.0260386333099,0.0919470022037,0.1131246286392,0.0930734373213,0.1050196247756,0.0213488461068,0.0342996284291,0.0953221623369,0.061050514378,0.0533176672006,0.0266147722175,0.0908303091512,0.0191217128723,0.0238260563864,0.0870209023617,0.0463094160676,0.0539871757806,0.1077748730252,0.0604173901196,0.1107088072795,0.1081283380395,0.1143037926677,0.0161630395384,0.1084082084363,0.0957553545397,0.0971736722751,0.0936605246455,0.094884988745,0.0218697408112,0.1093701592048,0.1084881525459,0.0791951988068,0.0257518297122,0.0426480374585,0.0961855339101,0.0176423023385,0,0.0272013133459,0.0872319550351
"2382.DPOO1.C1.HA.1.23.root.6.11.lane1.NoIndex.L001.sequences",0.0316878277431,0.0384258751322,0.0795783446036,0.0971730876459,0.0879977009084,0.0900274185788,0.0256380026013,0.0328969256717,0.0893575335547,0.0431787501507,0.0353894374163,0.0307677146116,0.0775808069806,0.0327715249008,0.0229099766926,0.0764615830533,0.0361889409191,0.0276307533187,0.0904569180617,0.0392806395046,0.0923041761049,0.0938100266108,0.0952734233702,0.0253459468812,0.0928539270093,0.0804697382294,0.0809059920434,0.0821425731007,0.0789396750552,0.0200062635946,0.0960228300342,0.0952423181078,0.0816957178378,0.0179849067452,0.0320378555938,0.0827193893001,0.0289743266762,0.0272013133459,0,0.0705012478943
"1642.MS00433",0.0730790794909,0.1053479735618,0.0217179897405,0.0262666689394,0.0332795760162,0.0273584141446,0.096778247844,0.078762861533,0.0379941385343,0.0727437131862,0.0757581468446,0.0838072157808,0.0189680141923,0.0854445119943,0.0704936215825,0.0228703066438,0.0684411292613,0.076350705437,0.0243457975678,0.0690677552708,0.0266489278567,0.0281101808829,0.0267072910446,0.081416939921,0.0400024189407,0.0243689678609,0.0217335705233,0.0231268456899,0.0223264643034,0.0755722007001,0.0244911188336,0.0264391335078,0.0345741449178,0.0759203059659,0.0733827479283,0.0252914634263,0.0828714862849,0.0872319550351,0.0705012478943,0
