"","2382.SH008.C6.HA.1.103.root.6.11.lane1.NoIndex.L001.sequences","2382.DPOO1.C1.HA.4.443.root.4.12.lane7.NoIndex.L007.sequences","2382.SH004.C1.RH.5.423.root.4.12.lane7.NoIndex.L007.sequences","1642.MS00546","2382.SH008.C6.HA.1.SH008.rhizo.rhizo.9.12.lane7.NoIndex.L007.sequences","1642.MS00353","1642.MS00624","2382.SH004.C1.RH.2.208.root.9.11.lane1.NoIndex.L001.sequences","1642.MS00452","2382.SH008.C6.HA.1.328.root.9.11.lane1.NoIndex.L001.sequences","1642.MS00561","2382.HE003.C181.HA.1.353.root.9.11.lane1.NoIndex.L001.sequences","1642.MS00597","2382.GM.181.R4.rhizo.10.12.lane7.NoIndex.L007.sequences","1642.MS00359","2382.DPOO1.C1.HA.4.243.root.9.11.lane1.NoIndex.L001.sequences","2382.GM.181.R1.rhizo.10.12.lane7.NoIndex.L007.sequences","1642.MS00427","2382.DPOO1.C1.HA.1.228.root.9.11.lane1.NoIndex.L001.sequences","1642.MS00424","1642.MS00365","1642.MS00434","1642.MS00574","2382.SH005.C3.RH.2.457.rhizo.4.12.lane7.NoIndex.L007.sequences","2382.SH005.C3.RH.4.668.root.9.12.lane7.NoIndex.L007.sequences","2382.SH004.C1.RH.4.617.rhizo.9.12.lane7.NoIndex.L007.sequences","1642.MS00558","1642.MS00586","2382.RU006.C181.RH.4.593.root.4.12.lane7.NoIndex.L007.sequences","1642.MS00396","2382.HE003.C181.HA.2.127.root.6.11.lane1.NoIndex.L001.sequences","1642.MS00430","1642.MS00468","2382.SH007.C6.RH.3.713.root.9.12.lane7.NoIndex.L007.sequences","1642.MS00343","1642.MS00630","2382.RU006.C181.RH.5.797.rhizo.9.12.lane7.NoIndex.L007.sequences","2382.SH007.C6.RH.5.722.rhizo.9.12.lane7.NoIndex.L007.sequences","2382.MU002.C3.HA.3.687.rhizo.9.12.lane7.NoIndex.L007.sequences","1001.SKB7"
"2382.SH008.C6.HA.1.103.root.6.11.lane1.NoIndex.L001.sequences",0,0.258,-0.115,1,0.906,1,1,-0.496,1,-0.96,1,-0.177,1,1,1,0.351,1,1,0.923,1,1,1,1,0.918,-0.718,0.958,1,1,0.996,1,-0.78,1,1,-0.144,1,1,0.912,0.795,0.979,0.922
"2382.DPOO1.C1.HA.4.443.root.4.12.lane7.NoIndex.L007.sequences",0.258,0,0.47,1,0.978,1,1,-0.825,1,-0.885,1,-0.94,1,1,1,-1,1,1,-0.98,1,1,1,1,0.998,-1,0.968,1,1,0.933,1,-0.659,1,1,-1,1,1,0.998,0.994,0.998,0.99
"2382.SH004.C1.RH.5.423.root.4.12.lane7.NoIndex.L007.sequences",-0.115,0.47,0,1,-0.444,1,1,-0.866,1,-0.649,1,0.00800000000000001,1,0.988,1,0.528,0.996,1,0.992,1,1,1,1,-0.523,-0.494,-0.924,1,1,1,1,-0.097,1,1,0.264,1,1,0.886,0.71,0.929,0.994
"1642.MS00546",1,1,1,0,1,0.375,-0.978,1,-0.521,1,-0.972,1,-0.802,1,0.632,1,1,0.375,1,-0.946,0.61,0.59,-0.965,1,1,1,-0.834,0.791,1,0.222,1,0.379,-0.971,1,0.994,-0.81,1,1,1,1
"2382.SH008.C6.HA.1.SH008.rhizo.rhizo.9.12.lane7.NoIndex.L007.sequences",0.906,0.978,-0.444,1,0,1,1,0.697,1,0.619,1,0.992,1,0.567,1,0.96,0.22,1,1,1,1,1,1,0.125,0.728,-0.984,1,1,1,1,0.877,1,1,0.557,1,1,-0.484,-0.996,-0.442,1
"1642.MS00353",1,1,1,0.375,1,0,0.95,1,0.552,1,0.649,1,0.892,1,-1,1,1,-0.38,1,-0.513,-1,0.159,0.821,1,1,1,0.367,1,1,-0.571,1,0.151,0.125,1,-0.992,0.942,1,1,1,1
"1642.MS00624",1,1,1,-0.978,1,0.95,0,1,-0.688,1,-0.301,1,-0.97,1,0.986,1,1,0.081,1,-0.466,0.962,0.537,-0.936,1,1,1,0.119,0.481,1,0.0720000000000001,1,0.23,-0.31,1,0.938,-0.992,1,1,1,1
"2382.SH004.C1.RH.2.208.root.9.11.lane1.NoIndex.L001.sequences",-0.496,-0.825,-0.866,1,0.697,1,1,0,1,-0.998,1,-1,1,1,1,-0.988,1,1,-0.172,1,1,1,1,0.902,-0.98,-0.00600000000000001,1,1,0.99,1,-0.998,1,1,-0.976,1,1,0.99,0.964,0.992,0.979
"1642.MS00452",1,1,1,-0.521,1,0.552,-0.688,1,0,1,-0.32,1,-0.996,1,0.92,1,1,-0.777,1,-0.938,0.517,-0.866,-0.994,1,1,1,0.01,0.187,1,-0.91,1,-0.9,-0.651,1,0.245,-0.919,1,1,1,1
"2382.SH008.C6.HA.1.328.root.9.11.lane1.NoIndex.L001.sequences",-0.96,-0.885,-0.649,1,0.619,1,1,-0.998,1,0,1,-0.906,1,1,1,-0.914,1,1,0.106,1,1,1,1,0.877,-1,0.484,1,1,0.984,1,-0.916,1,1,-0.88,1,1,0.998,0.958,1,0.988
"1642.MS00561",1,1,1,-0.972,1,0.649,-0.301,1,-0.32,1,0,1,-0.505,1,0.673,1,1,-0.407,1,-0.902,0.786,0.411,-0.971,1,1,1,-0.449,-0.855,1,-0.328,1,-0.079,-0.95,1,0.98,-0.798,1,1,1,1
"2382.HE003.C181.HA.1.353.root.9.11.lane1.NoIndex.L001.sequences",-0.177,-0.94,0.00800000000000001,1,0.992,1,1,-1,1,-0.906,1,0,1,1,1,-1,0.996,1,-0.738,1,1,1,1,1,-0.952,0.998,1,1,-0.048,1,-1,1,1,-1,1,1,0.992,0.992,0.998,0.988
"1642.MS00597",1,1,1,-0.802,1,0.892,-0.97,1,-0.996,1,-0.505,1,0,1,0.967,1,1,-0.478,1,-0.928,0.862,-0.515,-1,1,1,1,-0.295,-0.211,1,-0.413,1,-0.716,-0.708,1,0.803,-0.994,1,1,1,1
"2382.GM.181.R4.rhizo.10.12.lane7.NoIndex.L007.sequences",1,1,0.988,1,0.567,1,1,1,1,1,1,1,1,0,1,1,-1,1,1,1,1,1,1,1,0.998,0.99,1,1,1,1,1,1,1,0.984,1,1,0.366,0.79,0.597,1
"1642.MS00359",1,1,1,0.632,1,-1,0.986,1,0.92,1,0.673,1,0.967,1,0,1,1,-0.182,1,-0.69,-0.998,0.0940000000000001,0.894,1,1,1,0.166,0.998,1,-0.375,1,0.198,0.0980000000000001,1,-0.976,0.997,1,1,1,1
"2382.DPOO1.C1.HA.4.243.root.9.11.lane1.NoIndex.L001.sequences",0.351,-1,0.528,1,0.96,1,1,-0.988,1,-0.914,1,-1,1,1,1,0,1,1,-0.966,1,1,1,1,1,-0.97,0.964,1,1,0.994,1,-0.856,1,1,-1,1,1,0.994,0.993,0.986,1
"2382.GM.181.R1.rhizo.10.12.lane7.NoIndex.L007.sequences",1,1,0.996,1,0.22,1,1,1,1,1,1,0.996,1,-1,1,1,0,1,1,1,1,1,1,1,0.988,0.984,1,1,1,1,0.988,1,1,0.839,1,1,0.447,0.382,0.353,0.994
"1642.MS00427",1,1,1,0.375,1,-0.38,0.081,1,-0.777,1,-0.407,1,-0.478,1,-0.182,1,1,0,1,-0.872,-0.49,-0.862,-0.721,1,1,1,0.288,0.496,1,-0.97,1,-0.99,-0.353,1,-0.372,-0.315,1,1,1,1
"2382.DPOO1.C1.HA.1.228.root.9.11.lane1.NoIndex.L001.sequences",0.923,-0.98,0.992,1,1,1,1,-0.172,1,0.106,1,-0.738,1,1,1,-0.966,1,1,0,1,1,1,1,1,-0.924,1,1,1,0.86,1,-0.303,1,1,-0.984,1,1,1,1,1,1
"1642.MS00424",1,1,1,-0.946,1,-0.513,-0.466,1,-0.938,1,-0.902,1,-0.928,1,-0.69,1,1,-0.872,1,0,-0.422,-0.52,-0.964,1,1,1,-0.78,0.61,1,-0.808,1,-0.901,-0.998,1,0.279,-0.665,1,1,1,1
"1642.MS00365",1,1,1,0.61,1,-1,0.962,1,0.517,1,0.786,1,0.862,1,-0.998,1,1,-0.49,1,-0.422,0,0.13,0.851,1,1,1,0.782,0.998,1,-0.204,1,-0.003,0.612,1,-0.996,0.984,1,1,1,1
"1642.MS00434",1,1,1,0.59,1,0.159,0.537,1,-0.866,1,0.411,1,-0.515,1,0.0940000000000001,1,1,-0.862,1,-0.52,0.13,0,-0.429,1,1,1,-0.359,0.127,1,-0.95,1,-1,-0.395,1,-0.214,-0.378,1,1,1,1
"1642.MS00574",1,1,1,-0.965,1,0.821,-0.936,1,-0.994,1,-0.971,1,-1,1,0.894,1,1,-0.721,1,-0.964,0.851,-0.429,0,1,1,1,-0.731,-0.783,1,-0.834,1,-0.582,-0.914,1,0.756,-0.982,1,1,1,1
"2382.SH005.C3.RH.2.457.rhizo.4.12.lane7.NoIndex.L007.sequences",0.918,0.998,-0.523,1,0.125,1,1,0.902,1,0.877,1,1,1,1,1,1,1,1,1,1,1,1,1,0,0.956,-0.74,1,1,1,1,0.998,1,1,0.978,1,1,0.968,0.756,1,0.986
"2382.SH005.C3.RH.4.668.root.9.12.lane7.NoIndex.L007.sequences",-0.718,-1,-0.494,1,0.728,1,1,-0.98,1,-1,1,-0.952,1,0.998,1,-0.97,0.988,1,-0.924,1,1,1,1,0.956,0,0.92,1,1,0.151,1,-0.927,1,1,-1,1,1,0.97,0.819,0.982,0.986
"2382.SH004.C1.RH.4.617.rhizo.9.12.lane7.NoIndex.L007.sequences",0.958,0.968,-0.924,1,-0.984,1,1,-0.00600000000000001,1,0.484,1,0.998,1,0.99,1,0.964,0.984,1,1,1,1,1,1,-0.74,0.92,0,1,1,1,1,0.996,1,1,0.962,1,1,0.688,-0.458,0.456,1
"1642.MS00558",1,1,1,-0.834,1,0.367,0.119,1,0.01,1,-0.449,1,-0.295,1,0.166,1,1,0.288,1,-0.78,0.782,-0.359,-0.731,1,1,1,0,0.362,1,-0.176,1,-0.27,-0.803,1,0.992,-0.195,1,1,1,1
"1642.MS00586",1,1,1,0.791,1,1,0.481,1,0.187,1,-0.855,1,-0.211,1,0.998,1,1,0.496,1,0.61,0.998,0.127,-0.783,1,1,1,0.362,0,1,-0.048,1,0.042,-0.07,1,1,-0.199,1,1,1,1
"2382.RU006.C181.RH.4.593.root.4.12.lane7.NoIndex.L007.sequences",0.996,0.933,1,1,1,1,1,0.99,1,0.984,1,-0.048,1,1,1,0.994,1,1,0.86,1,1,1,1,1,0.151,1,1,1,0,1,0.0680000000000001,1,1,-0.442,1,1,0.908,1,1,1
"1642.MS00396",1,1,1,0.222,1,-0.571,0.0720000000000001,1,-0.91,1,-0.328,1,-0.413,1,-0.375,1,1,-0.97,1,-0.808,-0.204,-0.95,-0.834,1,1,1,-0.176,-0.048,1,0,1,-0.97,-0.716,1,-0.226,-0.497,1,1,1,1
"2382.HE003.C181.HA.2.127.root.6.11.lane1.NoIndex.L001.sequences",-0.78,-0.659,-0.097,1,0.877,1,1,-0.998,1,-0.916,1,-1,1,1,1,-0.856,0.988,1,-0.303,1,1,1,1,0.998,-0.927,0.996,1,1,0.0680000000000001,1,0,1,1,-0.924,1,1,0.829,0.697,0.994,0.918
"1642.MS00430",1,1,1,0.379,1,0.151,0.23,1,-0.9,1,-0.079,1,-0.716,1,0.198,1,1,-0.99,1,-0.901,-0.003,-1,-0.582,1,1,1,-0.27,0.042,1,-0.97,1,0,-0.398,1,-0.171,-0.661,1,1,1,1
"1642.MS00468",1,1,1,-0.971,1,0.125,-0.31,1,-0.651,1,-0.95,1,-0.708,1,0.0980000000000001,1,1,-0.353,1,-0.998,0.612,-0.395,-0.914,1,1,1,-0.803,-0.07,1,-0.716,1,-0.398,0,1,0.96,-0.655,1,1,1,1
"2382.SH007.C6.RH.3.713.root.9.12.lane7.NoIndex.L007.sequences",-0.144,-1,0.264,1,0.557,1,1,-0.976,1,-0.88,1,-1,1,0.984,1,-1,0.839,1,-0.984,1,1,1,1,0.978,-1,0.962,1,1,-0.442,1,-0.924,1,1,0,1,1,0.848,0.242,0.952,0.992
"1642.MS00343",1,1,1,0.994,1,-0.992,0.938,1,0.245,1,0.98,1,0.803,1,-0.976,1,1,-0.372,1,0.279,-0.996,-0.214,0.756,1,1,1,0.992,1,1,-0.226,1,-0.171,0.96,1,0,0.938,1,1,1,1
"1642.MS00630",1,1,1,-0.81,1,0.942,-0.992,1,-0.919,1,-0.798,1,-0.994,1,0.997,1,1,-0.315,1,-0.665,0.984,-0.378,-0.982,1,1,1,-0.195,-0.199,1,-0.497,1,-0.661,-0.655,1,0.938,0,1,1,1,1
"2382.RU006.C181.RH.5.797.rhizo.9.12.lane7.NoIndex.L007.sequences",0.912,0.998,0.886,1,-0.484,1,1,0.99,1,0.998,1,0.992,1,0.366,1,0.994,0.447,1,1,1,1,1,1,0.968,0.97,0.688,1,1,0.908,1,0.829,1,1,0.848,1,1,0,-0.818,0.37,0.998
"2382.SH007.C6.RH.5.722.rhizo.9.12.lane7.NoIndex.L007.sequences",0.795,0.994,0.71,1,-0.996,1,1,0.964,1,0.958,1,0.992,1,0.79,1,0.993,0.382,1,1,1,1,1,1,0.756,0.819,-0.458,1,1,1,1,0.697,1,1,0.242,1,1,-0.818,0,0.0089999999999999,1
"2382.MU002.C3.HA.3.687.rhizo.9.12.lane7.NoIndex.L007.sequences",0.979,0.998,0.929,1,-0.442,1,1,0.992,1,1,1,0.998,1,0.597,1,0.986,0.353,1,1,1,1,1,1,1,0.982,0.456,1,1,1,1,0.994,1,1,0.952,1,1,0.37,0.0089999999999999,0,0.996
"1001.SKB7",0.922,0.99,0.994,1,1,1,1,0.979,1,0.988,1,0.988,1,1,1,1,0.994,1,1,1,1,1,1,0.986,0.986,1,1,1,1,1,0.918,1,1,0.992,1,1,0.998,1,0.996,0
