"","2382.SH004.C1.RH.4.218.root.9.11.lane1.NoIndex.L001.sequences","1642.MS00355","2382.MU002.C3.HA.5.79.root.6.11.lane1.NoIndex.L001.sequences","1642.MS00609","1642.MS00620","1642.MS00454","1642.MS00511","1642.MS00353","2382.DPOO1.C1.HA.4.442.rhizo.4.12.r1.lane7.NoIndex.L007.sequences","1642.MS00452","2382.SH004.C1.RH.3.613.root.9.12.lane7.NoIndex.L007.sequences","2382.SH007.C6.RH.2.708.root.9.12.lane7.NoIndex.L007.sequences","1642.MS00518","2382.SH005.C3.RH.5.672.rhizo.9.12.lane7.NoIndex.L007.sequences","1642.MS00519","1642.MS00408","2382.RU006.C181.RH.5.398.root.9.11.lane1.NoIndex.L001.sequences","2382.HE003.C181.HA.2.358.root.9.11.lane1.NoIndex.L001.sequences","2382.DPOO1.C1.HA.1.228.root.9.11.lane1.NoIndex.L001.sequences","2382.RU006.C181.RH.4.155.root.6.11.lane1.NoIndex.L001.sequences","2382.GM.181.R3.rhizo.10.12.lane7.NoIndex.L007.sequences","1642.MS00366","1642.MS00583","2382.SH005.C3.RH.3.662.rhizo.9.12.lane7.NoIndex.L007.sequences","2382.SH004.C1.RH.4.15.root.6.11.lane1.NoIndex.L001.sequences","1642.MS00521","1642.MS00586","1642.MS00332","1642.MS00449","1642.MS00551","1642.MS00410","1642.MS00340","1642.MS00439","2382.GM.181.R2.root.10.12.lane7.NoIndex.L007.sequences","2382.SH005.C3.RH.2.258.root.9.11.lane1.NoIndex.L001.sequences","1642.MS00504","2382.HE003.C181.HA.3.562.rhizo.4.12.lane7.NoIndex.L007.sequences","2382.RU006.C181.RH.1.143.root.6.11.lane1.NoIndex.L001.sequences","2382.GM.181.R2.rhizo.10.12.lane7.NoIndex.L007.sequences","2382.SH004.C1.RH.3.612.rhizo.9.12.lane7.NoIndex.L007.sequences"
"2382.SH004.C1.RH.4.218.root.9.11.lane1.NoIndex.L001.sequences",0,1,-0.998,1,1,1,1,1,0.996,1,-0.994,-0.972,1,0.96,1,1,-0.042,-0.994,0.226,-0.754,1,1,1,0.98,-1,1,1,1,1,1,1,1,1,-0.99,-1,1,1,-0.996,1,0.9
"1642.MS00355",1,0,1,0.98,0.99,0.394,0.66,-1,1,0.759,1,1,0.556,1,0.812,-0.369,1,1,1,1,1,-0.854,1,1,1,1,1,-0.67,0.9,0.964,0.865,-0.431,0.917,1,1,0.666,1,1,1,1
"2382.MU002.C3.HA.5.79.root.6.11.lane1.NoIndex.L001.sequences",-0.998,1,0,1,1,1,1,1,1,1,-1,-0.994,1,0.998,1,1,0.748,-0.954,-0.483,0.646,1,1,1,0.998,-0.82,1,1,1,1,1,1,1,1,-0.998,-0.843,1,1,-0.74,1,0.996
"1642.MS00609",1,0.98,1,0,-0.862,0.315,0.287,0.935,1,-0.93,1,1,-0.734,1,0.464,-0.57,1,1,1,1,1,1,-0.736,1,1,-0.0639999999999999,-0.333,1,-0.713,-0.181,-0.858,0.996,-0.175,1,1,0.49,1,1,1,1
"1642.MS00620",1,0.99,1,-0.862,0,0.278,0.696,0.946,1,-0.772,1,1,-0.453,1,0.953,-0.367,1,1,1,1,1,1,-0.228,1,1,0.779,0.643,1,-0.553,0.614,-0.62,0.998,0.097,1,1,0.979,1,1,1,1
"1642.MS00454",1,0.394,1,0.315,0.278,0,-1,0.236,1,-0.331,1,1,-0.829,1,-0.976,-0.807,1,1,1,1,1,0.261,-0.168,1,1,-0.608,-0.281,-0.105,0.384,-0.089,0.385,-0.379,0.085,1,1,-0.926,1,1,1,1
"1642.MS00511",1,0.66,1,0.287,0.696,-1,0,0.475,1,0.212,1,1,-0.787,1,-0.976,-0.521,1,1,1,1,1,-0.83,-0.194,1,1,-0.687,-0.507,-0.435,0.534,0.148,0.742,-0.982,0.346,1,1,-1,1,1,1,1
"1642.MS00353",1,-1,1,0.935,0.946,0.236,0.475,0,1,0.584,1,1,0.432,1,0.703,-0.668,1,1,1,1,1,-0.972,0.992,1,1,1,0.996,-0.94,0.736,0.872,0.745,-0.741,0.596,1,1,0.655,1,1,1,1
"2382.DPOO1.C1.HA.4.442.rhizo.4.12.r1.lane7.NoIndex.L007.sequences",0.996,1,1,1,1,1,1,1,0,1,0.92,0.966,1,-0.444,1,1,1,0.992,0.996,1,0.936,1,1,-0.36,1,1,1,1,1,1,1,1,1,0.988,0.978,1,0.672,1,0.982,-0.569
"1642.MS00452",1,0.759,1,-0.93,-0.772,-0.331,0.212,0.584,1,0,1,1,-0.738,1,0.438,-0.818,1,1,1,1,1,0.995,-0.079,1,1,0.348,0.296,0.994,-0.852,0.454,-0.912,0.947,-0.456,1,1,0.413,1,1,1,1
"2382.SH004.C1.RH.3.613.root.9.12.lane7.NoIndex.L007.sequences",-0.994,1,-1,1,1,1,1,1,0.92,1,0,-1,1,0.822,1,1,0.418,-1,-0.934,0.68,0.994,1,1,0.902,-0.88,1,1,1,1,1,1,1,1,-1,-0.908,1,0.98,-0.956,0.99,0.646
"2382.SH007.C6.RH.2.708.root.9.12.lane7.NoIndex.L007.sequences",-0.972,1,-0.994,1,1,1,1,1,0.966,1,-1,0,1,0.809,1,1,-0.149,-1,-0.93,0.279,1,1,1,0.917,-0.758,1,1,1,1,1,1,1,1,-0.996,-0.81,1,0.87,-0.976,1,0.679
"1642.MS00518",1,0.556,1,-0.734,-0.453,-0.829,-0.787,0.432,1,-0.738,1,1,0,1,-0.802,-0.934,1,1,1,1,1,0.938,-0.778,1,1,-0.463,-0.33,0.884,-0.596,-0.546,-0.766,0.483,-0.38,1,1,-0.447,1,1,1,1
"2382.SH005.C3.RH.5.672.rhizo.9.12.lane7.NoIndex.L007.sequences",0.96,1,0.998,1,1,1,1,1,-0.444,1,0.822,0.809,1,0,1,1,1,0.857,1,1,0.548,1,1,-1,0.998,1,1,1,1,1,1,1,1,0.962,0.261,1,-0.439,0.998,0.672,-0.508
"1642.MS00519",1,0.812,1,0.464,0.953,-0.976,-0.976,0.703,1,0.438,1,1,-0.802,1,0,-0.47,1,1,1,1,1,0.396,-0.272,1,1,-0.875,-0.614,0.224,0.355,0.543,0.605,-0.365,-0.123,1,1,-0.948,1,1,1,1
"1642.MS00408",1,-0.369,1,-0.57,-0.367,-0.807,-0.521,-0.668,1,-0.818,1,1,-0.934,1,-0.47,0,1,1,1,1,1,0.295,-0.046,1,1,0.409,0.684,-0.237,-0.902,-0.281,-0.968,-0.584,-0.672,1,1,-0.396,1,1,1,1
"2382.RU006.C181.RH.5.398.root.9.11.lane1.NoIndex.L001.sequences",-0.042,1,0.748,1,1,1,1,1,1,1,0.418,-0.149,1,1,1,1,0,-0.182,0.977,-1,1,1,1,1,1,1,1,1,1,1,1,1,1,-0.601,0.751,1,1,-0.984,1,1
"2382.HE003.C181.HA.2.358.root.9.11.lane1.NoIndex.L001.sequences",-0.994,1,-0.954,1,1,1,1,1,0.992,1,-1,-1,1,0.857,1,1,-0.182,0,-0.632,0.0700000000000001,0.998,1,1,0.931,-0.54,1,1,1,1,1,1,1,1,-0.998,-0.846,1,0.849,-0.996,1,0.954
"2382.DPOO1.C1.HA.1.228.root.9.11.lane1.NoIndex.L001.sequences",0.226,1,-0.483,1,1,1,1,1,0.996,1,-0.934,-0.93,1,1,1,1,0.977,-0.632,0,0.998,1,1,1,1,0.981,1,1,1,1,1,1,1,1,-0.835,0.821,1,1,-0.498,1,0.984
"2382.RU006.C181.RH.4.155.root.6.11.lane1.NoIndex.L001.sequences",-0.754,1,0.646,1,1,1,1,1,1,1,0.68,0.279,1,1,1,1,-1,0.0700000000000001,0.998,0,1,1,1,1,0.826,1,1,1,1,1,1,1,1,-0.441,0.23,1,1,-0.998,0.998,1
"2382.GM.181.R3.rhizo.10.12.lane7.NoIndex.L007.sequences",1,1,1,1,1,1,1,1,0.936,1,0.994,1,1,0.548,1,1,1,0.998,1,1,0,1,1,0.896,1,1,1,1,1,1,1,1,1,0.87,1,1,0.728,1,-1,0.347
"1642.MS00366",1,-0.854,1,1,1,0.261,-0.83,-0.972,1,0.995,1,1,0.938,1,0.396,0.295,1,1,1,1,1,0,1,1,1,0.994,1,-0.998,0.956,0.998,0.998,-1,0.933,1,1,-0.764,1,1,1,1
"1642.MS00583",1,1,1,-0.736,-0.228,-0.168,-0.194,0.992,1,-0.079,1,1,-0.778,1,-0.272,-0.046,1,1,1,1,1,1,0,1,1,-0.544,-0.924,1,-0.593,0.0449999999999999,-0.419,0.956,-0.028,1,1,0.622,1,1,1,1
"2382.SH005.C3.RH.3.662.rhizo.9.12.lane7.NoIndex.L007.sequences",0.98,1,0.998,1,1,1,1,1,-0.36,1,0.902,0.917,1,-1,1,1,1,0.931,1,1,0.896,1,1,0,1,1,1,1,1,1,1,1,1,0.988,0.637,1,0.153,1,0.988,-0.398
"2382.SH004.C1.RH.4.15.root.6.11.lane1.NoIndex.L001.sequences",-1,1,-0.82,1,1,1,1,1,1,1,-0.88,-0.758,1,0.998,1,1,1,-0.54,0.981,0.826,1,1,1,1,0,1,1,1,1,1,1,1,1,-0.58,-0.96,1,1,-0.264,1,0.994
"1642.MS00521",1,1,1,-0.0639999999999999,0.779,-0.608,-0.687,1,1,0.348,1,1,-0.463,1,-0.875,0.409,1,1,1,1,1,0.994,-0.544,1,1,0,-0.97,0.992,0.302,0.61,0.573,0.848,0.0740000000000001,1,1,-0.37,1,1,1,1
"1642.MS00586",1,1,1,-0.333,0.643,-0.281,-0.507,0.996,1,0.296,1,1,-0.33,1,-0.614,0.684,1,1,1,1,1,1,-0.924,1,1,-0.97,0,1,0.232,0.662,0.624,0.966,0.404,1,1,0.034,1,1,1,1
"1642.MS00332",1,-0.67,1,1,1,-0.105,-0.435,-0.94,1,0.994,1,1,0.884,1,0.224,-0.237,1,1,1,1,1,-0.998,1,1,1,0.992,1,0,0.784,0.992,0.974,-0.998,0.748,1,1,-0.136,1,1,1,1
"1642.MS00449",1,0.9,1,-0.713,-0.553,0.384,0.534,0.736,1,-0.852,1,1,-0.596,1,0.355,-0.902,1,1,1,1,1,0.956,-0.593,1,1,0.302,0.232,0.784,0,0.407,-0.996,0.503,-0.902,1,1,0.86,1,1,1,1
"1642.MS00551",1,0.964,1,-0.181,0.614,-0.089,0.148,0.872,1,0.454,1,1,-0.546,1,0.543,-0.281,1,1,1,1,1,0.998,0.0449999999999999,1,1,0.61,0.662,0.992,0.407,0,0.018,0.924,0.85,1,1,0.593,1,1,1,1
"1642.MS00410",1,0.865,1,-0.858,-0.62,0.385,0.742,0.745,1,-0.912,1,1,-0.766,1,0.605,-0.968,1,1,1,1,1,0.998,-0.419,1,1,0.573,0.624,0.974,-0.996,0.018,0,0.768,-0.756,1,1,0.777,1,1,1,1
"1642.MS00340",1,-0.431,1,0.996,0.998,-0.379,-0.982,-0.741,1,0.947,1,1,0.483,1,-0.365,-0.584,1,1,1,1,1,-1,0.956,1,1,0.848,0.966,-0.998,0.503,0.924,0.768,0,0.211,1,1,-0.986,1,1,1,1
"1642.MS00439",1,0.917,1,-0.175,0.097,0.085,0.346,0.596,1,-0.456,1,1,-0.38,1,-0.123,-0.672,1,1,1,1,1,0.933,-0.028,1,1,0.0740000000000001,0.404,0.748,-0.902,0.85,-0.756,0.211,0,1,1,0.535,1,1,1,1
"2382.GM.181.R2.root.10.12.lane7.NoIndex.L007.sequences",-0.99,1,-0.998,1,1,1,1,1,0.988,1,-1,-0.996,1,0.962,1,1,-0.601,-0.998,-0.835,-0.441,0.87,1,1,0.988,-0.58,1,1,1,1,1,1,1,1,0,-0.678,1,0.994,-0.994,0.958,0.768
"2382.SH005.C3.RH.2.258.root.9.11.lane1.NoIndex.L001.sequences",-1,1,-0.843,1,1,1,1,1,0.978,1,-0.908,-0.81,1,0.261,1,1,0.751,-0.846,0.821,0.23,1,1,1,0.637,-0.96,1,1,1,1,1,1,1,1,-0.678,0,1,0.994,-0.612,1,0.914
"1642.MS00504",1,0.666,1,0.49,0.979,-0.926,-1,0.655,1,0.413,1,1,-0.447,1,-0.948,-0.396,1,1,1,1,1,-0.764,0.622,1,1,-0.37,0.034,-0.136,0.86,0.593,0.777,-0.986,0.535,1,1,0,1,1,1,1
"2382.HE003.C181.HA.3.562.rhizo.4.12.lane7.NoIndex.L007.sequences",1,1,1,1,1,1,1,1,0.672,1,0.98,0.87,1,-0.439,1,1,1,0.849,1,1,0.728,1,1,0.153,1,1,1,1,1,1,1,1,1,0.994,0.994,1,0,1,0.742,0.524
"2382.RU006.C181.RH.1.143.root.6.11.lane1.NoIndex.L001.sequences",-0.996,1,-0.74,1,1,1,1,1,1,1,-0.956,-0.976,1,0.998,1,1,-0.984,-0.996,-0.498,-0.998,1,1,1,1,-0.264,1,1,1,1,1,1,1,1,-0.994,-0.612,1,1,0,1,1
"2382.GM.181.R2.rhizo.10.12.lane7.NoIndex.L007.sequences",1,1,1,1,1,1,1,1,0.982,1,0.99,1,1,0.672,1,1,1,1,1,0.998,-1,1,1,0.988,1,1,1,1,1,1,1,1,1,0.958,1,1,0.742,1,0,0.568
"2382.SH004.C1.RH.3.612.rhizo.9.12.lane7.NoIndex.L007.sequences",0.9,1,0.996,1,1,1,1,1,-0.569,1,0.646,0.679,1,-0.508,1,1,1,0.954,0.984,1,0.347,1,1,-0.398,0.994,1,1,1,1,1,1,1,1,0.768,0.914,1,0.524,1,0.568,0
