"","1642.MS00611","1642.MS00553","1642.MS00351","2382.MU002.C3.HA.3.488.root.4.12.lane7.NoIndex.L007.sequences","2382.RU006.C181.RH.1.577.rhizo.4.12.lane7.NoIndex.L007.sequences","1642.MS00630","1642.MS00565","2382.HE003.C181.HA.2.557.rhizo.4.12.lane7.NoIndex.L007.sequences","2382.DPOO1.C1.HA.3.637.rhizo.9.12.lane7.NoIndex.L007.sequences","2382.HE003.C181.HA.1.552.rhizo.4.12.lane7.NoIndex.L007.sequences","1642.MS00337","1642.MS00479","1642.MS00562","1642.MS00391","1642.MS00584","2382.SH004.C1.RH.4.417.rhizo.4.12.lane7.NoIndex.L007.sequences","2382.SH008.C6.HA.3.737.rhizo.9.12.lane7.NoIndex.L007.sequences","1001.SKB8","2382.DPOO1.C1.HA.4.643.root.9.12.lane7.NoIndex.L007.sequences","1642.MS00439","1642.MS00604","1642.MS00615","2382.DPOO1.C1.HA.2.633.root.9.12.lane7.NoIndex.L007.sequences","2382.SH004.C1.RH.4.617.rhizo.9.12.lane7.NoIndex.L007.sequences","1642.MS00428","2382.GM.181.R4.rhizo.10.12.lane7.NoIndex.L007.sequences","1642.MS00401","1642.MS00512","1642.MS00374","1642.MS00436","1642.MS00412","2382.GM.181.R2.root.10.12.lane7.NoIndex.L007.sequences","2382.HE003.C181.HA.1.753.root.9.12.lane7.NoIndex.L007.sequences","2382.RU006.C181.RH.5.398.root.9.11.lane1.NoIndex.L001.sequences","1642.MS00619","2382.SH008.C6.HA.1.SH008.rhizo.rhizo.9.12.lane7.NoIndex.L007.sequences","1642.MS00640","2382.SH005.C3.RH.5.473.root.4.12.lane7.NoIndex.L007.sequences","1642.MS00600","1642.MS00498"
"1642.MS00611",0,0.0312086316161,0.0351254155689,0.0923528364365,0.0899754379291,0.0243352932415,0.0258936830602,0.0903861602298,0.0919574609455,0.090984828778,0.052490642153,0.0240829640743,0.0243719229708,0.0287940080596,0.0291752180035,0.0910473803512,0.0867053172241,0.1651506792587,0.099359347477,0.0288354700475,0.0245953905993,0.022576697743,0.0934147080637,0.0914611096103,0.0287115180932,0.0805417236101,0.0251267423506,0.0252233415948,0.0484269240816,0.0297022304663,0.0322029792857,0.1152396706603,0.1122432890744,0.0936471206682,0.0247524497387,0.089321583833,0.0265638723264,0.0963786706782,0.0263568648358,0.0257644312389
"1642.MS00553",0.0312086316161,0,0.0450980269722,0.1049629677808,0.0936539590617,0.0336727042988,0.0351204213923,0.0996098269978,0.0984969630319,0.0968187395879,0.056388294332,0.0270734971383,0.0331000889084,0.0327845480185,0.0328040917268,0.1027338341615,0.0918238540039,0.1967632172038,0.1104200366706,0.0341788208412,0.0316960789963,0.0355194872552,0.1039519309477,0.1036956234618,0.0341776398671,0.0890055922723,0.03389822944,0.0289433941751,0.0654918295684,0.0367045598681,0.0372728381708,0.1334345713122,0.1322627288741,0.1021230697597,0.0337685454002,0.0959922464936,0.0346760093072,0.1111429333861,0.0368336529224,0.0344553971098
"1642.MS00351",0.0351254155689,0.0450980269722,0,0.1000926657905,0.081747866738,0.0321689819221,0.0334415115553,0.0852285635151,0.0985876908553,0.0951207117374,0.0234358592494,0.0299047273981,0.0313214382753,0.0261207424161,0.0401044437697,0.0893450967302,0.0856022082677,0.1567857894983,0.101563015416,0.0276568279112,0.0341285769911,0.0407379297247,0.0908642857791,0.0845638958828,0.0231167460936,0.0699572189489,0.0234254645615,0.0310623953757,0.0376590879591,0.0237341420465,0.0233206567488,0.1209799355878,0.1278211626406,0.0903038299228,0.0378485062239,0.0827535214086,0.0377513857586,0.0887887292475,0.0356729336325,0.0309103935844
"2382.MU002.C3.HA.3.488.root.4.12.lane7.NoIndex.L007.sequences",0.0923528364365,0.1049629677808,0.1000926657905,0,0.0517526961133,0.0940808185518,0.0856627297746,0.0427334494992,0.0415619812423,0.041654860352,0.1036923522835,0.0906078524644,0.0893652739117,0.091780260808,0.1045926041269,0.0390071564215,0.0370555662635,0.0968338657603,0.0218688025173,0.0960615866629,0.0979195918546,0.1036875008783,0.0223627750765,0.0367748818649,0.0881754255019,0.0496797106263,0.0871602254878,0.091635195905,0.10919782518,0.0933547388219,0.0992109910229,0.0304661852042,0.0304707933074,0.0414788132638,0.1041483653698,0.0371837987211,0.1010699644508,0.0284748506657,0.1051872772206,0.0902582605619
"2382.RU006.C181.RH.1.577.rhizo.4.12.lane7.NoIndex.L007.sequences",0.0899754379291,0.0936539590617,0.081747866738,0.0517526961133,0,0.0841554682821,0.0824864661349,0.0297319521189,0.0504202031693,0.0327605567517,0.0994427205474,0.0850880819186,0.0833659628957,0.090237656625,0.1078069582848,0.0439203906592,0.0362354306673,0.1388926711714,0.0508733627376,0.0897791809172,0.0932422394004,0.1015811102775,0.044809930688,0.0451875216858,0.0823137796648,0.0323472888685,0.0816879730706,0.086863627474,0.0873515145786,0.0923644282235,0.093734538502,0.0594810812136,0.0610987341521,0.0260052370973,0.0962190998679,0.0359842613525,0.0985891356315,0.0493933085329,0.1060470844442,0.0881949684037
"1642.MS00630",0.0243352932415,0.0336727042988,0.0321689819221,0.0940808185518,0.0841554682821,0,0.0201925827362,0.0892356092897,0.090654993067,0.0889306876646,0.0414583533649,0.0208303743217,0.0210838459624,0.0258749453644,0.0273501801435,0.087886179702,0.0872597672548,0.1657068452647,0.1005238354083,0.0263791060823,0.0227001015089,0.0268576175386,0.0931317729476,0.0889075107482,0.0243476297082,0.0784738524571,0.0221913060588,0.0230770815041,0.0440077340026,0.0259449058444,0.0283729270827,0.1159421326845,0.1162083419815,0.0899926023067,0.0232361422671,0.087701947008,0.0239266415922,0.0960121801888,0.0240978422001,0.0236079841555
"1642.MS00565",0.0258936830602,0.0351204213923,0.0334415115553,0.0856627297746,0.0824864661349,0.0201925827362,0,0.0876039303364,0.0885795075735,0.0879523357674,0.0434357697048,0.0194185080707,0.0199624940606,0.0217541605025,0.0227138233059,0.0846466071,0.0859207947421,0.1786840328874,0.0904853094095,0.0259345228915,0.0230538794155,0.0243647354426,0.0841322705801,0.0866650978148,0.0222430609239,0.0763240749311,0.0218241907953,0.0217122451102,0.0443931348371,0.02343340712,0.0291164836507,0.1046381060627,0.1043731705552,0.0836875911339,0.0264558492819,0.0853559088357,0.0207991761146,0.0884552566454,0.0212879315318,0.0210740692459
"2382.HE003.C181.HA.2.557.rhizo.4.12.lane7.NoIndex.L007.sequences",0.0903861602298,0.0996098269978,0.0852285635151,0.0427334494992,0.0297319521189,0.0892356092897,0.0876039303364,0,0.0403569494514,0.0217427537404,0.1052718626802,0.0864662283303,0.0845850183026,0.09380775799,0.1081286174339,0.0347726831559,0.0309633565455,0.1228740919746,0.0424606464845,0.0915208982955,0.0931147117087,0.103822549552,0.0394285609053,0.0318370140608,0.0859011465579,0.0360144622305,0.0821484886186,0.0904129466793,0.0918970694063,0.09274934323,0.0941345102239,0.0580603706208,0.0477653899916,0.0436880185303,0.099044627867,0.0297483704765,0.1036474621135,0.0368927425469,0.107842337172,0.0903046280098
"2382.DPOO1.C1.HA.3.637.rhizo.9.12.lane7.NoIndex.L007.sequences",0.0919574609455,0.0984969630319,0.0985876908553,0.0415619812423,0.0504202031693,0.090654993067,0.0885795075735,0.0403569494514,0,0.0380995189219,0.1087794519899,0.0887001899213,0.085823351034,0.0956493989874,0.1067275415826,0.0275086901692,0.0244539462951,0.1264967151721,0.0365708825608,0.0960837630568,0.0914441032001,0.1059737502144,0.0378927515774,0.0252627200277,0.0881849625128,0.0425178805383,0.0866676305331,0.0917256484151,0.0992342621803,0.093650312373,0.0984344789906,0.0653458066964,0.064765552487,0.0618869763296,0.0972362678376,0.0266223470911,0.1041421301235,0.0456250019051,0.1059876094424,0.0908331305135
"2382.HE003.C181.HA.1.552.rhizo.4.12.lane7.NoIndex.L007.sequences",0.090984828778,0.0968187395879,0.0951207117374,0.041654860352,0.0327605567517,0.0889306876646,0.0879523357674,0.0217427537404,0.0380995189219,0,0.1075618966683,0.0891201114395,0.0880064888566,0.0972514356423,0.1084805694958,0.0365492659699,0.0301705456729,0.1392551352957,0.0410255366709,0.0948068648751,0.0934781075213,0.104128530475,0.0374590409818,0.0364751825016,0.0896132461587,0.0379713915556,0.0882861161061,0.0911627093898,0.1117406711187,0.095961834447,0.0992353152518,0.0573666173159,0.049984469716,0.0474675327187,0.096915113657,0.0279680271279,0.1017852447153,0.0430199297786,0.1086399438397,0.0913291256868
"1642.MS00337",0.052490642153,0.056388294332,0.0234358592494,0.1036923522835,0.0994427205474,0.0414583533649,0.0434357697048,0.1052718626802,0.1087794519899,0.1075618966683,0,0.0429307133782,0.0465157893204,0.028656176168,0.0499948238935,0.1023682888122,0.106337558451,0.1646362207732,0.1062392552545,0.0316596379516,0.0488003885404,0.055794033977,0.0999455161268,0.1024796732936,0.0268823659801,0.0831831212449,0.0353700916266,0.0434461547577,0.0502959222476,0.028190262904,0.0299990068096,0.1197257419434,0.1175275796503,0.0987687446057,0.0558108306072,0.1021678284569,0.0495757338134,0.1033337491075,0.0444931190163,0.0421408005915
"1642.MS00479",0.0240829640743,0.0270734971383,0.0299047273981,0.0906078524644,0.0850880819186,0.0208303743217,0.0194185080707,0.0864662283303,0.0887001899213,0.0891201114395,0.0429307133782,0,0.0201672463474,0.0222937804672,0.0239015728925,0.0857967847377,0.0858716946804,0.1734037561473,0.0960200280155,0.0230729165064,0.0216605559941,0.0261237859646,0.0880826027511,0.0877488592298,0.0217020482007,0.0755413083575,0.0206473540302,0.0191595576688,0.0486881079524,0.0227928839693,0.0270310432914,0.1143260878206,0.1147718127338,0.0866875434153,0.0254298868429,0.0867166663506,0.0221027963441,0.0905636816855,0.0235280289025,0.0194376453644
"1642.MS00562",0.0243719229708,0.0331000889084,0.0313214382753,0.0893652739117,0.0833659628957,0.0210838459624,0.0199624940606,0.0845850183026,0.085823351034,0.0880064888566,0.0465157893204,0.0201672463474,0,0.0249284626849,0.02510270521,0.0840677420273,0.0837599918537,0.1756856372445,0.0943439005568,0.0267328509027,0.022566263419,0.0262776772745,0.0878943143177,0.0854348517802,0.0242423110505,0.0735171096329,0.0218056087173,0.0216317894122,0.0453299832151,0.0248396060258,0.0292489466563,0.1121197760358,0.1115982278033,0.0855696768444,0.0249786081944,0.0841020402785,0.0244001208797,0.0904896197822,0.024255241404,0.0220177392333
"1642.MS00391",0.0287940080596,0.0327845480185,0.0261207424161,0.091780260808,0.090237656625,0.0258749453644,0.0217541605025,0.09380775799,0.0956493989874,0.0972514356423,0.028656176168,0.0222937804672,0.0249284626849,0,0.0255998604197,0.089618551608,0.0921917286559,0.1782656945012,0.0991813556843,0.0223023835829,0.0282365440282,0.0301434192103,0.0923148900849,0.0922215233414,0.019957343478,0.0800860506296,0.0213186634434,0.0221000133033,0.0499433487667,0.02125393635,0.0239533922538,0.1141007716782,0.1135991834298,0.0892052590864,0.0309969628129,0.0927762203955,0.0267453931927,0.0909053906737,0.0252163971855,0.0220431750914
"1642.MS00584",0.0291752180035,0.0328040917268,0.0401044437697,0.1045926041269,0.1078069582848,0.0273501801435,0.0227138233059,0.1081286174339,0.1067275415826,0.1084805694958,0.0499948238935,0.0239015728925,0.02510270521,0.0255998604197,0,0.1049464311265,0.1030188915654,0.1836900374589,0.1142828071968,0.025678671109,0.0244324727874,0.027274922673,0.1082666080653,0.1058678365774,0.0284646089001,0.0986572315747,0.0270507369597,0.0246003175343,0.0519393177289,0.0273391596902,0.0308419486908,0.1327994511683,0.129922530504,0.1087168635166,0.0260804050759,0.1069728875288,0.0217060699848,0.1098348685816,0.0238146447517,0.0238134036379
"2382.SH004.C1.RH.4.417.rhizo.4.12.lane7.NoIndex.L007.sequences",0.0910473803512,0.1027338341615,0.0893450967302,0.0390071564215,0.0439203906592,0.087886179702,0.0846466071,0.0347726831559,0.0275086901692,0.0365492659699,0.1023682888122,0.0857967847377,0.0840677420273,0.089618551608,0.1049464311265,0,0.0292469402429,0.107202996501,0.0361995463933,0.0921189542276,0.0926198558934,0.1037528409914,0.0368839744655,0.0185292905956,0.0824138504466,0.0327520935101,0.0835573186556,0.08869218376,0.1067299721816,0.0899613863526,0.0963248156188,0.0493107352516,0.052457147559,0.0476330903096,0.0979788561616,0.0250202039929,0.1002745775595,0.0287575318904,0.1039054868512,0.0880866187766
"2382.SH008.C6.HA.3.737.rhizo.9.12.lane7.NoIndex.L007.sequences",0.0867053172241,0.0918238540039,0.0856022082677,0.0370555662635,0.0362354306673,0.0872597672548,0.0859207947421,0.0309633565455,0.0244539462951,0.0301705456729,0.106337558451,0.0858716946804,0.0837599918537,0.0921917286559,0.1030188915654,0.0292469402429,0,0.1234591289506,0.0406763289854,0.0901982417268,0.0871482723589,0.1020857148299,0.0361183146131,0.0255088220395,0.0854319215386,0.0379220941008,0.0827464654437,0.0893222676854,0.1050239349208,0.0897287273263,0.0928268308867,0.0582490122352,0.0587033912408,0.0486116790815,0.0914549575031,0.0180818192325,0.1003680627507,0.0388787379265,0.1053400781615,0.0888961569193
"1001.SKB8",0.1651506792587,0.1967632172038,0.1567857894983,0.0968338657603,0.1388926711714,0.1657068452647,0.1786840328874,0.1228740919746,0.1264967151721,0.1392551352957,0.1646362207732,0.1734037561473,0.1756856372445,0.1782656945012,0.1836900374589,0.107202996501,0.1234591289506,0,0.0968076320563,0.1643281342152,0.1690439114689,0.1591465213859,0.1063368420464,0.1050580634303,0.1660389665736,0.1140656926664,0.1661519872898,0.1707073904885,0.1676223303456,0.1566785581741,0.1669707525799,0.07598124219,0.0900884022312,0.1190049496211,0.1726622955615,0.1181976337848,0.1676084761967,0.1133362395652,0.1659047329132,0.1770778153139
"2382.DPOO1.C1.HA.4.643.root.9.12.lane7.NoIndex.L007.sequences",0.099359347477,0.1104200366706,0.101563015416,0.0218688025173,0.0508733627376,0.1005238354083,0.0904853094095,0.0424606464845,0.0365708825608,0.0410255366709,0.1062392552545,0.0960200280155,0.0943439005568,0.0991813556843,0.1142828071968,0.0361995463933,0.0406763289854,0.0968076320563,0,0.1029946784924,0.1057000959926,0.1112010772831,0.0127376685404,0.0340650875113,0.0938744467873,0.0546272944783,0.091279079345,0.0977655397201,0.1021406227306,0.1007590698253,0.1057512639982,0.0298499852985,0.023695172805,0.047497150331,0.1105202593146,0.0391149745578,0.1100109126153,0.0255292221035,0.1140399398861,0.0992935903749
"1642.MS00439",0.0288354700475,0.0341788208412,0.0276568279112,0.0960615866629,0.0897791809172,0.0263791060823,0.0259345228915,0.0915208982955,0.0960837630568,0.0948068648751,0.0316596379516,0.0230729165064,0.0267328509027,0.0223023835829,0.025678671109,0.0921189542276,0.0901982417268,0.1643281342152,0.1029946784924,0,0.0271389862727,0.0303468259495,0.0954958561242,0.0921839922714,0.0225261115742,0.082370413843,0.0231052934011,0.0264894529975,0.04964746516,0.0208569620631,0.0242568250357,0.1193963323624,0.1203218737353,0.0921346579078,0.0284826294816,0.0906667923285,0.0271818191329,0.0952035223505,0.0269498933848,0.0229900979633
"1642.MS00604",0.0245953905993,0.0316960789963,0.0341285769911,0.0979195918546,0.0932422394004,0.0227001015089,0.0230538794155,0.0931147117087,0.0914441032001,0.0934781075213,0.0488003885404,0.0216605559941,0.022566263419,0.0282365440282,0.0244324727874,0.0926198558934,0.0871482723589,0.1690439114689,0.1057000959926,0.0271389862727,0,0.0263442070815,0.097812602642,0.0916069183852,0.0271147956321,0.0820061283874,0.0246184807141,0.0249268850225,0.0478931487954,0.0266280475396,0.0289535077125,0.1250016957864,0.1252110364617,0.098173175222,0.0219502218167,0.0906705997474,0.0240639503164,0.1022755795888,0.0226004163872,0.0229479058935
"1642.MS00615",0.022576697743,0.0355194872552,0.0407379297247,0.1036875008783,0.1015811102775,0.0268576175386,0.0243647354426,0.103822549552,0.1059737502144,0.104128530475,0.055794033977,0.0261237859646,0.0262776772745,0.0301434192103,0.027274922673,0.1037528409914,0.1020857148299,0.1591465213859,0.1112010772831,0.0303468259495,0.0263442070815,0,0.1062267037698,0.1063235628062,0.0330351251409,0.0937902808188,0.0276481951793,0.0263432705381,0.0515156414032,0.0297105514559,0.0338736227018,0.1286400505759,0.1258400050334,0.1057591701091,0.0258926259721,0.1046636134237,0.0252523754184,0.1062769581493,0.0250014619586,0.0277624009186
"2382.DPOO1.C1.HA.2.633.root.9.12.lane7.NoIndex.L007.sequences",0.0934147080637,0.1039519309477,0.0908642857791,0.0223627750765,0.044809930688,0.0931317729476,0.0841322705801,0.0394285609053,0.0378927515774,0.0374590409818,0.0999455161268,0.0880826027511,0.0878943143177,0.0923148900849,0.1082666080653,0.0368839744655,0.0361183146131,0.1063368420464,0.0127376685404,0.0954958561242,0.097812602642,0.1062267037698,0,0.0365488018199,0.0871111566383,0.0475462571358,0.0838573251655,0.0914433877545,0.1057170093079,0.0939431474356,0.0977745002433,0.0286853236595,0.0233977542506,0.0415358560458,0.1032025007215,0.0362984529817,0.1028876832961,0.0275447646181,0.106123158316,0.0920597309276
"2382.SH004.C1.RH.4.617.rhizo.9.12.lane7.NoIndex.L007.sequences",0.0914611096103,0.1036956234618,0.0845638958828,0.0367748818649,0.0451875216858,0.0889075107482,0.0866650978148,0.0318370140608,0.0252627200277,0.0364751825016,0.1024796732936,0.0877488592298,0.0854348517802,0.0922215233414,0.1058678365774,0.0185292905956,0.0255088220395,0.1050580634303,0.0340650875113,0.0921839922714,0.0916069183852,0.1063235628062,0.0365488018199,0,0.0833825104907,0.0346433920895,0.0825476483396,0.0887424202082,0.0951008990669,0.0895874146227,0.0942931552591,0.0497117789783,0.0536366332852,0.0515270941064,0.0982533814609,0.0223937584327,0.1002440052626,0.0287228406997,0.1051254568289,0.0890348669163
"1642.MS00428",0.0287115180932,0.0341776398671,0.0231167460936,0.0881754255019,0.0823137796648,0.0243476297082,0.0222430609239,0.0859011465579,0.0881849625128,0.0896132461587,0.0268823659801,0.0217020482007,0.0242423110505,0.019957343478,0.0284646089001,0.0824138504466,0.0854319215386,0.1660389665736,0.0938744467873,0.0225261115742,0.0271147956321,0.0330351251409,0.0871111566383,0.0833825104907,0,0.0736012434534,0.0200233117205,0.0229216913287,0.0359771786212,0.0196058835011,0.0245806998181,0.1081192266907,0.1097139837713,0.0829556670169,0.02961997047,0.0844471766478,0.0265458359244,0.0862797809664,0.0255028947324,0.0221672594051
"2382.GM.181.R4.rhizo.10.12.lane7.NoIndex.L007.sequences",0.0805417236101,0.0890055922723,0.0699572189489,0.0496797106263,0.0323472888685,0.0784738524571,0.0763240749311,0.0360144622305,0.0425178805383,0.0379713915556,0.0831831212449,0.0755413083575,0.0735171096329,0.0800860506296,0.0986572315747,0.0327520935101,0.0379220941008,0.1140656926664,0.0546272944783,0.082370413843,0.0820061283874,0.0937902808188,0.0475462571358,0.0346433920895,0.0736012434534,0,0.0706309629109,0.0768616515089,0.0809211756705,0.0813190606769,0.0852859801061,0.0472106563764,0.0620610033989,0.0406427597876,0.0897455661273,0.0322570948311,0.0915855310524,0.0413687077003,0.0955632968047,0.0791273155833
"1642.MS00401",0.0251267423506,0.03389822944,0.0234254645615,0.0871602254878,0.0816879730706,0.0221913060588,0.0218241907953,0.0821484886186,0.0866676305331,0.0882861161061,0.0353700916266,0.0206473540302,0.0218056087173,0.0213186634434,0.0270507369597,0.0835573186556,0.0827464654437,0.1661519872898,0.091279079345,0.0231052934011,0.0246184807141,0.0276481951793,0.0838573251655,0.0825476483396,0.0200233117205,0.0706309629109,0,0.0231395716382,0.0376914743179,0.0200959493185,0.0248145558122,0.1049116456771,0.1057719913763,0.0829284672498,0.0253426883348,0.0819238380046,0.0249765170597,0.0837304878475,0.0240765997419,0.0208424305162
"1642.MS00512",0.0252233415948,0.0289433941751,0.0310623953757,0.091635195905,0.086863627474,0.0230770815041,0.0217122451102,0.0904129466793,0.0917256484151,0.0911627093898,0.0434461547577,0.0191595576688,0.0216317894122,0.0221000133033,0.0246003175343,0.08869218376,0.0893222676854,0.1707073904885,0.0977655397201,0.0264894529975,0.0249268850225,0.0263432705381,0.0914433877545,0.0887424202082,0.0229216913287,0.0768616515089,0.0231395716382,0,0.0445240104165,0.0252118390627,0.0304552751498,0.115170217118,0.1129282023067,0.0885607058046,0.0272891505746,0.0888265497096,0.0231428860728,0.0916022506338,0.0245233917907,0.0211188023334
"1642.MS00374",0.0484269240816,0.0654918295684,0.0376590879591,0.10919782518,0.0873515145786,0.0440077340026,0.0443931348371,0.0918970694063,0.0992342621803,0.1117406711187,0.0502959222476,0.0486881079524,0.0453299832151,0.0499433487667,0.0519393177289,0.1067299721816,0.1050239349208,0.1676223303456,0.1021406227306,0.04964746516,0.0478931487954,0.0515156414032,0.1057170093079,0.0951008990669,0.0359771786212,0.0809211756705,0.0376914743179,0.0445240104165,0,0.0503508993162,0.0424480282299,0.1267894269898,0.1287647850083,0.0879697596123,0.0536995477712,0.0917301723845,0.0486622416712,0.1045873887577,0.0515734988479,0.0434115838767
"1642.MS00436",0.0297022304663,0.0367045598681,0.0237341420465,0.0933547388219,0.0923644282235,0.0259449058444,0.02343340712,0.09274934323,0.093650312373,0.095961834447,0.028190262904,0.0227928839693,0.0248396060258,0.02125393635,0.0273391596902,0.0899613863526,0.0897287273263,0.1566785581741,0.1007590698253,0.0208569620631,0.0266280475396,0.0297105514559,0.0939431474356,0.0895874146227,0.0196058835011,0.0813190606769,0.0200959493185,0.0252118390627,0.0503508993162,0,0.0240585241667,0.1177198183844,0.1180079219325,0.0921452328646,0.0278816247779,0.0907271115698,0.0267562059413,0.0930562848304,0.0254681813357,0.0223107149292
"1642.MS00412",0.0322029792857,0.0372728381708,0.0233206567488,0.0992109910229,0.093734538502,0.0283729270827,0.0291164836507,0.0941345102239,0.0984344789906,0.0992353152518,0.0299990068096,0.0270310432914,0.0292489466563,0.0239533922538,0.0308419486908,0.0963248156188,0.0928268308867,0.1669707525799,0.1057512639982,0.0242568250357,0.0289535077125,0.0338736227018,0.0977745002433,0.0942931552591,0.0245806998181,0.0852859801061,0.0248145558122,0.0304552751498,0.0424480282299,0.0240585241667,0,0.1248838547044,0.1246028122355,0.0946932675126,0.0333839940096,0.0936865092573,0.0339775703686,0.0992771427596,0.0298523315539,0.0255766639882
"2382.GM.181.R2.root.10.12.lane7.NoIndex.L007.sequences",0.1152396706603,0.1334345713122,0.1209799355878,0.0304661852042,0.0594810812136,0.1159421326845,0.1046381060627,0.0580603706208,0.0653458066964,0.0573666173159,0.1197257419434,0.1143260878206,0.1121197760358,0.1141007716782,0.1327994511683,0.0493107352516,0.0582490122352,0.07598124219,0.0298499852985,0.1193963323624,0.1250016957864,0.1286400505759,0.0286853236595,0.0497117789783,0.1081192266907,0.0472106563764,0.1049116456771,0.115170217118,0.1267894269898,0.1177198183844,0.1248838547044,0,0.0128278901327,0.034940767718,0.1303611508547,0.0513877401892,0.1274525044759,0.0316316257744,0.1277574796707,0.115223832772
"2382.HE003.C181.HA.1.753.root.9.12.lane7.NoIndex.L007.sequences",0.1122432890744,0.1322627288741,0.1278211626406,0.0304707933074,0.0610987341521,0.1162083419815,0.1043731705552,0.0477653899916,0.064765552487,0.049984469716,0.1175275796503,0.1147718127338,0.1115982278033,0.1135991834298,0.129922530504,0.052457147559,0.0587033912408,0.0900884022312,0.023695172805,0.1203218737353,0.1252110364617,0.1258400050334,0.0233977542506,0.0536366332852,0.1097139837713,0.0620610033989,0.1057719913763,0.1129282023067,0.1287647850083,0.1180079219325,0.1246028122355,0.0128278901327,0,0.0414429628263,0.1324081547481,0.053624179799,0.1251188477499,0.0335076243965,0.1267983161269,0.1157558860974
"2382.RU006.C181.RH.5.398.root.9.11.lane1.NoIndex.L001.sequences",0.0936471206682,0.1021230697597,0.0903038299228,0.0414788132638,0.0260052370973,0.0899926023067,0.0836875911339,0.0436880185303,0.0618869763296,0.0474675327187,0.0987687446057,0.0866875434153,0.0855696768444,0.0892052590864,0.1087168635166,0.0476330903096,0.0486116790815,0.1190049496211,0.047497150331,0.0921346579078,0.098173175222,0.1057591701091,0.0415358560458,0.0515270941064,0.0829556670169,0.0406427597876,0.0829284672498,0.0885607058046,0.0879697596123,0.0921452328646,0.0946932675126,0.034940767718,0.0414429628263,0,0.1013509031086,0.0478798958139,0.102080443311,0.0434093794056,0.1056295490939,0.0893198514828
"1642.MS00619",0.0247524497387,0.0337685454002,0.0378485062239,0.1041483653698,0.0962190998679,0.0232361422671,0.0264558492819,0.099044627867,0.0972362678376,0.096915113657,0.0558108306072,0.0254298868429,0.0249786081944,0.0309969628129,0.0260804050759,0.0979788561616,0.0914549575031,0.1726622955615,0.1105202593146,0.0284826294816,0.0219502218167,0.0258926259721,0.1032025007215,0.0982533814609,0.02961997047,0.0897455661273,0.0253426883348,0.0272891505746,0.0536995477712,0.0278816247779,0.0333839940096,0.1303611508547,0.1324081547481,0.1013509031086,0,0.0951485322722,0.0250451333184,0.1075899732351,0.0238672858351,0.0255851731759
"2382.SH008.C6.HA.1.SH008.rhizo.rhizo.9.12.lane7.NoIndex.L007.sequences",0.089321583833,0.0959922464936,0.0827535214086,0.0371837987211,0.0359842613525,0.087701947008,0.0853559088357,0.0297483704765,0.0266223470911,0.0279680271279,0.1021678284569,0.0867166663506,0.0841020402785,0.0927762203955,0.1069728875288,0.0250202039929,0.0180818192325,0.1181976337848,0.0391149745578,0.0906667923285,0.0906705997474,0.1046636134237,0.0362984529817,0.0223937584327,0.0844471766478,0.0322570948311,0.0819238380046,0.0888265497096,0.0917301723845,0.0907271115698,0.0936865092573,0.0513877401892,0.053624179799,0.0478798958139,0.0951485322722,0,0.1026835603688,0.0348913653162,0.1061829300131,0.0897783623256
"1642.MS00640",0.0265638723264,0.0346760093072,0.0377513857586,0.1010699644508,0.0985891356315,0.0239266415922,0.0207991761146,0.1036474621135,0.1041421301235,0.1017852447153,0.0495757338134,0.0221027963441,0.0244001208797,0.0267453931927,0.0217060699848,0.1002745775595,0.1003680627507,0.1676084761967,0.1100109126153,0.0271818191329,0.0240639503164,0.0252523754184,0.1028876832961,0.1002440052626,0.0265458359244,0.0915855310524,0.0249765170597,0.0231428860728,0.0486622416712,0.0267562059413,0.0339775703686,0.1274525044759,0.1251188477499,0.102080443311,0.0250451333184,0.1026835603688,0,0.1043992839643,0.0219398583286,0.023163793415
"2382.SH005.C3.RH.5.473.root.4.12.lane7.NoIndex.L007.sequences",0.0963786706782,0.1111429333861,0.0887887292475,0.0284748506657,0.0493933085329,0.0960121801888,0.0884552566454,0.0368927425469,0.0456250019051,0.0430199297786,0.1033337491075,0.0905636816855,0.0904896197822,0.0909053906737,0.1098348685816,0.0287575318904,0.0388787379265,0.1133362395652,0.0255292221035,0.0952035223505,0.1022755795888,0.1062769581493,0.0275447646181,0.0287228406997,0.0862797809664,0.0413687077003,0.0837304878475,0.0916022506338,0.1045873887577,0.0930562848304,0.0992771427596,0.0316316257744,0.0335076243965,0.0434093794056,0.1075899732351,0.0348913653162,0.1043992839643,0,0.1075098996236,0.0919177562296
"1642.MS00600",0.0263568648358,0.0368336529224,0.0356729336325,0.1051872772206,0.1060470844442,0.0240978422001,0.0212879315318,0.107842337172,0.1059876094424,0.1086399438397,0.0444931190163,0.0235280289025,0.024255241404,0.0252163971855,0.0238146447517,0.1039054868512,0.1053400781615,0.1659047329132,0.1140399398861,0.0269498933848,0.0226004163872,0.0250014619586,0.106123158316,0.1051254568289,0.0255028947324,0.0955632968047,0.0240765997419,0.0245233917907,0.0515734988479,0.0254681813357,0.0298523315539,0.1277574796707,0.1267983161269,0.1056295490939,0.0238672858351,0.1061829300131,0.0219398583286,0.1075098996236,0,0.0223558701091
"1642.MS00498",0.0257644312389,0.0344553971098,0.0309103935844,0.0902582605619,0.0881949684037,0.0236079841555,0.0210740692459,0.0903046280098,0.0908331305135,0.0913291256868,0.0421408005915,0.0194376453644,0.0220177392333,0.0220431750914,0.0238134036379,0.0880866187766,0.0888961569193,0.1770778153139,0.0992935903749,0.0229900979633,0.0229479058935,0.0277624009186,0.0920597309276,0.0890348669163,0.0221672594051,0.0791273155833,0.0208424305162,0.0211188023334,0.0434115838767,0.0223107149292,0.0255766639882,0.115223832772,0.1157558860974,0.0893198514828,0.0255851731759,0.0897783623256,0.023163793415,0.0919177562296,0.0223558701091,0
