"","1642.MS00516","1024.MU002.C3.HA.2.66.rhizo.6.11.G1.L00","1642.MS00621","2382.SH007.C6.RH.4.718.root.9.12.lane7.NoIndex.L007.sequences","2382.DPOO1.C1.HA.3.637.rhizo.9.12.lane7.NoIndex.L007.sequences","2382.SH005.C3.RH.4.55.root.6.11.lane1.NoIndex.L001.sequences","1642.MS00428","2382.DPOO1.C1.HA.5.447.rhizo.4.12.lane7.NoIndex.L007.sequences","2382.SH007.C6.RH.2.87.root.6.11.lane1.NoIndex.L001.sequences","1642.MS00472","2382.SH005.C3.RH.5.672.rhizo.9.12.lane7.NoIndex.L007.sequences","1642.MS00408","1642.MS00549","1642.MS00592","2382.RU006.C181.RH.4.592.rhizo.4.12.lane7.NoIndex.L007.sequences","1642.MS00336","2382.SH005.C3.RH.2.457.rhizo.4.12.lane7.NoIndex.L007.sequences","1642.MS00436","1642.MS00335","2382.SH004.C1.RH.4.617.rhizo.9.12.lane7.NoIndex.L007.sequences","2382.DPOO1.C1.HA.2.432.rhizo.4.12.lane7.NoIndex.L007.sequences","1642.MS00392","1642.MS00573","2382.SH005.C3.RH.5.59.root.6.11.lane1.NoIndex.L001.sequences","1642.MS00419","1642.MS00449","1642.MS00617","1642.MS00430","2382.SH004.C1.RH.1.603.root.9.12.lane7.NoIndex.L007.sequences","2382.SH007.C6.RH.3.713.root.9.12.lane7.NoIndex.L007.sequences","2382.SH005.C3.RH.2.657.rhizo.9.12.lane7.NoIndex.L007.sequences","2382.RU006.C181.RH.1.577.rhizo.4.12.lane7.NoIndex.L007.sequences","1642.MS00443","1642.MS00343","1642.MS00440","2382.GM.181.R2.root.10.12.lane7.NoIndex.L007.sequences","1642.MS00445","1642.MS00346","2382.SH008.C6.HA.5.548.root.4.12.lane7.NoIndex.L007.sequences","2382.RU006.C181.RH.2.782.rhizo.9.12.lane7.NoIndex.L007.sequences"
"1642.MS00516",0,1,-0.953,1,1,1,-0.952,1,1,-0.565,1,-1,-1,-1,1,0.928,1,-0.6,0.186,1,1,-0.968,-1,1,-0.255,-0.918,-0.92,-0.811,1,1,1,1,-0.922,0.921,-0.974,1,-0.93,0.744,1,1
"1024.MU002.C3.HA.2.66.rhizo.6.11.G1.L00",1,0,1,0.996,-0.552,0.982,1,-0.135,0.98,1,0.382,1,1,1,1,1,0.992,1,1,0.431,-0.214,1,1,0.922,1,1,1,1,0.946,0.919,0.00800000000000001,1,1,1,1,0.947,1,1,0.982,1
"1642.MS00621",-0.953,1,0,1,1,1,-0.653,1,1,-0.724,1,-0.882,-1,-1,1,1,1,-0.755,0.923,1,1,-0.562,-0.98,1,-0.379,-0.92,-0.998,-0.534,1,1,1,1,-0.836,0.892,-0.889,1,-0.671,0.972,1,1
"2382.SH007.C6.RH.4.718.root.9.12.lane7.NoIndex.L007.sequences",1,0.996,1,0,1,-0.996,1,1,-0.996,1,1,1,1,1,1,1,0.984,1,1,0.994,1,1,1,-1,1,1,1,1,-1,-0.998,0.986,1,1,1,1,-1,1,1,-1,1
"2382.DPOO1.C1.HA.3.637.rhizo.9.12.lane7.NoIndex.L007.sequences",1,-0.552,1,1,0,1,1,-1,1,1,-0.394,1,1,1,1,1,0.984,1,1,-0.82,-0.992,1,1,1,1,1,1,1,0.992,0.972,-0.477,1,1,1,1,0.994,1,1,0.998,1
"2382.SH005.C3.RH.4.55.root.6.11.lane1.NoIndex.L001.sequences",1,0.982,1,-0.996,1,0,1,1,-0.998,1,0.936,1,1,1,1,1,1,1,1,0.996,1,1,1,-1,1,1,1,1,-1,-0.976,0.851,1,1,1,1,-0.996,1,1,-0.992,1
"1642.MS00428",-0.952,1,-0.653,1,1,1,0,1,1,-0.79,1,-1,-0.996,-0.848,1,-0.763,1,-0.998,-0.951,1,1,-1,-0.97,1,-0.971,-0.882,0.417,-1,1,1,1,1,-0.848,-0.655,-1,1,-0.99,-0.774,1,1
"2382.DPOO1.C1.HA.5.447.rhizo.4.12.lane7.NoIndex.L007.sequences",1,-0.135,1,1,-1,1,1,0,1,1,0.341,1,1,1,1,1,0.934,1,1,-0.612,-0.99,1,1,1,1,1,1,1,0.996,0.95,-0.208,0.998,1,1,1,0.992,1,1,1,1
"2382.SH007.C6.RH.2.87.root.6.11.lane1.NoIndex.L001.sequences",1,0.98,1,-0.996,1,-0.998,1,1,0,1,1,1,1,1,1,1,0.962,1,1,1,1,1,1,-1,1,1,1,1,-0.944,-0.086,0.998,1,1,1,1,-0.944,1,1,-1,1
"1642.MS00472",-0.565,1,-0.724,1,1,1,-0.79,1,1,0,1,-0.491,-0.93,-0.483,1,0.791,1,-0.00900000000000001,0.613,1,1,-0.608,-0.65,1,0.597,0.151,0.241,-0.594,1,1,1,1,0.312,0.952,-0.948,1,-0.25,0.965,1,1
"2382.SH005.C3.RH.5.672.rhizo.9.12.lane7.NoIndex.L007.sequences",1,0.382,1,1,-0.394,0.936,1,0.341,1,1,0,1,1,1,1,1,0.978,1,1,-0.022,-0.718,1,1,0.998,1,1,1,1,0.996,0.71,-1,0.631,1,1,1,0.97,1,1,1,1
"1642.MS00408",-1,1,-0.882,1,1,1,-1,1,1,-0.491,1,0,-1,-0.964,1,-0.171,1,-0.944,-0.98,1,1,-1,-0.998,1,-0.997,-0.998,-0.782,-0.992,1,1,1,1,-0.986,0.161,-1,1,-0.99,-0.695,1,1
"1642.MS00549",-1,1,-1,1,1,1,-0.996,1,1,-0.93,1,-1,0,-1,1,0.962,1,-0.936,0.237,1,1,-0.971,-1,1,-0.724,-0.994,-1,-0.978,1,1,1,1,-0.98,0.76,-1,1,-0.979,0.771,1,1
"1642.MS00592",-1,1,-1,1,1,1,-0.848,1,1,-0.483,1,-0.964,-1,0,1,1,1,-0.7,0.862,1,1,-0.698,-0.996,1,-0.44,-0.984,-1,-0.734,1,1,1,1,-0.963,0.935,-0.821,1,-0.93,0.986,1,1
"2382.RU006.C181.RH.4.592.rhizo.4.12.lane7.NoIndex.L007.sequences",1,1,1,1,1,1,1,1,1,1,1,1,1,1,0,1,1,1,1,1,1,1,1,1,1,1,1,1,1,1,1,-0.98,1,1,1,0.998,1,1,1,-1
"1642.MS00336",0.928,1,1,1,1,1,-0.763,1,1,0.791,1,-0.171,0.962,1,1,0,1,0.511,-1,1,1,-0.978,0.59,1,0.905,0.976,1,0.194,1,1,1,1,0.982,0.796,-0.532,1,0.677,-0.543,1,1
"2382.SH005.C3.RH.2.457.rhizo.4.12.lane7.NoIndex.L007.sequences",1,0.992,1,0.984,0.984,1,1,0.934,0.962,1,0.978,1,1,1,1,1,0,1,1,-0.897,1,1,1,0.868,1,1,1,1,1,0.992,0.869,1,1,1,1,0.996,1,1,0.912,1
"1642.MS00436",-0.6,1,-0.755,1,1,1,-0.998,1,1,-0.00900000000000001,1,-0.944,-0.936,-0.7,1,0.511,1,0,-0.488,1,1,-0.867,-0.374,1,-0.986,-0.988,-0.254,-1,1,1,1,1,-0.94,-0.792,-0.996,1,-0.996,0.196,1,1
"1642.MS00335",0.186,1,0.923,1,1,1,-0.951,1,1,0.613,1,-0.98,0.237,0.862,1,-1,1,-0.488,0,1,1,-1,-0.369,1,-0.297,0.0980000000000001,0.994,-0.464,1,1,1,1,0.415,-0.079,-0.823,1,0.131,-0.791,1,1
"2382.SH004.C1.RH.4.617.rhizo.9.12.lane7.NoIndex.L007.sequences",1,0.431,1,0.994,-0.82,0.996,1,-0.612,1,1,-0.022,1,1,1,1,1,-0.897,1,1,0,0.753,1,1,0.953,1,1,1,1,0.977,0.977,-0.442,1,1,1,1,0.965,1,1,0.92,1
"2382.DPOO1.C1.HA.2.432.rhizo.4.12.lane7.NoIndex.L007.sequences",1,-0.214,1,1,-0.992,1,1,-0.99,1,1,-0.718,1,1,1,1,1,1,1,1,0.753,0,1,1,1,1,1,1,1,1,0.935,-0.846,0.916,1,1,1,0.983,1,1,1,1
"1642.MS00392",-0.968,1,-0.562,1,1,1,-1,1,1,-0.608,1,-1,-0.971,-0.698,1,-0.978,1,-0.867,-1,1,1,0,-0.996,1,-0.79,-0.798,0.401,-0.974,1,1,1,1,-0.657,0.184,-0.996,1,-0.784,-0.642,1,1
"1642.MS00573",-1,1,-0.98,1,1,1,-0.97,1,1,-0.65,1,-0.998,-1,-0.996,1,0.59,1,-0.374,-0.369,1,1,-0.996,0,1,0.349,-0.705,-0.919,-0.378,1,1,1,1,-0.342,0.94,-0.918,1,-0.577,0.279,1,1
"2382.SH005.C3.RH.5.59.root.6.11.lane1.NoIndex.L001.sequences",1,0.922,1,-1,1,-1,1,1,-1,1,0.998,1,1,1,1,1,0.868,1,1,0.953,1,1,1,0,1,1,1,1,-0.998,-0.729,0.992,1,1,1,1,-0.992,1,1,-1,1
"1642.MS00419",-0.255,1,-0.379,1,1,1,-0.971,1,1,0.597,1,-0.997,-0.724,-0.44,1,0.905,1,-0.986,-0.297,1,1,-0.79,0.349,1,0,-1,-0.463,-1,1,1,1,1,-1,-0.363,-0.934,1,-0.986,0.606,1,1
"1642.MS00449",-0.918,1,-0.92,1,1,1,-0.882,1,1,0.151,1,-0.998,-0.994,-0.984,1,0.976,1,-0.988,0.0980000000000001,1,1,-0.798,-0.705,1,-1,0,-0.984,-1,1,1,1,1,-1,0.506,-0.982,1,-1,0.92,1,1
"1642.MS00617",-0.92,1,-0.998,1,1,1,0.417,1,1,0.241,1,-0.782,-1,-1,1,1,1,-0.254,0.994,1,1,0.401,-0.919,1,-0.463,-0.984,0,-0.324,1,1,1,1,-0.97,0.994,-0.288,1,-0.671,0.998,1,1
"1642.MS00430",-0.811,1,-0.534,1,1,1,-1,1,1,-0.594,1,-0.992,-0.978,-0.734,1,0.194,1,-1,-0.464,1,1,-0.974,-0.378,1,-1,-1,-0.324,0,1,1,1,1,-0.996,-0.3,-1,1,-1,0.722,1,1
"2382.SH004.C1.RH.1.603.root.9.12.lane7.NoIndex.L007.sequences",1,0.946,1,-1,0.992,-1,1,0.996,-0.944,1,0.996,1,1,1,1,1,1,1,1,0.977,1,1,1,-0.998,1,1,1,1,0,-1,0.956,1,1,1,1,-1,1,1,-1,1
"2382.SH007.C6.RH.3.713.root.9.12.lane7.NoIndex.L007.sequences",1,0.919,1,-0.998,0.972,-0.976,1,0.95,-0.086,1,0.71,1,1,1,1,1,0.992,1,1,0.977,0.935,1,1,-0.729,1,1,1,1,-1,0,0.526,0.884,1,1,1,-1,1,1,-0.966,0.994
"2382.SH005.C3.RH.2.657.rhizo.9.12.lane7.NoIndex.L007.sequences",1,0.00800000000000001,1,0.986,-0.477,0.851,1,-0.208,0.998,1,-1,1,1,1,1,1,0.869,1,1,-0.442,-0.846,1,1,0.992,1,1,1,1,0.956,0.526,0,0.633,1,1,1,0.908,1,1,0.988,1
"2382.RU006.C181.RH.1.577.rhizo.4.12.lane7.NoIndex.L007.sequences",1,1,1,1,1,1,1,0.998,1,1,0.631,1,1,1,-0.98,1,1,1,1,1,0.916,1,1,1,1,1,1,1,1,0.884,0.633,0,1,1,1,0.982,1,1,1,-1
"1642.MS00443",-0.922,1,-0.836,1,1,1,-0.848,1,1,0.312,1,-0.986,-0.98,-0.963,1,0.982,1,-0.94,0.415,1,1,-0.657,-0.342,1,-1,-1,-0.97,-0.996,1,1,1,1,0,0.822,-0.912,1,-0.998,0.984,1,1
"1642.MS00343",0.921,1,0.892,1,1,1,-0.655,1,1,0.952,1,0.161,0.76,0.935,1,0.796,1,-0.792,-0.079,1,1,0.184,0.94,1,-0.363,0.506,0.994,-0.3,1,1,1,1,0.822,0,0.071,1,0.178,-0.998,1,1
"1642.MS00440",-0.974,1,-0.889,1,1,1,-1,1,1,-0.948,1,-1,-1,-0.821,1,-0.532,1,-0.996,-0.823,1,1,-0.996,-0.918,1,-0.934,-0.982,-0.288,-1,1,1,1,1,-0.912,0.071,0,1,-0.992,0.356,1,1
"2382.GM.181.R2.root.10.12.lane7.NoIndex.L007.sequences",1,0.947,1,-1,0.994,-0.996,1,0.992,-0.944,1,0.97,1,1,1,0.998,1,0.996,1,1,0.965,0.983,1,1,-0.992,1,1,1,1,-1,-1,0.908,0.982,1,1,1,0,1,1,-1,0.996
"1642.MS00445",-0.93,1,-0.671,1,1,1,-0.99,1,1,-0.25,1,-0.99,-0.979,-0.93,1,0.677,1,-0.996,0.131,1,1,-0.784,-0.577,1,-0.986,-1,-0.671,-1,1,1,1,1,-0.998,0.178,-0.992,1,0,0.797,1,1
"1642.MS00346",0.744,1,0.972,1,1,1,-0.774,1,1,0.965,1,-0.695,0.771,0.986,1,-0.543,1,0.196,-0.791,1,1,-0.642,0.279,1,0.606,0.92,0.998,0.722,1,1,1,1,0.984,-0.998,0.356,1,0.797,0,1,1
"2382.SH008.C6.HA.5.548.root.4.12.lane7.NoIndex.L007.sequences",1,0.982,1,-1,0.998,-0.992,1,1,-1,1,1,1,1,1,1,1,0.912,1,1,0.92,1,1,1,-1,1,1,1,1,-1,-0.966,0.988,1,1,1,1,-1,1,1,0,1
"2382.RU006.C181.RH.2.782.rhizo.9.12.lane7.NoIndex.L007.sequences",1,1,1,1,1,1,1,1,1,1,1,1,1,1,-1,1,1,1,1,1,1,1,1,1,1,1,1,1,1,0.994,1,-1,1,1,1,0.996,1,1,1,0
