"","1642.MS00397","1642.MS00435","1642.MS00573","2382.MU002.C3.HA.4.692.rhizo.9.12.lane7.NoIndex.L007.sequences","2382.SH004.C1.RH.4.618.root.9.12.lane7.NoIndex.L007.sequences","2382.MU002.C3.HA.2.67.root.6.11.lane1.NoIndex.L001.sequences","1642.MS00410","2382.DPOO1.C1.HA.3.437.rhizo.4.12.lane7.NoIndex.L007.sequences","1642.MS00409","1642.MS00519","2382.SH004.C1.RH.1.603.root.9.12.lane7.NoIndex.L007.sequences","1642.MS00635","2382.SH005.C3.RH.3.662.rhizo.9.12.lane7.NoIndex.L007.sequences","1642.MS00531","1642.MS00558","2382.MU002.C3.HA.1.677.rhizo.9.12.lane7.NoIndex.L007.sequences","2382.DPOO1.C1.HA.3.637.rhizo.9.12.lane7.NoIndex.L007.sequences","1642.MS00413","1642.MS00430","1642.MS00393","2382.RU006.C181.RH.1.577.rhizo.4.12.lane7.NoIndex.L007.sequences","1642.MS00423","1642.MS00574","1642.MS00343","2382.SH005.C3.RH.1.653.root.9.12.lane7.NoIndex.L007.sequences","2382.RU006.C181.RH.2.383.root.9.11.lane1.NoIndex.L001.sequences","1642.MS00487","2382.MU002.C3.HA.2.482.rhizo.4.12.lane7.NoIndex.L007.sequences","1642.MS00524","1642.MS00640","2382.HE003.C181.HA.1.753.root.9.12.lane7.NoIndex.L007.sequences","2382.HE003.C181.HA.4.567.rhizo.4.12.lane7.NoIndex.L007.sequences","1642.MS00365","1642.MS00577","1642.MS00485","2382.HE003.C181.HA.5.573.root.4.12.lane7.NoIndex.L007.sequences","2382.MU002.C3.HA.4.75.root.6.11.lane1.NoIndex.L001.sequences","1642.MS00502","1642.MS00346","1642.MS00472"
"1642.MS00397",0,0.020209706839,0.0216251782887,0.0870677960177,0.0904834052493,0.0863931638247,0.0196092150807,0.0756633520966,0.0173543693841,0.023837798203,0.0979219549331,0.024677099457,0.0954473040914,0.0231737084844,0.0251071150327,0.0834062816923,0.0798434734263,0.0200780207645,0.0197673178638,0.0181160106865,0.0728168958799,0.0202013829073,0.0213720749856,0.023686894287,0.0889352265022,0.0803249399115,0.0243040225509,0.0759334066285,0.0245485029351,0.0246518408814,0.102287758489,0.0750941308961,0.0250620711187,0.0199954485517,0.0214649244678,0.0989397439051,0.0840134530601,0.0217789877159,0.0241130085905,0.0210436594362
"1642.MS00435",0.020209706839,0,0.0228966396265,0.0794420004644,0.0988496609869,0.0915649311837,0.0195401913149,0.0727431344996,0.020095126658,0.0264685812723,0.1046206824021,0.0247586487482,0.0785683606828,0.0245919153338,0.0258452696031,0.076937972724,0.0778613639736,0.020876962226,0.0193942027012,0.0205218405114,0.0747518297106,0.020948759325,0.0225991396029,0.0234144367275,0.0936358730771,0.0871618155899,0.0255992901598,0.0724995954658,0.024817102796,0.0271779260448,0.109713623006,0.0803477133134,0.0254072036644,0.0239899348945,0.0263156953427,0.1029076586263,0.0856101333064,0.0248115211309,0.0259179554629,0.0236491225725
"1642.MS00573",0.0216251782887,0.0228966396265,0,0.0883518809375,0.0970211071051,0.0939717831299,0.0216065781712,0.0797033363104,0.0193149939247,0.0232466957903,0.0951395167939,0.0208763076663,0.1011699691594,0.0224467621076,0.0236681228086,0.0873865540944,0.0836586183723,0.0229512010196,0.0224882080717,0.0216000559098,0.0771912379693,0.021778767812,0.0200812569853,0.031758062331,0.0923672519319,0.0955708300235,0.0204996537215,0.0795842860905,0.0227990866702,0.0229705091539,0.1087206728443,0.0799627219266,0.0346447899531,0.0181426252849,0.0216401447129,0.0969356151189,0.0892052752264,0.0199127984328,0.0329557789556,0.0213012130524
"2382.MU002.C3.HA.4.692.rhizo.9.12.lane7.NoIndex.L007.sequences",0.0870677960177,0.0794420004644,0.0883518809375,0,0.0636740282703,0.0456767898209,0.0887705184644,0.0330586964081,0.0841476894346,0.1049594531693,0.0608740948397,0.1010044954924,0.0276431399808,0.1072456538546,0.0958087260735,0.0244010993214,0.0322009525638,0.0883063521865,0.0911711463519,0.0860232171148,0.0512330157999,0.0850296780638,0.0918884895002,0.0891747194722,0.0458658181521,0.0626710337554,0.1124422741251,0.0279019153538,0.0936395871448,0.1059290484523,0.068152360767,0.0464241509206,0.0875550195065,0.0936760840602,0.1128357893748,0.0568181802375,0.0379871218399,0.0956596307424,0.0857365610522,0.0882230387369
"2382.SH004.C1.RH.4.618.root.9.12.lane7.NoIndex.L007.sequences",0.0904834052493,0.0988496609869,0.0970211071051,0.0636740282703,0,0.0224557537618,0.1019308768712,0.0587037054524,0.0874404568784,0.1069903240333,0.0146627451471,0.1087984201369,0.0602775336354,0.1130398556611,0.1084872746975,0.0495093751433,0.0515789429556,0.1005821658327,0.0949837110482,0.0945453885409,0.0646440570065,0.0950013495073,0.1032285523437,0.0975959261504,0.0264966655587,0.0424024684445,0.1201466975374,0.0530751605756,0.1140000976003,0.108741859775,0.0279036679229,0.0592022127874,0.09381009691,0.0983762034244,0.120355163645,0.0259320735832,0.0204225730883,0.09585208842,0.0827515542961,0.0930357990726
"2382.MU002.C3.HA.2.67.root.6.11.lane1.NoIndex.L001.sequences",0.0863931638247,0.0915649311837,0.0939717831299,0.0456767898209,0.0224557537618,0,0.0956017656646,0.041714383644,0.0826280001207,0.1023502760582,0.015882041345,0.1076375040048,0.0597900324519,0.1103417313536,0.0989218133641,0.0348644101636,0.0405393604066,0.0956556964617,0.0870480315927,0.090462395035,0.0516460396281,0.091939860243,0.1021170392682,0.0884561705096,0.0157033831999,0.0362155755437,0.1192371225809,0.0408986534193,0.1055444018796,0.1081770623266,0.0206248375543,0.0450099144717,0.0839773173583,0.0956085060968,0.1142355199423,0.0193542579761,0.0178026703842,0.0926203483965,0.0738430711771,0.0922085014032
"1642.MS00410",0.0196092150807,0.0195401913149,0.0216065781712,0.0887705184644,0.1019308768712,0.0956017656646,0,0.0755553909403,0.0179382264194,0.025899751728,0.1089689084747,0.025689280005,0.0830674230078,0.0235868773996,0.0221138362069,0.0841966703391,0.0799587232822,0.0190898360554,0.0194926735499,0.0193326745362,0.0788618442593,0.019181341471,0.0216631960747,0.0262967173256,0.0967473569945,0.0905260461315,0.0255084590745,0.0773476633883,0.0211659326789,0.027463310285,0.1113516214654,0.0793828779914,0.0285544611642,0.0227838666696,0.024809906378,0.1032824629238,0.0897514905923,0.0234612930662,0.0302520331409,0.0231747804861
"2382.DPOO1.C1.HA.3.437.rhizo.4.12.lane7.NoIndex.L007.sequences",0.0756633520966,0.0727431344996,0.0797033363104,0.0330586964081,0.0587037054524,0.041714383644,0.0755553909403,0,0.0713384753654,0.0944817193114,0.0518189685056,0.0928744926237,0.0252236841047,0.0954266408281,0.0828874977952,0.0280128253768,0.0216270086132,0.078810663837,0.0802760804067,0.0761600021448,0.0419059976492,0.0734265335653,0.080424612917,0.0801871612379,0.0499960098931,0.05672871901,0.0993639977745,0.026536798418,0.0841804840404,0.0941143774096,0.0617440120321,0.0292201224077,0.0779763632498,0.084754790553,0.1020538290785,0.0479735873412,0.038122919177,0.0843092587371,0.0778794216917,0.0802759063295
"1642.MS00409",0.0173543693841,0.020095126658,0.0193149939247,0.0841476894346,0.0874404568784,0.0826280001207,0.0179382264194,0.0713384753654,0,0.0209685992533,0.0952591344879,0.0231251740743,0.103946768841,0.0210506276852,0.0223541642931,0.0802294061769,0.0762817243076,0.018134880368,0.0188013443463,0.0176026928386,0.0706552221563,0.0181120337184,0.0205199988728,0.0241102853633,0.0863707738225,0.0762991180501,0.019887023032,0.0729182803123,0.022650046263,0.0243528775837,0.0980779360474,0.07255510509,0.0257814833847,0.0192614279108,0.0207570625793,0.0936429326048,0.0810043931223,0.0198398080863,0.0262277109595,0.0202596492519
"1642.MS00519",0.023837798203,0.0264685812723,0.0232466957903,0.1049594531693,0.1069903240333,0.1023502760582,0.025899751728,0.0944817193114,0.0209685992533,0,0.1167507281111,0.0220110626867,0.1161162281854,0.0236729612458,0.0253771910456,0.1000701645819,0.0988962092594,0.0253674056707,0.0224483359666,0.0255718244907,0.0941568051033,0.0272585612021,0.0240793147182,0.0356262479989,0.1066014619416,0.1015345804536,0.0204503750144,0.0965884151164,0.0276007906313,0.0210918595303,0.1204108184597,0.0968752582571,0.0372631100944,0.0213487854104,0.019806285934,0.1152259317451,0.1005276592632,0.0185766747582,0.0386329199393,0.0219782305024
"2382.SH004.C1.RH.1.603.root.9.12.lane7.NoIndex.L007.sequences",0.0979219549331,0.1046206824021,0.0951395167939,0.0608740948397,0.0146627451471,0.015882041345,0.1089689084747,0.0518189685056,0.0952591344879,0.1167507281111,0,0.118163401095,0.0550833925324,0.1221568721382,0.1149201255116,0.0471980542327,0.0492698494466,0.1089897354492,0.093526923956,0.1004452685473,0.057460650759,0.1030862382921,0.1119394065832,0.1027055555927,0.0155224466737,0.0358623801693,0.1305490142921,0.0508206745525,0.1228132445719,0.1189624390614,0.0147675459444,0.05684446096,0.0990529550517,0.1059453814327,0.1263257490878,0.0150581664013,0.0214080358753,0.1049370142161,0.0776038279095,0.0960687907579
"1642.MS00635",0.024677099457,0.0247586487482,0.0208763076663,0.1010044954924,0.1087984201369,0.1076375040048,0.025689280005,0.0928744926237,0.0231251740743,0.0220110626867,0.118163401095,0,0.0980855540716,0.022076204517,0.0269075410929,0.098086987449,0.09530926556,0.0261205584011,0.0246397501507,0.0245447850788,0.0910837029442,0.02494313165,0.0221887565715,0.037435951685,0.1071733211839,0.1004091118592,0.0227792461403,0.0914270346541,0.0265762760268,0.0205291020458,0.1204534533678,0.0970371512671,0.0384680226195,0.0202729480319,0.0223341350057,0.1157959578906,0.0999032833779,0.02129192842,0.0414041354458,0.0227851468231
"2382.SH005.C3.RH.3.662.rhizo.9.12.lane7.NoIndex.L007.sequences",0.0954473040914,0.0785683606828,0.1011699691594,0.0276431399808,0.0602775336354,0.0597900324519,0.0830674230078,0.0252236841047,0.103946768841,0.1161162281854,0.0550833925324,0.0980855540716,0,0.1037360274852,0.0999311685372,0.0240306917828,0.0286258333897,0.0906418948946,0.0879085056982,0.0974912312825,0.0372377839385,0.0809054365772,0.0881153447472,0.0883361510377,0.0506424156817,0.059378001701,0.1118987962292,0.0241061264097,0.0870374573355,0.1036933564316,0.063433316122,0.0290093786143,0.0931437699797,0.1056836470522,0.11098177161,0.0497745901553,0.0460240020424,0.113231050384,0.0950555590384,0.0871667572865
"1642.MS00531",0.0231737084844,0.0245919153338,0.0224467621076,0.1072456538546,0.1130398556611,0.1103417313536,0.0235868773996,0.0954266408281,0.0210506276852,0.0236729612458,0.1221568721382,0.022076204517,0.1037360274852,0,0.0255917074169,0.1006958235533,0.0981334659448,0.0246657507615,0.0237388813147,0.0235101999291,0.0908209669279,0.0240360627971,0.0214874090761,0.0355535889283,0.1105191970835,0.1033242285888,0.0215736661587,0.0948512016623,0.0237188131192,0.0225131642455,0.1250600908709,0.098295417189,0.0389111214184,0.0205440476832,0.0184899712957,0.1204012682822,0.1058344398643,0.020528856281,0.0394678032117,0.0215328450775
"1642.MS00558",0.0251071150327,0.0258452696031,0.0236681228086,0.0958087260735,0.1084872746975,0.0989218133641,0.0221138362069,0.0828874977952,0.0223541642931,0.0253771910456,0.1149201255116,0.0269075410929,0.0999311685372,0.0255917074169,0,0.0908708207647,0.0865497234068,0.024012785974,0.0240521751824,0.0252267909581,0.0846691242797,0.02468803827,0.0239986679834,0.0382636783897,0.1036633826625,0.093854791181,0.0238608022707,0.0830351100513,0.0235967211318,0.0251735198849,0.1163058376991,0.0889113404711,0.0423711943605,0.0240246294298,0.0245678895828,0.10761607952,0.0942150097158,0.0237501851682,0.0437678551886,0.0267642067624
"2382.MU002.C3.HA.1.677.rhizo.9.12.lane7.NoIndex.L007.sequences",0.0834062816923,0.076937972724,0.0873865540944,0.0244010993214,0.0495093751433,0.0348644101636,0.0841966703391,0.0280128253768,0.0802294061769,0.1000701645819,0.0471980542327,0.098086987449,0.0240306917828,0.1006958235533,0.0908708207647,0,0.0267203156322,0.0857027491847,0.0866058162946,0.0823658606436,0.0475498227303,0.0823368604873,0.0889710701014,0.0820734641008,0.0378371041418,0.057921835353,0.1071484339864,0.0212150700025,0.0905230518759,0.1016794250005,0.0601842015937,0.0368784656348,0.0822366316973,0.0904590705278,0.1065171816525,0.0479779433495,0.0276970071887,0.0888069762303,0.077293977559,0.085819720333
"2382.DPOO1.C1.HA.3.637.rhizo.9.12.lane7.NoIndex.L007.sequences",0.0798434734263,0.0778613639736,0.0836586183723,0.0322009525638,0.0515789429556,0.0405393604066,0.0799587232822,0.0216270086132,0.0762817243076,0.0988962092594,0.0492698494466,0.09530926556,0.0286258333897,0.0981334659448,0.0865497234068,0.0267203156322,0,0.0828610398845,0.0839203239645,0.0793085896495,0.0487636978881,0.0769537998447,0.0846446994671,0.0843317248247,0.0522608759603,0.0613239995792,0.0998544894788,0.0271558202767,0.0895885125371,0.0974098291596,0.0633279554831,0.0361429911906,0.081823006249,0.0886025302796,0.1038601781978,0.0510572076411,0.0333112358749,0.0876789713262,0.0791067713766,0.0838687868572
"1642.MS00413",0.0200780207645,0.020876962226,0.0229512010196,0.0883063521865,0.1005821658327,0.0956556964617,0.0190898360554,0.078810663837,0.018134880368,0.0253674056707,0.1089897354492,0.0261205584011,0.0906418948946,0.0246657507615,0.024012785974,0.0857027491847,0.0828610398845,0,0.0210231353788,0.0198804478704,0.0768541851747,0.0224771426963,0.0229519744602,0.0270917562078,0.0979809395667,0.0908081064938,0.0231169689023,0.0782137659356,0.0228691328497,0.0278463034647,0.1146246419647,0.0818837264482,0.0268400855072,0.0229411784152,0.025366539721,0.1060393245042,0.0904449867631,0.0244208260451,0.0274419614953,0.0214051437644
"1642.MS00430",0.0197673178638,0.0193942027012,0.0224882080717,0.0911711463519,0.0949837110482,0.0870480315927,0.0194926735499,0.0802760804067,0.0188013443463,0.0224483359666,0.093526923956,0.0246397501507,0.0879085056982,0.0237388813147,0.0240521751824,0.0866058162946,0.0839203239645,0.0210231353788,0,0.0197118786859,0.0800095314845,0.0203021591548,0.023617727859,0.0239992431915,0.0897554260009,0.0853249957823,0.02289797615,0.0799455632617,0.0252769538039,0.024773359668,0.100492786628,0.0859085830313,0.025921280379,0.0213440666453,0.0224853568312,0.093733868051,0.0873373654,0.0228541750392,0.0274220033509,0.0219173632991
"1642.MS00393",0.0181160106865,0.0205218405114,0.0216000559098,0.0860232171148,0.0945453885409,0.090462395035,0.0193326745362,0.0761600021448,0.0176026928386,0.0255718244907,0.1004452685473,0.0245447850788,0.0974912312825,0.0235101999291,0.0252267909581,0.0823658606436,0.0793085896495,0.0198804478704,0.0197118786859,0,0.0714128928602,0.0191653625782,0.0216835773387,0.0230611757608,0.0887107440085,0.0815244695767,0.0235157273847,0.0754059757801,0.0246894036888,0.0258190985867,0.1024438074402,0.079058422784,0.0250285449554,0.0201502049821,0.0229216103377,0.0992152050593,0.087810462194,0.0227277781109,0.0247699003059,0.02026484922
"2382.RU006.C181.RH.1.577.rhizo.4.12.lane7.NoIndex.L007.sequences",0.0728168958799,0.0747518297106,0.0771912379693,0.0512330157999,0.0646440570065,0.0516460396281,0.0788618442593,0.0419059976492,0.0706552221563,0.0941568051033,0.057460650759,0.0910837029442,0.0372377839385,0.0908209669279,0.0846691242797,0.0475498227303,0.0487636978881,0.0768541851747,0.0800095314845,0.0714128928602,0,0.0698714990231,0.0794348242131,0.0753279353557,0.053859404087,0.0322456196904,0.0925139510335,0.038284641395,0.084638827147,0.0901635512404,0.0604727008319,0.0323529570038,0.0756244604924,0.0819065515667,0.0954937309132,0.0505635953696,0.0578372078466,0.0784460405885,0.0702480492389,0.077986618413
"1642.MS00423",0.0202013829073,0.020948759325,0.021778767812,0.0850296780638,0.0950013495073,0.091939860243,0.019181341471,0.0734265335653,0.0181120337184,0.0272585612021,0.1030862382921,0.02494313165,0.0809054365772,0.0240360627971,0.02468803827,0.0823368604873,0.0769537998447,0.0224771426963,0.0203021591548,0.0191653625782,0.0698714990231,0,0.0212951424723,0.0264359542735,0.0914905244974,0.0824642720089,0.0242433430541,0.0725036512426,0.0253516072522,0.027677364378,0.1071356710677,0.0779115257372,0.0297039979857,0.0218888270777,0.022863552467,0.1027528507786,0.0863147213109,0.0226566819221,0.028503539262,0.0221875117115
"1642.MS00574",0.0213720749856,0.0225991396029,0.0200812569853,0.0918884895002,0.1032285523437,0.1021170392682,0.0216631960747,0.080424612917,0.0205199988728,0.0240793147182,0.1119394065832,0.0221887565715,0.0881153447472,0.0214874090761,0.0239986679834,0.0889710701014,0.0846446994671,0.0229519744602,0.023617727859,0.0216835773387,0.0794348242131,0.0212951424723,0,0.0320266517658,0.0988232545097,0.1002626132549,0.0216622478613,0.0817656380186,0.0223564785897,0.0224015735757,0.1211067346889,0.0839160937324,0.0352542529049,0.0192245750759,0.0215912803301,0.1108964814565,0.0948751631024,0.0212598899632,0.0349151737349,0.0225334129708
"1642.MS00343",0.023686894287,0.0234144367275,0.031758062331,0.0891747194722,0.0975959261504,0.0884561705096,0.0262967173256,0.0801871612379,0.0241102853633,0.0356262479989,0.1027055555927,0.037435951685,0.0883361510377,0.0355535889283,0.0382636783897,0.0820734641008,0.0843317248247,0.0270917562078,0.0239992431915,0.0230611757608,0.0753279353557,0.0264359542735,0.0320266517658,0,0.090121753667,0.0842029045969,0.0390542941909,0.0804204615558,0.0393924612598,0.038415496372,0.1032546772329,0.0899813901141,0.0196105440873,0.0346520140539,0.0366200427177,0.1010689452556,0.0858789659838,0.0370516829141,0.0171121276918,0.0302733308326
"2382.SH005.C3.RH.1.653.root.9.12.lane7.NoIndex.L007.sequences",0.0889352265022,0.0936358730771,0.0923672519319,0.0458658181521,0.0264966655587,0.0157033831999,0.0967473569945,0.0499960098931,0.0863707738225,0.1066014619416,0.0155224466737,0.1071733211839,0.0506424156817,0.1105191970835,0.1036633826625,0.0378371041418,0.0522608759603,0.0979809395667,0.0897554260009,0.0887107440085,0.053859404087,0.0914905244974,0.0988232545097,0.090121753667,0,0.0280505620706,0.1183903717645,0.045377153771,0.1098704968771,0.109614759428,0.0167075211095,0.0516971001251,0.0882181596538,0.0957893504821,0.1167320746785,0.0177844082397,0.022297744482,0.0953905790796,0.073578605711,0.0922225082028
"2382.RU006.C181.RH.2.383.root.9.11.lane1.NoIndex.L001.sequences",0.0803249399115,0.0871618155899,0.0955708300235,0.0626710337554,0.0424024684445,0.0362155755437,0.0905260461315,0.05672871901,0.0762991180501,0.1015345804536,0.0358623801693,0.1004091118592,0.059378001701,0.1033242285888,0.093854791181,0.057921835353,0.0613239995792,0.0908081064938,0.0853249957823,0.0815244695767,0.0322456196904,0.0824642720089,0.1002626132549,0.0842029045969,0.0280505620706,0,0.1147005318824,0.0552816384382,0.1046162874307,0.1026497224816,0.0329440546667,0.0515744508172,0.0800339385555,0.0904017416773,0.1064772924724,0.033078594369,0.0479451621609,0.0866501474229,0.0701472155954,0.0871183751219
"1642.MS00487",0.0243040225509,0.0255992901598,0.0204996537215,0.1124422741251,0.1201466975374,0.1192371225809,0.0255084590745,0.0993639977745,0.019887023032,0.0204503750144,0.1305490142921,0.0227792461403,0.1118987962292,0.0215736661587,0.0238608022707,0.1071484339864,0.0998544894788,0.0231169689023,0.02289797615,0.0235157273847,0.0925139510335,0.0242433430541,0.0216622478613,0.0390542941909,0.1183903717645,0.1147005318824,0,0.1046329923527,0.0262730986646,0.0230593283928,0.1404336508574,0.1047072219383,0.0382796261265,0.0202556388045,0.019044340052,0.1290491158691,0.1124081353721,0.0206019252897,0.0407061093308,0.0228121287716
"2382.MU002.C3.HA.2.482.rhizo.4.12.lane7.NoIndex.L007.sequences",0.0759334066285,0.0724995954658,0.0795842860905,0.0279019153538,0.0530751605756,0.0408986534193,0.0773476633883,0.026536798418,0.0729182803123,0.0965884151164,0.0508206745525,0.0914270346541,0.0241061264097,0.0948512016623,0.0830351100513,0.0212150700025,0.0271558202767,0.0782137659356,0.0799455632617,0.0754059757801,0.038284641395,0.0725036512426,0.0817656380186,0.0804204615558,0.045377153771,0.0552816384382,0.1046329923527,0,0.0839510103089,0.0929822255939,0.0596145191434,0.0344227485584,0.0787633831342,0.0856125306397,0.1021813326922,0.0476482208209,0.0347175279987,0.0850795396883,0.0753108604505,0.0791867124675
"1642.MS00524",0.0245485029351,0.024817102796,0.0227990866702,0.0936395871448,0.1140000976003,0.1055444018796,0.0211659326789,0.0841804840404,0.022650046263,0.0276007906313,0.1228132445719,0.0265762760268,0.0870374573355,0.0237188131192,0.0235967211318,0.0905230518759,0.0895885125371,0.0228691328497,0.0252769538039,0.0246894036888,0.084638827147,0.0253516072522,0.0223564785897,0.0393924612598,0.1098704968771,0.1046162874307,0.0262730986646,0.0839510103089,0,0.0262659580038,0.1259414169033,0.0893175378176,0.0392249159833,0.0242539185528,0.0248955598036,0.1156460605302,0.1003972532965,0.0235171868558,0.0436961105065,0.0264189913986
"1642.MS00640",0.0246518408814,0.0271779260448,0.0229705091539,0.1059290484523,0.108741859775,0.1081770623266,0.027463310285,0.0941143774096,0.0243528775837,0.0210918595303,0.1189624390614,0.0205291020458,0.1036933564316,0.0225131642455,0.0251735198849,0.1016794250005,0.0974098291596,0.0278463034647,0.024773359668,0.0258190985867,0.0901635512404,0.027677364378,0.0224015735757,0.038415496372,0.109614759428,0.1026497224816,0.0230593283928,0.0929822255939,0.0262659580038,0,0.1210280947649,0.0981952663676,0.0396185737646,0.0214885826123,0.0204118651342,0.1143682824532,0.1002208842303,0.0212999947833,0.0412950445226,0.0235910765816
"2382.HE003.C181.HA.1.753.root.9.12.lane7.NoIndex.L007.sequences",0.102287758489,0.109713623006,0.1087206728443,0.068152360767,0.0279036679229,0.0206248375543,0.1113516214654,0.0617440120321,0.0980779360474,0.1204108184597,0.0147675459444,0.1204534533678,0.063433316122,0.1250600908709,0.1163058376991,0.0601842015937,0.0633279554831,0.1146246419647,0.100492786628,0.1024438074402,0.0604727008319,0.1071356710677,0.1211067346889,0.1032546772329,0.0167075211095,0.0329440546667,0.1404336508574,0.0596145191434,0.1259414169033,0.1210280947649,0,0.0534599687011,0.0973513656341,0.1101825042375,0.1321041432961,0.0118724383789,0.0292906848923,0.108376169225,0.0773817884757,0.1059594830756
"2382.HE003.C181.HA.4.567.rhizo.4.12.lane7.NoIndex.L007.sequences",0.0750941308961,0.0803477133134,0.0799627219266,0.0464241509206,0.0592022127874,0.0450099144717,0.0793828779914,0.0292201224077,0.07255510509,0.0968752582571,0.05684446096,0.0970371512671,0.0290093786143,0.098295417189,0.0889113404711,0.0368784656348,0.0361429911906,0.0818837264482,0.0859085830313,0.079058422784,0.0323529570038,0.0779115257372,0.0839160937324,0.0899813901141,0.0516971001251,0.0515744508172,0.1047072219383,0.0344227485584,0.0893175378176,0.0981952663676,0.0534599687011,0,0.0880497565065,0.0840250194737,0.1041808668733,0.0394917151224,0.0447131904133,0.0858291505882,0.0856381150834,0.0813961327982
"1642.MS00365",0.0250620711187,0.0254072036644,0.0346447899531,0.0875550195065,0.09381009691,0.0839773173583,0.0285544611642,0.0779763632498,0.0257814833847,0.0372631100944,0.0990529550517,0.0384680226195,0.0931437699797,0.0389111214184,0.0423711943605,0.0822366316973,0.081823006249,0.0268400855072,0.025921280379,0.0250285449554,0.0756244604924,0.0297039979857,0.0352542529049,0.0196105440873,0.0882181596538,0.0800339385555,0.0382796261265,0.0787633831342,0.0392249159833,0.0396185737646,0.0973513656341,0.0880497565065,0,0.0332875250571,0.0392659783024,0.0964814026336,0.0857349259878,0.0410976349195,0.0184471431909,0.0326825539247
"1642.MS00577",0.0199954485517,0.0239899348945,0.0181426252849,0.0936760840602,0.0983762034244,0.0956085060968,0.0227838666696,0.084754790553,0.0192614279108,0.0213487854104,0.1059453814327,0.0202729480319,0.1056836470522,0.0205440476832,0.0240246294298,0.0904590705278,0.0886025302796,0.0229411784152,0.0213440666453,0.0201502049821,0.0819065515667,0.0218888270777,0.0192245750759,0.0346520140539,0.0957893504821,0.0904017416773,0.0202556388045,0.0856125306397,0.0242539185528,0.0214885826123,0.1101825042375,0.0840250194737,0.0332875250571,0,0.0201087132388,0.1079016389856,0.0911216327998,0.0196387177919,0.0340472238495,0.0204382792312
"1642.MS00485",0.0214649244678,0.0263156953427,0.0216401447129,0.1128357893748,0.120355163645,0.1142355199423,0.024809906378,0.1020538290785,0.0207570625793,0.019806285934,0.1263257490878,0.0223341350057,0.11098177161,0.0184899712957,0.0245678895828,0.1065171816525,0.1038601781978,0.025366539721,0.0224853568312,0.0229216103377,0.0954937309132,0.022863552467,0.0215912803301,0.0366200427177,0.1167320746785,0.1064772924724,0.019044340052,0.1021813326922,0.0248955598036,0.0204118651342,0.1321041432961,0.1041808668733,0.0392659783024,0.0201087132388,0,0.1257650242161,0.110078962795,0.018375526264,0.0413860871476,0.0209398283613
"2382.HE003.C181.HA.5.573.root.4.12.lane7.NoIndex.L007.sequences",0.0989397439051,0.1029076586263,0.0969356151189,0.0568181802375,0.0259320735832,0.0193542579761,0.1032824629238,0.0479735873412,0.0936429326048,0.1152259317451,0.0150581664013,0.1157959578906,0.0497745901553,0.1204012682822,0.10761607952,0.0479779433495,0.0510572076411,0.1060393245042,0.093733868051,0.0992152050593,0.0505635953696,0.1027528507786,0.1108964814565,0.1010689452556,0.0177844082397,0.033078594369,0.1290491158691,0.0476482208209,0.1156460605302,0.1143682824532,0.0118724383789,0.0394917151224,0.0964814026336,0.1079016389856,0.1257650242161,0,0.0264332570986,0.1038188525358,0.0761627266964,0.0994709566078
"2382.MU002.C3.HA.4.75.root.6.11.lane1.NoIndex.L001.sequences",0.0840134530601,0.0856101333064,0.0892052752264,0.0379871218399,0.0204225730883,0.0178026703842,0.0897514905923,0.038122919177,0.0810043931223,0.1005276592632,0.0214080358753,0.0999032833779,0.0460240020424,0.1058344398643,0.0942150097158,0.0276970071887,0.0333112358749,0.0904449867631,0.0873373654,0.087810462194,0.0578372078466,0.0863147213109,0.0948751631024,0.0858789659838,0.022297744482,0.0479451621609,0.1124081353721,0.0347175279987,0.1003972532965,0.1002208842303,0.0292906848923,0.0447131904133,0.0857349259878,0.0911216327998,0.110078962795,0.0264332570986,0,0.0923410875464,0.077757321104,0.0865566530481
"1642.MS00502",0.0217789877159,0.0248115211309,0.0199127984328,0.0956596307424,0.09585208842,0.0926203483965,0.0234612930662,0.0843092587371,0.0198398080863,0.0185766747582,0.1049370142161,0.02129192842,0.113231050384,0.020528856281,0.0237501851682,0.0888069762303,0.0876789713262,0.0244208260451,0.0228541750392,0.0227277781109,0.0784460405885,0.0226566819221,0.0212598899632,0.0370516829141,0.0953905790796,0.0866501474229,0.0206019252897,0.0850795396883,0.0235171868558,0.0212999947833,0.108376169225,0.0858291505882,0.0410976349195,0.0196387177919,0.018375526264,0.1038188525358,0.0923410875464,0,0.0414404867978,0.0207329319229
"1642.MS00346",0.0241130085905,0.0259179554629,0.0329557789556,0.0857365610522,0.0827515542961,0.0738430711771,0.0302520331409,0.0778794216917,0.0262277109595,0.0386329199393,0.0776038279095,0.0414041354458,0.0950555590384,0.0394678032117,0.0437678551886,0.077293977559,0.0791067713766,0.0274419614953,0.0274220033509,0.0247699003059,0.0702480492389,0.028503539262,0.0349151737349,0.0171121276918,0.073578605711,0.0701472155954,0.0407061093308,0.0753108604505,0.0436961105065,0.0412950445226,0.0773817884757,0.0856381150834,0.0184471431909,0.0340472238495,0.0413860871476,0.0761627266964,0.077757321104,0.0414404867978,0,0.0337036444114
"1642.MS00472",0.0210436594362,0.0236491225725,0.0213012130524,0.0882230387369,0.0930357990726,0.0922085014032,0.0231747804861,0.0802759063295,0.0202596492519,0.0219782305024,0.0960687907579,0.0227851468231,0.0871667572865,0.0215328450775,0.0267642067624,0.085819720333,0.0838687868572,0.0214051437644,0.0219173632991,0.02026484922,0.077986618413,0.0221875117115,0.0225334129708,0.0302733308326,0.0922225082028,0.0871183751219,0.0228121287716,0.0791867124675,0.0264189913986,0.0235910765816,0.1059594830756,0.0813961327982,0.0326825539247,0.0204382792312,0.0209398283613,0.0994709566078,0.0865566530481,0.0207329319229,0.0337036444114,0
