"","2382.SH005.C3.RH.1.653.root.9.12.lane7.NoIndex.L007.sequences","2382.DPOO1.C1.HA.3.637.rhizo.9.12.lane7.NoIndex.L007.sequences","1642.MS00472","1642.MS00487","2382.MU002.C3.HA.1.677.rhizo.9.12.lane7.NoIndex.L007.sequences","1642.MS00519","1642.MS00531","1642.MS00423","2382.DPOO1.C1.HA.3.437.rhizo.4.12.lane7.NoIndex.L007.sequences","1642.MS00485","1642.MS00409","2382.HE003.C181.HA.5.573.root.4.12.lane7.NoIndex.L007.sequences","2382.MU002.C3.HA.2.482.rhizo.4.12.lane7.NoIndex.L007.sequences","1642.MS00435","1642.MS00365","1642.MS00640","1642.MS00574","2382.SH005.C3.RH.3.662.rhizo.9.12.lane7.NoIndex.L007.sequences","1642.MS00393","1642.MS00524","1642.MS00577","2382.HE003.C181.HA.4.567.rhizo.4.12.lane7.NoIndex.L007.sequences","1642.MS00397","1642.MS00558","1642.MS00573","2382.HE003.C181.HA.1.753.root.9.12.lane7.NoIndex.L007.sequences","2382.MU002.C3.HA.4.75.root.6.11.lane1.NoIndex.L001.sequences","1642.MS00430","1642.MS00502","2382.SH004.C1.RH.1.603.root.9.12.lane7.NoIndex.L007.sequences","2382.RU006.C181.RH.1.577.rhizo.4.12.lane7.NoIndex.L007.sequences","1642.MS00410","1642.MS00635","1642.MS00343","2382.RU006.C181.RH.2.383.root.9.11.lane1.NoIndex.L001.sequences","1642.MS00413","1642.MS00346","2382.SH004.C1.RH.4.618.root.9.12.lane7.NoIndex.L007.sequences","2382.MU002.C3.HA.4.692.rhizo.9.12.lane7.NoIndex.L007.sequences","2382.MU002.C3.HA.2.67.root.6.11.lane1.NoIndex.L001.sequences"
"2382.SH005.C3.RH.1.653.root.9.12.lane7.NoIndex.L007.sequences",0,0.998,1,1,0.135,1,1,1,1,1,1,-0.984,0.962,1,1,1,1,0.961,1,1,1,0.962,1,1,1,-0.998,-0.88,1,1,-1,0.994,1,1,1,-0.734,1,1,-0.769,0.996,-1
"2382.DPOO1.C1.HA.3.637.rhizo.9.12.lane7.NoIndex.L007.sequences",0.998,0,1,1,-0.354,1,1,1,-0.963,1,1,0.988,0.0880000000000001,1,1,1,1,-0.14,1,1,1,0.5,1,1,1,0.994,0.98,1,1,0.996,1,1,1,1,1,1,1,0.992,-0.037,1
"1642.MS00472",1,1,0,-0.21,1,-0.094,-0.523,-0.434,1,-0.926,0.0920000000000001,1,1,0.143,0.98,-0.135,-0.622,1,-0.454,0.594,-0.281,1,-0.391,0.764,-0.421,1,1,-0.356,-0.344,1,1,0.0149999999999999,-0.685,0.982,1,-0.275,0.988,1,1,1
"1642.MS00487",1,1,-0.21,0,1,-0.679,-0.734,-0.517,1,-1,-0.327,1,1,-0.253,0.977,-0.449,-0.864,1,-0.474,-0.54,-0.554,1,-0.593,-0.217,-0.364,1,1,-0.838,-0.75,1,1,-0.622,-0.467,0.974,1,-0.578,0.998,1,1,1
"2382.MU002.C3.HA.1.677.rhizo.9.12.lane7.NoIndex.L007.sequences",0.135,-0.354,1,1,0,1,1,1,0.51,1,1,0.786,-0.472,1,1,1,1,0.329,1,1,1,0.874,1,1,1,0.455,0.827,1,1,0.808,1,1,1,1,1,1,1,0.964,-0.666,0.816
"1642.MS00519",1,1,-0.094,-0.679,1,0,0.02,0.252,1,-0.918,-0.891,1,1,0.732,0.935,-0.974,-0.272,1,-0.8,0.759,-1,1,-0.934,-0.515,-0.844,1,1,-0.24,-1,1,1,0.705,-0.685,1,1,-0.242,0.94,1,1,1
"1642.MS00531",1,1,-0.523,-0.734,1,0.02,0,-0.482,1,-0.988,0.342,1,1,0.215,0.994,-0.506,-0.778,1,-0.15,0.11,-0.308,1,-0.05,0.448,-0.474,1,1,-0.276,-0.284,1,1,-0.091,-0.776,0.977,1,0.586,0.998,1,1,1
"1642.MS00423",1,1,-0.434,-0.517,1,0.252,-0.482,0,1,-0.712,-0.895,1,1,-0.992,0.22,-0.0590000000000001,-1,1,-0.994,-0.595,-0.629,1,-0.983,-0.612,-0.878,1,1,-0.99,-0.215,1,1,-0.998,-0.687,0.0840000000000001,1,-0.96,0.508,1,1,1
"2382.DPOO1.C1.HA.3.437.rhizo.4.12.lane7.NoIndex.L007.sequences",1,-0.963,1,1,0.51,1,1,1,0,1,1,0.998,0.332,1,1,1,1,-0.11,1,1,1,0.073,1,1,1,0.998,0.996,1,1,1,0.996,1,1,1,1,1,1,1,0.434,1
"1642.MS00485",1,1,-0.926,-1,1,-0.918,-0.988,-0.712,1,0,-0.417,1,1,0.0249999999999999,0.991,-0.988,-0.902,1,-0.644,-0.139,-0.772,1,-0.63,-0.433,-0.553,1,1,-0.866,-0.976,1,1,-0.244,-0.912,0.988,1,-0.203,0.998,1,1,1
"1642.MS00409",1,1,0.0920000000000001,-0.327,1,-0.891,0.342,-0.895,1,-0.417,0,1,1,-0.337,0.145,0.34,-0.582,1,-1,0.0109999999999999,-1,1,-1,-0.838,-0.932,1,1,-0.756,-1,1,1,-0.761,0.318,0.749,1,-0.993,0.14,1,1,1
"2382.HE003.C181.HA.5.573.root.4.12.lane7.NoIndex.L007.sequences",-0.984,0.988,1,1,0.786,1,1,1,0.998,1,1,0,0.986,1,1,1,1,0.972,1,1,1,0.78,1,1,1,-1,-0.768,1,1,-0.99,1,1,1,1,-0.778,1,1,-0.335,0.996,-0.932
"2382.MU002.C3.HA.2.482.rhizo.4.12.lane7.NoIndex.L007.sequences",0.962,0.0880000000000001,1,1,-0.472,1,1,1,0.332,1,1,0.986,0,1,1,1,1,0.145,1,1,1,0.295,1,1,1,0.988,0.96,1,1,1,1,1,1,1,1,1,1,0.998,-0.561,0.998
"1642.MS00435",1,1,0.143,-0.253,1,0.732,0.215,-0.992,1,0.0249999999999999,-0.337,1,1,0,0.134,0.753,-0.811,1,-0.702,-0.554,0.404,1,-0.748,0.444,-0.475,1,1,-0.986,0.642,1,1,-1,-0.561,-0.197,1,-0.887,0.504,1,1,1
"1642.MS00365",1,1,0.98,0.977,1,0.935,0.994,0.22,1,0.991,0.145,1,1,0.134,0,0.998,0.94,1,-0.331,0.988,0.672,1,-0.428,0.824,0.736,1,1,0.176,0.928,1,1,0.762,1,-0.996,1,-0.272,-1,1,1,1
"1642.MS00640",1,1,-0.135,-0.449,1,-0.974,-0.506,-0.0590000000000001,1,-0.988,0.34,1,1,0.753,0.998,0,-0.619,1,0.052,0.517,-0.731,1,0.048,0.04,-0.334,1,1,0.02,-0.869,1,1,0.716,-0.97,0.998,1,0.712,0.998,1,1,1
"1642.MS00574",1,1,-0.622,-0.864,1,-0.272,-0.778,-1,1,-0.902,-0.582,1,1,-0.811,0.94,-0.619,0,1,-0.888,-0.907,-0.98,1,-0.812,-0.679,-0.997,1,1,-0.533,-0.657,1,1,-0.982,-0.972,0.848,1,-0.808,0.951,1,1,1
"2382.SH005.C3.RH.3.662.rhizo.9.12.lane7.NoIndex.L007.sequences",0.961,-0.14,1,1,0.329,1,1,1,-0.11,1,1,0.972,0.145,1,1,1,1,0,1,1,1,-0.565,1,1,1,0.986,1,1,1,1,0.864,1,1,1,1,1,1,1,-0.378,1
"1642.MS00393",1,1,-0.454,-0.474,1,-0.8,-0.15,-0.994,1,-0.644,-1,1,1,-0.702,-0.331,0.052,-0.888,1,0,-0.147,-1,1,-1,-0.638,-1,1,1,-0.792,-0.996,1,1,-0.882,-0.285,0.182,1,-0.986,-0.423,1,1,1
"1642.MS00524",1,1,0.594,-0.54,1,0.759,0.11,-0.595,1,-0.139,0.0109999999999999,1,1,-0.554,0.988,0.517,-0.907,1,-0.147,0,0.0069999999999999,1,-0.34,-0.43,-0.313,1,1,-0.174,0.233,1,1,-0.985,-0.138,0.996,1,-0.866,1,1,1,1
"1642.MS00577",1,1,-0.281,-0.554,1,-1,-0.308,-0.629,1,-0.772,-1,1,1,0.404,0.672,-0.731,-0.98,1,-1,0.0069999999999999,0,1,-0.998,-0.924,-1,1,1,-0.0679999999999999,-1,1,1,0.253,-0.799,0.988,1,-0.502,0.562,1,1,1
"2382.HE003.C181.HA.4.567.rhizo.4.12.lane7.NoIndex.L007.sequences",0.962,0.5,1,1,0.874,1,1,1,0.073,1,1,0.78,0.295,1,1,1,1,-0.565,1,1,1,0,1,1,1,0.94,1,1,1,1,-0.138,1,1,1,1,1,1,1,0.733,1
"1642.MS00397",1,1,-0.391,-0.593,1,-0.934,-0.05,-0.983,1,-0.63,-1,1,1,-0.748,-0.428,0.048,-0.812,1,-1,-0.34,-0.998,1,0,-0.814,-0.976,1,1,-0.899,-0.98,1,1,-0.903,-0.0570000000000001,0.416,1,-0.992,-0.476,1,1,1
"1642.MS00558",1,1,0.764,-0.217,1,-0.515,0.448,-0.612,1,-0.433,-0.838,1,1,0.444,0.824,0.04,-0.679,1,-0.638,-0.43,-0.924,1,-0.814,0,-0.848,1,1,-0.15,-0.741,1,1,-0.401,0.371,0.996,1,-0.788,0.752,1,1,1
"1642.MS00573",1,1,-0.421,-0.364,1,-0.844,-0.474,-0.878,1,-0.553,-0.932,1,1,-0.475,0.736,-0.334,-0.997,1,-1,-0.313,-1,1,-0.976,-0.848,0,1,1,-0.172,-0.97,1,1,-0.737,-0.818,0.958,1,-0.737,0.369,1,1,1
"2382.HE003.C181.HA.1.753.root.9.12.lane7.NoIndex.L007.sequences",-0.998,0.994,1,1,0.455,1,1,1,0.998,1,1,-1,0.988,1,1,1,1,0.986,1,1,1,0.94,1,1,1,0,-0.912,1,1,-1,0.998,1,1,1,-0.897,1,1,-0.87,0.992,-1
"2382.MU002.C3.HA.4.75.root.6.11.lane1.NoIndex.L001.sequences",-0.88,0.98,1,1,0.827,1,1,1,0.996,1,1,-0.768,0.96,1,1,1,1,1,1,1,1,1,1,1,1,-0.912,0,1,1,-0.95,1,1,1,1,0.859,1,1,-0.994,0.932,-1
"1642.MS00430",1,1,-0.356,-0.838,1,-0.24,-0.276,-0.99,1,-0.866,-0.756,1,1,-0.986,0.176,0.02,-0.533,1,-0.792,-0.174,-0.0679999999999999,1,-0.899,-0.15,-0.172,1,1,0,-0.027,1,1,-0.997,-0.667,-0.0590000000000001,1,-0.766,0.798,1,1,1
"1642.MS00502",1,1,-0.344,-0.75,1,-1,-0.284,-0.215,1,-0.976,-1,1,1,0.642,0.928,-0.869,-0.657,1,-0.996,0.233,-1,1,-0.98,-0.741,-0.97,1,1,-0.027,0,1,1,0.591,-0.526,1,1,-0.531,0.85,1,1,1
"2382.SH004.C1.RH.1.603.root.9.12.lane7.NoIndex.L007.sequences",-1,0.996,1,1,0.808,1,1,1,1,1,1,-0.99,1,1,1,1,1,1,1,1,1,1,1,1,1,-1,-0.95,1,1,0,1,1,1,1,-0.411,1,1,-0.932,0.996,-0.998
"2382.RU006.C181.RH.1.577.rhizo.4.12.lane7.NoIndex.L007.sequences",0.994,1,1,1,1,1,1,1,0.996,1,1,1,1,1,1,1,1,0.864,1,1,1,-0.138,1,1,1,0.998,1,1,1,1,0,1,1,1,0.728,1,1,1,1,1
"1642.MS00410",1,1,0.0149999999999999,-0.622,1,0.705,-0.091,-0.998,1,-0.244,-0.761,1,1,-1,0.762,0.716,-0.982,1,-0.882,-0.985,0.253,1,-0.903,-0.401,-0.737,1,1,-0.997,0.591,1,1,0,-0.489,0.468,1,-0.972,0.89,1,1,1
"1642.MS00635",1,1,-0.685,-0.467,1,-0.685,-0.776,-0.687,1,-0.912,0.318,1,1,-0.561,1,-0.97,-0.972,1,-0.285,-0.138,-0.799,1,-0.0570000000000001,0.371,-0.818,1,1,-0.667,-0.526,1,1,-0.489,0,0.948,1,0.322,0.996,1,1,1
"1642.MS00343",1,1,0.982,0.974,1,1,0.977,0.0840000000000001,1,0.988,0.749,1,1,-0.197,-0.996,0.998,0.848,1,0.182,0.996,0.988,1,0.416,0.996,0.958,1,1,-0.0590000000000001,1,1,1,0.468,0.948,0,1,0.638,-0.994,1,1,1
"2382.RU006.C181.RH.2.383.root.9.11.lane1.NoIndex.L001.sequences",-0.734,1,1,1,1,1,1,1,1,1,1,-0.778,1,1,1,1,1,1,1,1,1,1,1,1,1,-0.897,0.859,1,1,-0.411,0.728,1,1,1,0,1,1,0.886,1,-0.356
"1642.MS00413",1,1,-0.275,-0.578,1,-0.242,0.586,-0.96,1,-0.203,-0.993,1,1,-0.887,-0.272,0.712,-0.808,1,-0.986,-0.866,-0.502,1,-0.992,-0.788,-0.737,1,1,-0.766,-0.531,1,1,-0.972,0.322,0.638,1,0,0.191,1,1,1
"1642.MS00346",1,1,0.988,0.998,1,0.94,0.998,0.508,1,0.998,0.14,1,1,0.504,-1,0.998,0.951,1,-0.423,1,0.562,1,-0.476,0.752,0.369,1,1,0.798,0.85,1,1,0.89,0.996,-0.994,1,0.191,0,1,1,1
"2382.SH004.C1.RH.4.618.root.9.12.lane7.NoIndex.L007.sequences",-0.769,0.992,1,1,0.964,1,1,1,1,1,1,-0.335,0.998,1,1,1,1,1,1,1,1,1,1,1,1,-0.87,-0.994,1,1,-0.932,1,1,1,1,0.886,1,1,0,0.996,-0.961
"2382.MU002.C3.HA.4.692.rhizo.9.12.lane7.NoIndex.L007.sequences",0.996,-0.037,1,1,-0.666,1,1,1,0.434,1,1,0.996,-0.561,1,1,1,1,-0.378,1,1,1,0.733,1,1,1,0.992,0.932,1,1,0.996,1,1,1,1,1,1,1,0.996,0,0.994
"2382.MU002.C3.HA.2.67.root.6.11.lane1.NoIndex.L001.sequences",-1,1,1,1,0.816,1,1,1,1,1,1,-0.932,0.998,1,1,1,1,1,1,1,1,1,1,1,1,-1,-1,1,1,-0.998,1,1,1,1,-0.356,1,1,-0.961,0.994,0
