"","2382.MU002.C3.HA.4.693.root.9.12.lane7.NoIndex.L007.sequences","2382.SH004.C1.RH.5.223.root.9.11.lane1.NoIndex.L001.sequences","2382.SH007.C6.RH.1.703.root.9.12.lane7.NoIndex.L007.sequences","1642.MS00415","2382.SH005.C3.RH.3.462.rhizo.4.12.lane7.NoIndex.L007.sequences","2382.MU002.C3.HA.1.678.root.9.12.lane7.NoIndex.L007.sequences","2382.SH007.C6.RH.4.95.root.6.11.lane1.NoIndex.L001.sequences","1642.MS00429","1642.MS00348","1642.MS00468","1642.MS00411","1642.MS00366","2382.MU002.C3.HA.3.71.root.6.11.lane1.NoIndex.L001.sequences","1642.MS00640","2382.SH004.C1.RH.2.407.rhizo.4.12.lane7.NoIndex.L007.sequences","2382.SH005.C3.RH.4.668.root.9.12.lane7.NoIndex.L007.sequences","2382.SH008.C6.HA.2.732.rhizo.9.12.lane7.NoIndex.L007.sequences","2382.MU002.C3.HA.1.478.root.4.12.lane7.NoIndex.L007.sequences","2382.SH004.C1.RH.5.623.root.9.12.lane7.NoIndex.L007.sequences","2382.SH008.C6.HA.5.547.rhizo.4.12.lane7.NoIndex.L007.sequences","2382.RU006.C181.RH.3.388.root.9.11.lane1.NoIndex.L001.sequences","1642.MS00441","2382.GM.181.R2.rhizo.10.12.lane7.NoIndex.L007.sequences","2382.DPOO1.C1.HA.1.427.rhizo.4.12.lane7.NoIndex.L007.sequences","1642.MS00583","2382.DPOO1.C1.HA.5.648.root.9.12.lane7.NoIndex.L007.sequences","1642.MS00582","1642.MS00502","1642.MS00554","1642.MS00387","1642.MS00517","2382.HE003.C181.HA.4.135.root.6.11.lane1.NoIndex.L001.sequences","1642.MS00462","1642.MS00520","2382.RU006.C181.RH.5.398.root.9.11.lane1.NoIndex.L001.sequences","2382.HE003.C181.HA.3.562.rhizo.4.12.lane7.NoIndex.L007.sequences","1642.MS00578","1642.MS00443","1642.MS00361","2382.MU002.C3.HA.3.687.rhizo.9.12.lane7.NoIndex.L007.sequences"
"2382.MU002.C3.HA.4.693.root.9.12.lane7.NoIndex.L007.sequences",0,0.0284104360766,0.0198043916398,0.1160734585538,0.053294226709,0.0163989496593,0.0325862243644,0.1066363646425,0.1053316587388,0.1132533788326,0.1084946666059,0.0946047248911,0.0161679762856,0.1204981392177,0.0469819912723,0.0170649345853,0.0482957272816,0.0136505829241,0.0223279937741,0.0523211217863,0.0425538933388,0.1113232693634,0.0575713848308,0.0552754386001,0.1307967755201,0.0156220547624,0.1274736848301,0.1051616470998,0.1214105506051,0.1020607206748,0.1039238149522,0.0262716456847,0.1107298616962,0.104512115332,0.053157979162,0.0519032178629,0.1183562747953,0.1200894800512,0.1022586992784,0.0472581507902
"2382.SH004.C1.RH.5.223.root.9.11.lane1.NoIndex.L001.sequences",0.0284104360766,0,0.0127207109347,0.1053433464069,0.0382421408134,0.0330000136619,0.0174935476139,0.1000890011374,0.0950511924033,0.1081213220192,0.0985053638684,0.0839583919999,0.0211179763599,0.1151633615248,0.0394141566152,0.0201143235547,0.0483887225681,0.0280965578029,0.0179052859816,0.0447196878077,0.0307874895816,0.1022034064183,0.0575483272624,0.051453282896,0.1263834402332,0.0257256262975,0.1197325709557,0.0979928140612,0.112821972764,0.0930541621734,0.0980403726951,0.0188789656658,0.1066246894808,0.0967217435065,0.0419270214275,0.0459237918722,0.1123512361077,0.1134142351771,0.0919256305467,0.0526729464015
"2382.SH007.C6.RH.1.703.root.9.12.lane7.NoIndex.L007.sequences",0.0198043916398,0.0127207109347,0,0.1048904009418,0.0442462548595,0.0223312973209,0.0165497509594,0.0991492908812,0.0963230688178,0.1040981590944,0.0979694759096,0.0859839725505,0.0174032336303,0.1141351659852,0.0411313233132,0.0142324971183,0.0507477630546,0.0222178025313,0.0125544225086,0.0462296161523,0.0296158657282,0.1018575360353,0.0534699518429,0.0519017024304,0.1246085317906,0.0184807560676,0.1193042855952,0.0979349034749,0.1114218458123,0.0920888537842,0.0950081041477,0.0179755207398,0.1053907804981,0.0984847152161,0.0362401558384,0.0433870178227,0.1142468619732,0.1141904918085,0.0930465583627,0.051564480052
"1642.MS00415",0.1160734585538,0.1053433464069,0.1048904009418,0,0.0896631590959,0.1047098305446,0.099630347526,0.0222694131712,0.0259943867262,0.0240432214503,0.0190195266612,0.0278489815231,0.0980222612722,0.0277997919568,0.0895023960429,0.1206602655629,0.0920367752795,0.1081513647992,0.1051899759049,0.0860135604416,0.098426259369,0.0195146032305,0.0813323911136,0.0840560931456,0.0252253929787,0.1164388885315,0.0258831300329,0.0253151708452,0.025439331537,0.0218431214743,0.0232904609327,0.098810595536,0.024203712418,0.0248909081357,0.0897956057024,0.0912180466393,0.0261326148029,0.0209679303368,0.0227686554783,0.0931799657167
"2382.SH005.C3.RH.3.462.rhizo.4.12.lane7.NoIndex.L007.sequences",0.053294226709,0.0382421408134,0.0442462548595,0.0896631590959,0,0.0485832227825,0.0387003953449,0.0836580669199,0.085128048455,0.0882282704987,0.0843009955623,0.08285371527,0.0421154787404,0.0996411145533,0.0212899233943,0.0487993768951,0.0252572020337,0.0518015123646,0.0453779682175,0.0224037377342,0.0505736797586,0.0877097965945,0.0384172492075,0.0268751961994,0.1059635210068,0.0544892078769,0.1022774984629,0.0873729748364,0.0981918814295,0.0751547325254,0.0797372468174,0.0408255355033,0.086799167753,0.0920277244261,0.0493276593466,0.028920295327,0.1045789990757,0.0945522083619,0.0837090090684,0.0280220989415
"2382.MU002.C3.HA.1.678.root.9.12.lane7.NoIndex.L007.sequences",0.0163989496593,0.0330000136619,0.0223312973209,0.1047098305446,0.0485832227825,0,0.0298417501128,0.0947842096944,0.095144241161,0.1027113469404,0.0960654759153,0.0869017082098,0.0193586968752,0.1106182765049,0.0412534362732,0.0234731211542,0.0525468526116,0.0174882618651,0.0280688654267,0.0523412115777,0.045453776372,0.0995539824891,0.0579019228439,0.0479693269385,0.1173049906032,0.0201104075366,0.1160336703234,0.0943531542488,0.1097823708138,0.0909099515164,0.0928123141391,0.0265528965658,0.1001186547329,0.0946153367642,0.0525730787764,0.0489361379176,0.1081945392762,0.109711802563,0.0923905910779,0.0429455452871
"2382.SH007.C6.RH.4.95.root.6.11.lane1.NoIndex.L001.sequences",0.0325862243644,0.0174935476139,0.0165497509594,0.099630347526,0.0387003953449,0.0298417501128,0,0.0930670930788,0.0904926186298,0.1032816672442,0.0929819972434,0.0813161219828,0.0262877646912,0.107207792869,0.0387021748941,0.025424128713,0.0567331216026,0.0301718764318,0.0190457340848,0.0437080835394,0.0288768627388,0.0975341959554,0.0608206117409,0.0502237897854,0.1166948742109,0.0321577020346,0.109906559842,0.0935333654001,0.1074776028665,0.08596200063,0.0921205640821,0.0217268919399,0.0995091427464,0.0933331373656,0.0316036455471,0.0426341917251,0.1083046664839,0.1060010300758,0.0885543529648,0.0466056795243
"1642.MS00429",0.1066363646425,0.1000890011374,0.0991492908812,0.0222694131712,0.0836580669199,0.0947842096944,0.0930670930788,0,0.0275662591925,0.0286707406148,0.0245175113947,0.0268788218405,0.0934926155903,0.029489662329,0.0823482753915,0.1091323461327,0.0894575469279,0.0984838479389,0.0970208250242,0.0805074698345,0.098010267507,0.0252311666314,0.0803000058556,0.0830395599987,0.0345228035611,0.1099677584535,0.0336006194679,0.0276512654321,0.0261200587897,0.0246553190508,0.0248578195497,0.0998131631422,0.0304932635496,0.0262604690312,0.0904319113539,0.0877464208648,0.0286979888758,0.0298075673652,0.0240843880881,0.0904085349777
"1642.MS00348",0.1053316587388,0.0950511924033,0.0963230688178,0.0259943867262,0.085128048455,0.095144241161,0.0904926186298,0.0275662591925,0,0.0362919993347,0.0275865192206,0.0218728769563,0.0909013062635,0.0417395900142,0.0868361470941,0.1109995088762,0.0964153189499,0.1018697055474,0.0977466284708,0.0870252972548,0.0910651538327,0.0315178242292,0.0802209075625,0.085385311272,0.0470164413135,0.117258705946,0.0471881613339,0.0402753470432,0.0401416644379,0.02799614577,0.0345499910156,0.0938436520703,0.0374155840219,0.0392238879094,0.0834399370172,0.085427046733,0.0421214862693,0.0369364665996,0.0219754609108,0.0909319658422
"1642.MS00468",0.1132533788326,0.1081213220192,0.1040981590944,0.0240432214503,0.0882282704987,0.1027113469404,0.1032816672442,0.0286707406148,0.0362919993347,0,0.0214150210287,0.0355975505154,0.1017786194996,0.0237638831487,0.0869070687352,0.1198520044027,0.1059159716461,0.1089378415236,0.1047911452756,0.0959142035014,0.0979298000129,0.0210195827614,0.0846581908143,0.0850407399414,0.0239227914371,0.1137170024931,0.024772671692,0.0201009838647,0.0217924930231,0.0239660978943,0.0205276626196,0.0992049868632,0.0220565205143,0.0229270599659,0.0912909274901,0.0869175219224,0.0232531678747,0.0222188534172,0.0290216242799,0.0889332313229
"1642.MS00411",0.1084946666059,0.0985053638684,0.0979694759096,0.0190195266612,0.0843009955623,0.0960654759153,0.0929819972434,0.0245175113947,0.0275865192206,0.0214150210287,0,0.0295311349722,0.0904600827229,0.0274808684001,0.0835132065607,0.111058842152,0.0927215516582,0.1004535329622,0.0977730320732,0.0817990492067,0.0911215732518,0.020055719161,0.0837470843291,0.0792424525693,0.0262308615715,0.1066043605034,0.0262280406483,0.0227380980169,0.025211886061,0.0199050083005,0.0215973936547,0.0919685417822,0.0221068234273,0.0243343387692,0.0836715864601,0.0855147074008,0.0265713111554,0.022195253024,0.0241518506368,0.0882296902362
"1642.MS00366",0.0946047248911,0.0839583919999,0.0859839725505,0.0278489815231,0.08285371527,0.0869017082098,0.0813161219828,0.0268788218405,0.0218728769563,0.0355975505154,0.0295311349722,0,0.0822550278228,0.0393129796093,0.0841858345173,0.095914556494,0.1108258868317,0.0910420212932,0.0868716730128,0.0870772412622,0.0792185641816,0.0318991113468,0.0969716318963,0.0842565939674,0.0435270934971,0.1053785091943,0.0447362252255,0.0375041371282,0.0381477584406,0.0295504258528,0.0337507626299,0.0849497975944,0.0386867631182,0.0360014088918,0.0756029675357,0.0861271912692,0.0373611654093,0.0365554601395,0.0198010744751,0.0897227620113
"2382.MU002.C3.HA.3.71.root.6.11.lane1.NoIndex.L001.sequences",0.0161679762856,0.0211179763599,0.0174032336303,0.0980222612722,0.0421154787404,0.0193586968752,0.0262877646912,0.0934926155903,0.0909013062635,0.1017786194996,0.0904600827229,0.0822550278228,0,0.1071562313222,0.0392078702861,0.0193194084378,0.0451988499068,0.0167445381597,0.0209866929957,0.0404215736166,0.0327364089833,0.093384328508,0.0549229543327,0.0402314938736,0.1157100327325,0.018931474129,0.1092510066833,0.0907952005632,0.1073978329591,0.0859884910739,0.0900115015774,0.0210631645567,0.0970449746711,0.091049108183,0.0409830405378,0.0413560396916,0.1057227178128,0.104075008958,0.0884989798153,0.0382681611597
"1642.MS00640",0.1204981392177,0.1151633615248,0.1141351659852,0.0277997919568,0.0996411145533,0.1106182765049,0.107207792869,0.029489662329,0.0417395900142,0.0237638831487,0.0274808684001,0.0393129796093,0.1071562313222,0,0.0984881607404,0.1258574904908,0.1050199641075,0.1149706498268,0.1120998828588,0.0992808649044,0.1094696624679,0.0251420457905,0.0934904750646,0.096602601574,0.0242736273025,0.1225359080523,0.0244937732229,0.0222789117213,0.0221326342288,0.0296042502801,0.0231043302233,0.1085380066752,0.0254206998921,0.0211984510611,0.0995756187953,0.1028636829184,0.0208260938051,0.0264923266884,0.0342800228959,0.10208257236
"2382.SH004.C1.RH.2.407.rhizo.4.12.lane7.NoIndex.L007.sequences",0.0469819912723,0.0394141566152,0.0411313233132,0.0895023960429,0.0212899233943,0.0412534362732,0.0387021748941,0.0823482753915,0.0868361470941,0.0869070687352,0.0835132065607,0.0841858345173,0.0392078702861,0.0984881607404,0,0.0469450931239,0.023984825936,0.0427450172599,0.0410015599921,0.0226990090296,0.0570602904733,0.0866797191197,0.0360559075237,0.0258394955546,0.1052569116294,0.0469506585562,0.1023502548706,0.0854819134269,0.0983787157536,0.0775114273208,0.0800382985228,0.0398593525195,0.087374822174,0.0911989982874,0.0546710498814,0.0309819278098,0.1018505628977,0.0944281576422,0.0835718498469,0.0283911713399
"2382.SH005.C3.RH.4.668.root.9.12.lane7.NoIndex.L007.sequences",0.0170649345853,0.0201143235547,0.0142324971183,0.1206602655629,0.0487993768951,0.0234731211542,0.025424128713,0.1091323461327,0.1109995088762,0.1198520044027,0.111058842152,0.095914556494,0.0193194084378,0.1258574904908,0.0469450931239,0,0.0562798546365,0.0178695033458,0.0186055229439,0.057324471504,0.0415562883579,0.1148964100753,0.0611483883869,0.0608262264511,0.136037554777,0.0142111982241,0.1340412477032,0.1073442547498,0.1232566899021,0.1059213261157,0.1085182982003,0.0241566637171,0.1190643358338,0.1057248235893,0.0570101484998,0.056711114437,0.123510869574,0.1293219284297,0.1039632078968,0.0574845981531
"2382.SH008.C6.HA.2.732.rhizo.9.12.lane7.NoIndex.L007.sequences",0.0482957272816,0.0483887225681,0.0507477630546,0.0920367752795,0.0252572020337,0.0525468526116,0.0567331216026,0.0894575469279,0.0964153189499,0.1059159716461,0.0927215516582,0.1108258868317,0.0451988499068,0.1050199641075,0.023984825936,0.0562798546365,0,0.0446205134672,0.0474733438694,0.0202401628156,0.0597049755427,0.0971670049049,0.0389324241946,0.0231744982949,0.1053233991802,0.0493626590887,0.1006062516582,0.1077792734285,0.1074279332143,0.0817096362468,0.0958550364498,0.0495953217751,0.0878799262565,0.1207172819598,0.054965172163,0.0343996957167,0.1187498057703,0.0939478178513,0.0923902136871,0.0276775721981
"2382.MU002.C3.HA.1.478.root.4.12.lane7.NoIndex.L007.sequences",0.0136505829241,0.0280965578029,0.0222178025313,0.1081513647992,0.0518015123646,0.0174882618651,0.0301718764318,0.0984838479389,0.1018697055474,0.1089378415236,0.1004535329622,0.0910420212932,0.0167445381597,0.1149706498268,0.0427450172599,0.0178695033458,0.0446205134672,0,0.0234273433714,0.0492732626171,0.047033201402,0.1040217460796,0.0584666335776,0.0501598332898,0.1219218072234,0.0169840456197,0.1201321074021,0.0987964135547,0.1136207085113,0.0968210245337,0.0974205489944,0.0280448257399,0.1062585619714,0.0997668550042,0.0569525283962,0.0540091788859,0.1143210335256,0.1133109220838,0.0956671494804,0.0448975395364
"2382.SH004.C1.RH.5.623.root.9.12.lane7.NoIndex.L007.sequences",0.0223279937741,0.0179052859816,0.0125544225086,0.1051899759049,0.0453779682175,0.0280688654267,0.0190457340848,0.0970208250242,0.0977466284708,0.1047911452756,0.0977730320732,0.0868716730128,0.0209866929957,0.1120998828588,0.0410015599921,0.0186055229439,0.0474733438694,0.0234273433714,0,0.0490336360781,0.0378799811804,0.1027193081365,0.0553975408702,0.0546017444961,0.1212014830401,0.0227210866682,0.1190711235829,0.0959841473592,0.1105458699521,0.0914123234232,0.0961160147908,0.0234160527518,0.1058058788709,0.0975725572908,0.0444842286666,0.0513974176583,0.1110662756173,0.1140523522925,0.0929099168176,0.0520336693035
"2382.SH008.C6.HA.5.547.rhizo.4.12.lane7.NoIndex.L007.sequences",0.0523211217863,0.0447196878077,0.0462296161523,0.0860135604416,0.0224037377342,0.0523412115777,0.0437080835394,0.0805074698345,0.0870252972548,0.0959142035014,0.0817990492067,0.0870772412622,0.0404215736166,0.0992808649044,0.0226990090296,0.057324471504,0.0202401628156,0.0492732626171,0.0490336360781,0,0.0508194093822,0.0842811768507,0.0353600822117,0.0213007904038,0.1014652896173,0.053597911223,0.0981303694255,0.0865155102032,0.1001398056528,0.0750412884664,0.0806220597888,0.0404790177467,0.0846386994103,0.0911589255905,0.048102447692,0.029337988342,0.102400248303,0.0887993459743,0.0860448850748,0.0280157056006
"2382.RU006.C181.RH.3.388.root.9.11.lane1.NoIndex.L001.sequences",0.0425538933388,0.0307874895816,0.0296158657282,0.098426259369,0.0505736797586,0.045453776372,0.0288768627388,0.098010267507,0.0910651538327,0.0979298000129,0.0911215732518,0.0792185641816,0.0327364089833,0.1094696624679,0.0570602904733,0.0415562883579,0.0597049755427,0.047033201402,0.0378799811804,0.0508194093822,0,0.095600900122,0.0478781630853,0.0587733211255,0.1227076668525,0.0449528096574,0.1145627740953,0.090162234561,0.1058711664117,0.0875283377964,0.0905458865101,0.0272299519331,0.0970465601504,0.088483352983,0.0129748464132,0.0483738089793,0.1076446941968,0.1042004821927,0.0894359190826,0.059280610002
"1642.MS00441",0.1113232693634,0.1022034064183,0.1018575360353,0.0195146032305,0.0877097965945,0.0995539824891,0.0975341959554,0.0252311666314,0.0315178242292,0.0210195827614,0.020055719161,0.0318991113468,0.093384328508,0.0251420457905,0.0866797191197,0.1148964100753,0.0971670049049,0.1040217460796,0.1027193081365,0.0842811768507,0.095600900122,0,0.0905550940542,0.0811023186292,0.0236031573572,0.1108860697143,0.0240305846619,0.0219124137955,0.0236936146398,0.022191380991,0.0206782638238,0.0952046159773,0.0215182649415,0.0223954950116,0.0875377121639,0.0874159302639,0.0247977678477,0.02139948917,0.0264627260459,0.0896563477108
"2382.GM.181.R2.rhizo.10.12.lane7.NoIndex.L007.sequences",0.0575713848308,0.0575483272624,0.0534699518429,0.0813323911136,0.0384172492075,0.0579019228439,0.0608206117409,0.0803000058556,0.0802209075625,0.0846581908143,0.0837470843291,0.0969716318963,0.0549229543327,0.0934904750646,0.0360559075237,0.0611483883869,0.0389324241946,0.0584666335776,0.0553975408702,0.0353600822117,0.0478781630853,0.0905550940542,0,0.0354715414109,0.0992648615867,0.0605342394197,0.0952354060891,0.0995526327489,0.0945506282446,0.0718959399526,0.0841391382926,0.0522331632968,0.0774615442944,0.1183810239218,0.0431044117534,0.0335928737492,0.1100360680911,0.0867781287761,0.0760979070153,0.0399291258993
"2382.DPOO1.C1.HA.1.427.rhizo.4.12.lane7.NoIndex.L007.sequences",0.0552754386001,0.051453282896,0.0519017024304,0.0840560931456,0.0268751961994,0.0479693269385,0.0502237897854,0.0830395599987,0.085385311272,0.0850407399414,0.0792424525693,0.0842565939674,0.0402314938736,0.096602601574,0.0258394955546,0.0608262264511,0.0231744982949,0.0501598332898,0.0546017444961,0.0213007904038,0.0587733211255,0.0811023186292,0.0354715414109,0,0.0980444291415,0.0528561263644,0.0949607646552,0.083612230324,0.0959004857419,0.0719928846123,0.0752204763688,0.04420262711,0.0820296108123,0.089500762283,0.0542719637983,0.0326447041234,0.1008928449398,0.0862853181551,0.0852152249351,0.0266147071355
"1642.MS00583",0.1307967755201,0.1263834402332,0.1246085317906,0.0252253929787,0.1059635210068,0.1173049906032,0.1166948742109,0.0345228035611,0.0470164413135,0.0239227914371,0.0262308615715,0.0435270934971,0.1157100327325,0.0242736273025,0.1052569116294,0.136037554777,0.1053233991802,0.1219218072234,0.1212014830401,0.1014652896173,0.1227076668525,0.0236031573572,0.0992648615867,0.0980444291415,0,0.129219159196,0.020251539526,0.0232979207939,0.0251574391302,0.0297050848543,0.0235442611615,0.118144129816,0.0262328562564,0.0221231536836,0.1104609349052,0.1071807467281,0.0239602579308,0.0235208935065,0.0372550300832,0.1057171633352
"2382.DPOO1.C1.HA.5.648.root.9.12.lane7.NoIndex.L007.sequences",0.0156220547624,0.0257256262975,0.0184807560676,0.1164388885315,0.0544892078769,0.0201104075366,0.0321577020346,0.1099677584535,0.117258705946,0.1137170024931,0.1066043605034,0.1053785091943,0.018931474129,0.1225359080523,0.0469506585562,0.0142111982241,0.0493626590887,0.0169840456197,0.0227210866682,0.053597911223,0.0449528096574,0.1108860697143,0.0605342394197,0.0528561263644,0.129219159196,0,0.1264769579466,0.1063143851486,0.1216879252001,0.1045962176039,0.1047740140664,0.0252082852714,0.1117935602737,0.1061417823572,0.058780916906,0.0515732241135,0.1232284785639,0.1183175019467,0.1070777445142,0.0509573197553
"1642.MS00582",0.1274736848301,0.1197325709557,0.1193042855952,0.0258831300329,0.1022774984629,0.1160336703234,0.109906559842,0.0336006194679,0.0471881613339,0.024772671692,0.0262280406483,0.0447362252255,0.1092510066833,0.0244937732229,0.1023502548706,0.1340412477032,0.1006062516582,0.1201321074021,0.1190711235829,0.0981303694255,0.1145627740953,0.0240305846619,0.0952354060891,0.0949607646552,0.020251539526,0.1264769579466,0,0.0225089589214,0.0250662882378,0.0290660253731,0.025432897773,0.111723907349,0.0241343051752,0.022841130406,0.1030624805501,0.1066058661516,0.0253400485793,0.0215975825769,0.0371429502634,0.100141988804
"1642.MS00502",0.1051616470998,0.0979928140612,0.0979349034749,0.0253151708452,0.0873729748364,0.0943531542488,0.0935333654001,0.0276512654321,0.0402753470432,0.0201009838647,0.0227380980169,0.0375041371282,0.0907952005632,0.0222789117213,0.0854819134269,0.1073442547498,0.1077792734285,0.0987964135547,0.0959841473592,0.0865155102032,0.090162234561,0.0219124137955,0.0995526327489,0.083612230324,0.0232979207939,0.1063143851486,0.0225089589214,0,0.0215626520641,0.0245062846009,0.0208460271901,0.0946864082407,0.0235847335694,0.0176233471191,0.0838276667152,0.0876373754754,0.019819636517,0.0241875354005,0.0298375889432,0.0909957784419
"1642.MS00554",0.1214105506051,0.112821972764,0.1114218458123,0.025439331537,0.0981918814295,0.1097823708138,0.1074776028665,0.0261200587897,0.0401416644379,0.0217924930231,0.025211886061,0.0381477584406,0.1073978329591,0.0221326342288,0.0983787157536,0.1232566899021,0.1074279332143,0.1136207085113,0.1105458699521,0.1001398056528,0.1058711664117,0.0236936146398,0.0945506282446,0.0959004857419,0.0251574391302,0.1216879252001,0.0250662882378,0.0215626520641,0,0.0275412902014,0.021554848872,0.1072275568757,0.026234805918,0.019076142995,0.0984625300311,0.1010872937382,0.0200626174379,0.0261067348026,0.0319798352565,0.1018591138211
"1642.MS00387",0.1020607206748,0.0930541621734,0.0920888537842,0.0218431214743,0.0751547325254,0.0909099515164,0.08596200063,0.0246553190508,0.02799614577,0.0239660978943,0.0199050083005,0.0295504258528,0.0859884910739,0.0296042502801,0.0775114273208,0.1059213261157,0.0817096362468,0.0968210245337,0.0914123234232,0.0750412884664,0.0875283377964,0.022191380991,0.0718959399526,0.0719928846123,0.0297050848543,0.1045962176039,0.0290660253731,0.0245062846009,0.0275412902014,0,0.0225080562737,0.0870951323355,0.0229026828436,0.0277087854126,0.0777828214842,0.0775715837384,0.0284811560835,0.0233157318504,0.0235575716712,0.0795573519428
"1642.MS00517",0.1039238149522,0.0980403726951,0.0950081041477,0.0232904609327,0.0797372468174,0.0928123141391,0.0921205640821,0.0248578195497,0.0345499910156,0.0205276626196,0.0215973936547,0.0337507626299,0.0900115015774,0.0231043302233,0.0800382985228,0.1085182982003,0.0958550364498,0.0974205489944,0.0961160147908,0.0806220597888,0.0905458865101,0.0206782638238,0.0841391382926,0.0752204763688,0.0235442611615,0.1047740140664,0.025432897773,0.0208460271901,0.021554848872,0.0225080562737,0,0.0912419239599,0.0216944166515,0.0198395540399,0.083184285875,0.0818096979108,0.0215520757234,0.0240432641717,0.0278110649945,0.0836256188856
"2382.HE003.C181.HA.4.135.root.6.11.lane1.NoIndex.L001.sequences",0.0262716456847,0.0188789656658,0.0179755207398,0.098810595536,0.0408255355033,0.0265528965658,0.0217268919399,0.0998131631422,0.0938436520703,0.0992049868632,0.0919685417822,0.0849497975944,0.0210631645567,0.1085380066752,0.0398593525195,0.0241566637171,0.0495953217751,0.0280448257399,0.0234160527518,0.0404790177467,0.0272299519331,0.0952046159773,0.0522331632968,0.04420262711,0.118144129816,0.0252082852714,0.111723907349,0.0946864082407,0.1072275568757,0.0870951323355,0.0912419239599,0,0.0967395792584,0.0930795922348,0.0326523248777,0.0329704073471,0.1089766015436,0.1034251789166,0.0930314385693,0.0472350957655
"1642.MS00462",0.1107298616962,0.1066246894808,0.1053907804981,0.024203712418,0.086799167753,0.1001186547329,0.0995091427464,0.0304932635496,0.0374155840219,0.0220565205143,0.0221068234273,0.0386867631182,0.0970449746711,0.0254206998921,0.087374822174,0.1190643358338,0.0878799262565,0.1062585619714,0.1058058788709,0.0846386994103,0.0970465601504,0.0215182649415,0.0774615442944,0.0820296108123,0.0262328562564,0.1117935602737,0.0241343051752,0.0235847335694,0.026234805918,0.0229026828436,0.0216944166515,0.0967395792584,0,0.0261059764961,0.0861036515952,0.0863389204502,0.0270204557549,0.0248921491692,0.0326487623715,0.0886175420694
"1642.MS00520",0.104512115332,0.0967217435065,0.0984847152161,0.0248909081357,0.0920277244261,0.0946153367642,0.0933331373656,0.0262604690312,0.0392238879094,0.0229270599659,0.0243343387692,0.0360014088918,0.091049108183,0.0211984510611,0.0911989982874,0.1057248235893,0.1207172819598,0.0997668550042,0.0975725572908,0.0911589255905,0.088483352983,0.0223954950116,0.1183810239218,0.089500762283,0.0221231536836,0.1061417823572,0.022841130406,0.0176233471191,0.019076142995,0.0277087854126,0.0198395540399,0.0930795922348,0.0261059764961,0,0.0849541851148,0.0924978729099,0.0173481747773,0.0247923434298,0.0306280090883,0.0966503884857
"2382.RU006.C181.RH.5.398.root.9.11.lane1.NoIndex.L001.sequences",0.053157979162,0.0419270214275,0.0362401558384,0.0897956057024,0.0493276593466,0.0525730787764,0.0316036455471,0.0904319113539,0.0834399370172,0.0912909274901,0.0836715864601,0.0756029675357,0.0409830405378,0.0995756187953,0.0546710498814,0.0570101484998,0.054965172163,0.0569525283962,0.0444842286666,0.048102447692,0.0129748464132,0.0875377121639,0.0431044117534,0.0542719637983,0.1104609349052,0.058780916906,0.1030624805501,0.0838276667152,0.0984625300311,0.0777828214842,0.083184285875,0.0326523248777,0.0861036515952,0.0849541851148,0,0.0453011377634,0.099874782822,0.0934672242842,0.0816421593741,0.0528891002895
"2382.HE003.C181.HA.3.562.rhizo.4.12.lane7.NoIndex.L007.sequences",0.0519032178629,0.0459237918722,0.0433870178227,0.0912180466393,0.028920295327,0.0489361379176,0.0426341917251,0.0877464208648,0.085427046733,0.0869175219224,0.0855147074008,0.0861271912692,0.0413560396916,0.1028636829184,0.0309819278098,0.056711114437,0.0343996957167,0.0540091788859,0.0513974176583,0.029337988342,0.0483738089793,0.0874159302639,0.0335928737492,0.0326447041234,0.1071807467281,0.0515732241135,0.1066058661516,0.0876373754754,0.1010872937382,0.0775715837384,0.0818096979108,0.0329704073471,0.0863389204502,0.0924978729099,0.0453011377634,0,0.1041500160729,0.0943181074934,0.086954548645,0.0369392942062
"1642.MS00578",0.1183562747953,0.1123512361077,0.1142468619732,0.0261326148029,0.1045789990757,0.1081945392762,0.1083046664839,0.0286979888758,0.0421214862693,0.0232531678747,0.0265713111554,0.0373611654093,0.1057227178128,0.0208260938051,0.1018505628977,0.123510869574,0.1187498057703,0.1143210335256,0.1110662756173,0.102400248303,0.1076446941968,0.0247977678477,0.1100360680911,0.1008928449398,0.0239602579308,0.1232284785639,0.0253400485793,0.019819636517,0.0200626174379,0.0284811560835,0.0215520757234,0.1089766015436,0.0270204557549,0.0173481747773,0.099874782822,0.1041500160729,0,0.0273677993843,0.032570266231,0.1087779407008
"1642.MS00443",0.1200894800512,0.1134142351771,0.1141904918085,0.0209679303368,0.0945522083619,0.109711802563,0.1060010300758,0.0298075673652,0.0369364665996,0.0222188534172,0.022195253024,0.0365554601395,0.104075008958,0.0264923266884,0.0944281576422,0.1293219284297,0.0939478178513,0.1133109220838,0.1140523522925,0.0887993459743,0.1042004821927,0.02139948917,0.0867781287761,0.0862853181551,0.0235208935065,0.1183175019467,0.0215975825769,0.0241875354005,0.0261067348026,0.0233157318504,0.0240432641717,0.1034251789166,0.0248921491692,0.0247923434298,0.0934672242842,0.0943181074934,0.0273677993843,0,0.0315447827344,0.0949514571976
"1642.MS00361",0.1022586992784,0.0919256305467,0.0930465583627,0.0227686554783,0.0837090090684,0.0923905910779,0.0885543529648,0.0240843880881,0.0219754609108,0.0290216242799,0.0241518506368,0.0198010744751,0.0884989798153,0.0342800228959,0.0835718498469,0.1039632078968,0.0923902136871,0.0956671494804,0.0929099168176,0.0860448850748,0.0894359190826,0.0264627260459,0.0760979070153,0.0852152249351,0.0372550300832,0.1070777445142,0.0371429502634,0.0298375889432,0.0319798352565,0.0235575716712,0.0278110649945,0.0930314385693,0.0326487623715,0.0306280090883,0.0816421593741,0.086954548645,0.032570266231,0.0315447827344,0,0.090419578769
"2382.MU002.C3.HA.3.687.rhizo.9.12.lane7.NoIndex.L007.sequences",0.0472581507902,0.0526729464015,0.051564480052,0.0931799657167,0.0280220989415,0.0429455452871,0.0466056795243,0.0904085349777,0.0909319658422,0.0889332313229,0.0882296902362,0.0897227620113,0.0382681611597,0.10208257236,0.0283911713399,0.0574845981531,0.0276775721981,0.0448975395364,0.0520336693035,0.0280157056006,0.059280610002,0.0896563477108,0.0399291258993,0.0266147071355,0.1057171633352,0.0509573197553,0.100141988804,0.0909957784419,0.1018591138211,0.0795573519428,0.0836256188856,0.0472350957655,0.0886175420694,0.0966503884857,0.0528891002895,0.0369392942062,0.1087779407008,0.0949514571976,0.090419578769,0
