"","1642.MS00517","2382.SH004.C1.RH.2.407.rhizo.4.12.lane7.NoIndex.L007.sequences","2382.DPOO1.C1.HA.5.648.root.9.12.lane7.NoIndex.L007.sequences","2382.SH008.C6.HA.5.547.rhizo.4.12.lane7.NoIndex.L007.sequences","1642.MS00429","2382.SH007.C6.RH.1.703.root.9.12.lane7.NoIndex.L007.sequences","2382.SH004.C1.RH.5.223.root.9.11.lane1.NoIndex.L001.sequences","1642.MS00387","2382.RU006.C181.RH.5.398.root.9.11.lane1.NoIndex.L001.sequences","2382.MU002.C3.HA.1.478.root.4.12.lane7.NoIndex.L007.sequences","2382.SH007.C6.RH.4.95.root.6.11.lane1.NoIndex.L001.sequences","2382.RU006.C181.RH.3.388.root.9.11.lane1.NoIndex.L001.sequences","1642.MS00640","1642.MS00366","1642.MS00583","2382.SH005.C3.RH.4.668.root.9.12.lane7.NoIndex.L007.sequences","1642.MS00582","1642.MS00348","2382.HE003.C181.HA.4.135.root.6.11.lane1.NoIndex.L001.sequences","2382.SH004.C1.RH.5.623.root.9.12.lane7.NoIndex.L007.sequences","1642.MS00520","1642.MS00462","1642.MS00361","2382.MU002.C3.HA.4.693.root.9.12.lane7.NoIndex.L007.sequences","1642.MS00411","2382.DPOO1.C1.HA.1.427.rhizo.4.12.lane7.NoIndex.L007.sequences","1642.MS00468","1642.MS00502","1642.MS00443","1642.MS00441","2382.SH005.C3.RH.3.462.rhizo.4.12.lane7.NoIndex.L007.sequences","1642.MS00578","2382.MU002.C3.HA.1.678.root.9.12.lane7.NoIndex.L007.sequences","2382.SH008.C6.HA.2.732.rhizo.9.12.lane7.NoIndex.L007.sequences","2382.MU002.C3.HA.3.71.root.6.11.lane1.NoIndex.L001.sequences","2382.HE003.C181.HA.3.562.rhizo.4.12.lane7.NoIndex.L007.sequences","2382.MU002.C3.HA.3.687.rhizo.9.12.lane7.NoIndex.L007.sequences","1642.MS00415","2382.GM.181.R2.rhizo.10.12.lane7.NoIndex.L007.sequences","1642.MS00554"
"1642.MS00517",0,0.9118,0.9626,0.8992,0.5778,0.9486,0.9426,0.5234,0.9114,0.9594,0.9442,0.9112,0.5496,0.6878,0.5678,0.9572,0.5694,0.6636,0.9358,0.9472,0.5518,0.5276,0.662,0.9568,0.4846,0.8956,0.482,0.5026,0.5616,0.464,0.899,0.5552,0.9492,0.9148,0.9328,0.9188,0.9076,0.55,0.8796,0.535
"2382.SH004.C1.RH.2.407.rhizo.4.12.lane7.NoIndex.L007.sequences",0.9118,0,0.8868,0.569,0.9144,0.8502,0.7942,0.8782,0.8876,0.869,0.8108,0.9012,0.925,0.9594,0.924,0.8578,0.9102,0.9218,0.8352,0.8234,0.9508,0.886,0.9242,0.8678,0.9046,0.607,0.9186,0.9338,0.926,0.9088,0.545,0.9406,0.832,0.5388,0.8232,0.6892,0.63,0.92,0.7492,0.9322
"2382.DPOO1.C1.HA.5.648.root.9.12.lane7.NoIndex.L007.sequences",0.9626,0.8868,0,0.8954,0.9646,0.5876,0.7212,0.9498,0.8778,0.5076,0.7182,0.8394,0.9604,0.982,0.97,0.5812,0.9684,0.9674,0.6324,0.637,0.9746,0.9524,0.9636,0.5438,0.96,0.8962,0.9674,0.9676,0.965,0.9622,0.8936,0.9724,0.6708,0.8954,0.6678,0.9122,0.8994,0.9652,0.9378,0.9722
"2382.SH008.C6.HA.5.547.rhizo.4.12.lane7.NoIndex.L007.sequences",0.8992,0.569,0.8954,0,0.9002,0.8516,0.8284,0.8578,0.8564,0.8778,0.8222,0.8766,0.9098,0.9516,0.9104,0.865,0.8976,0.9106,0.821,0.8418,0.9452,0.8684,0.9158,0.8794,0.8836,0.526,0.9044,0.9226,0.9028,0.894,0.5686,0.932,0.8612,0.4682,0.8298,0.6268,0.6324,0.9016,0.7142,0.9196
"1642.MS00429",0.5778,0.9144,0.9646,0.9002,0,0.9468,0.9404,0.5484,0.9148,0.9604,0.9406,0.9112,0.614,0.705,0.6348,0.958,0.6242,0.6442,0.9412,0.9444,0.6646,0.5838,0.6066,0.9564,0.5472,0.9034,0.6224,0.6362,0.5872,0.571,0.9056,0.6702,0.9472,0.9174,0.938,0.9216,0.9174,0.5176,0.9036,0.5966
"2382.SH007.C6.RH.1.703.root.9.12.lane7.NoIndex.L007.sequences",0.9486,0.8502,0.5876,0.8516,0.9468,0,0.4312,0.9296,0.783,0.5716,0.4994,0.7402,0.9466,0.9714,0.9554,0.4954,0.9514,0.9522,0.4948,0.3848,0.9646,0.9368,0.9452,0.5262,0.9392,0.8802,0.9536,0.9576,0.953,0.948,0.8614,0.9618,0.6088,0.8694,0.5698,0.8764,0.8694,0.9488,0.911,0.9588
"2382.SH004.C1.RH.5.223.root.9.11.lane1.NoIndex.L001.sequences",0.9426,0.7942,0.7212,0.8284,0.9404,0.4312,0,0.9188,0.764,0.6904,0.492,0.7326,0.9416,0.962,0.9506,0.6128,0.9392,0.9486,0.513,0.5202,0.9576,0.928,0.9416,0.6774,0.9334,0.8736,0.9476,0.95,0.946,0.9382,0.8122,0.9544,0.7102,0.8438,0.568,0.882,0.858,0.9412,0.9056,0.9518
"1642.MS00387",0.5234,0.8782,0.9498,0.8578,0.5484,0.9296,0.9188,0,0.874,0.9432,0.9106,0.884,0.5966,0.7176,0.566,0.9386,0.555,0.6136,0.92,0.9234,0.6786,0.482,0.602,0.9396,0.4736,0.8582,0.545,0.605,0.505,0.5118,0.863,0.6772,0.9272,0.888,0.909,0.8948,0.878,0.497,0.8466,0.6074
"2382.RU006.C181.RH.5.398.root.9.11.lane1.NoIndex.L001.sequences",0.9114,0.8876,0.8778,0.8564,0.9148,0.783,0.764,0.874,0,0.8832,0.7634,0.3732,0.9136,0.9492,0.9216,0.8302,0.9194,0.927,0.7574,0.8074,0.9412,0.875,0.9164,0.8562,0.903,0.8678,0.9148,0.9254,0.9078,0.9024,0.8616,0.9346,0.821,0.8754,0.7416,0.8728,0.8584,0.9084,0.8572,0.9264
"2382.MU002.C3.HA.1.478.root.4.12.lane7.NoIndex.L007.sequences",0.9594,0.869,0.5076,0.8778,0.9604,0.5716,0.6904,0.9432,0.8832,0,0.6876,0.8304,0.958,0.978,0.9648,0.5102,0.9642,0.9654,0.659,0.5938,0.9716,0.9446,0.9586,0.4024,0.955,0.8784,0.9628,0.9656,0.963,0.9598,0.8766,0.9724,0.5638,0.8668,0.5798,0.8928,0.8578,0.9632,0.9218,0.9692
"2382.SH007.C6.RH.4.95.root.6.11.lane1.NoIndex.L001.sequences",0.9442,0.8108,0.7182,0.8222,0.9406,0.4994,0.492,0.9106,0.7634,0.6876,0,0.735,0.9384,0.9606,0.9492,0.6464,0.9382,0.9494,0.5502,0.5592,0.9566,0.9238,0.936,0.6926,0.934,0.8558,0.944,0.9478,0.9406,0.9346,0.8156,0.9586,0.7028,0.8436,0.5786,0.87,0.8476,0.9406,0.8998,0.9464
"2382.RU006.C181.RH.3.388.root.9.11.lane1.NoIndex.L001.sequences",0.9112,0.9012,0.8394,0.8766,0.9112,0.7402,0.7326,0.884,0.3732,0.8304,0.735,0,0.912,0.9456,0.9266,0.7684,0.9254,0.924,0.7156,0.7568,0.936,0.8912,0.912,0.807,0.9,0.8872,0.9138,0.922,0.918,0.9036,0.883,0.9262,0.7714,0.901,0.6946,0.8952,0.8798,0.9134,0.876,0.9202
"1642.MS00640",0.5496,0.925,0.9604,0.9098,0.614,0.9466,0.9416,0.5966,0.9136,0.958,0.9384,0.912,0,0.7622,0.5308,0.956,0.5574,0.6998,0.9398,0.942,0.5762,0.55,0.6672,0.9494,0.5658,0.916,0.5562,0.5302,0.5908,0.5742,0.9174,0.5252,0.9454,0.93,0.9352,0.9378,0.9196,0.6114,0.9124,0.5062
"1642.MS00366",0.6878,0.9594,0.982,0.9516,0.705,0.9714,0.962,0.7176,0.9492,0.978,0.9606,0.9456,0.7622,0,0.7906,0.9792,0.7894,0.5982,0.9668,0.9672,0.5898,0.7716,0.5446,0.9798,0.6532,0.9536,0.704,0.6002,0.7596,0.6532,0.9532,0.6758,0.9728,0.9616,0.9618,0.9636,0.9556,0.6946,0.9486,0.7426
"1642.MS00583",0.5678,0.924,0.97,0.9104,0.6348,0.9554,0.9506,0.566,0.9216,0.9648,0.9492,0.9266,0.5308,0.7906,0,0.9668,0.4632,0.723,0.9444,0.9536,0.5916,0.532,0.6938,0.9636,0.5462,0.91,0.5502,0.553,0.5074,0.5396,0.92,0.5802,0.9526,0.9228,0.9422,0.93,0.9166,0.5494,0.904,0.5442
"2382.SH005.C3.RH.4.668.root.9.12.lane7.NoIndex.L007.sequences",0.9572,0.8578,0.5812,0.865,0.958,0.4954,0.6128,0.9386,0.8302,0.5102,0.6464,0.7684,0.956,0.9792,0.9668,0,0.9584,0.9684,0.6372,0.5632,0.9712,0.9448,0.9598,0.5276,0.9536,0.8928,0.9636,0.9656,0.9626,0.9548,0.8616,0.9662,0.5566,0.879,0.5872,0.885,0.8838,0.9644,0.9214,0.9668
"1642.MS00582",0.5694,0.9102,0.9684,0.8976,0.6242,0.9514,0.9392,0.555,0.9194,0.9642,0.9382,0.9254,0.5574,0.7894,0.4632,0.9584,0,0.7136,0.9384,0.948,0.6146,0.519,0.6982,0.9618,0.5476,0.9018,0.552,0.572,0.5134,0.5478,0.9024,0.6104,0.9548,0.9144,0.9374,0.922,0.9092,0.5554,0.89,0.5502
"1642.MS00348",0.6636,0.9218,0.9674,0.9106,0.6442,0.9522,0.9486,0.6136,0.927,0.9654,0.9494,0.924,0.6998,0.5982,0.723,0.9684,0.7136,0,0.9472,0.9508,0.7412,0.6654,0.5534,0.9664,0.5988,0.9116,0.6716,0.6964,0.6948,0.6468,0.9162,0.7368,0.953,0.9244,0.9414,0.9308,0.9198,0.6114,0.9012,0.6874
"2382.HE003.C181.HA.4.135.root.6.11.lane1.NoIndex.L001.sequences",0.9358,0.8352,0.6324,0.821,0.9412,0.4948,0.513,0.92,0.7574,0.659,0.5502,0.7156,0.9398,0.9668,0.9444,0.6372,0.9384,0.9472,0,0.5686,0.9576,0.9208,0.943,0.5884,0.9272,0.8554,0.9406,0.9478,0.9418,0.9328,0.844,0.954,0.6952,0.8462,0.5878,0.8064,0.856,0.9386,0.8798,0.9484
"2382.SH004.C1.RH.5.623.root.9.12.lane7.NoIndex.L007.sequences",0.9472,0.8234,0.637,0.8418,0.9444,0.3848,0.5202,0.9234,0.8074,0.5938,0.5592,0.7568,0.942,0.9672,0.9536,0.5632,0.948,0.9508,0.5686,0,0.9638,0.9314,0.9394,0.5448,0.9416,0.8624,0.9498,0.9548,0.9466,0.9454,0.8514,0.9564,0.6182,0.8506,0.5962,0.883,0.858,0.9496,0.8976,0.9536
"1642.MS00520",0.5518,0.9508,0.9746,0.9452,0.6646,0.9646,0.9576,0.6786,0.9412,0.9716,0.9566,0.936,0.5762,0.5898,0.5916,0.9712,0.6146,0.7412,0.9576,0.9638,0,0.6602,0.7104,0.968,0.5838,0.9512,0.5952,0.425,0.6586,0.5652,0.9472,0.4734,0.9638,0.9552,0.9568,0.9586,0.9482,0.662,0.951,0.5444
"1642.MS00462",0.5276,0.886,0.9524,0.8684,0.5838,0.9368,0.928,0.482,0.875,0.9446,0.9238,0.8912,0.55,0.7716,0.532,0.9448,0.519,0.6654,0.9208,0.9314,0.6602,0,0.6574,0.9406,0.5014,0.8716,0.5358,0.581,0.5114,0.524,0.8738,0.6428,0.935,0.8876,0.9146,0.892,0.8782,0.5208,0.857,0.5762
"1642.MS00361",0.662,0.9242,0.9636,0.9158,0.6066,0.9452,0.9416,0.602,0.9164,0.9586,0.936,0.912,0.6672,0.5446,0.6938,0.9598,0.6982,0.5534,0.943,0.9394,0.7104,0.6574,0,0.9564,0.5756,0.9188,0.6536,0.6652,0.6688,0.6222,0.9148,0.7048,0.947,0.932,0.9332,0.9366,0.9224,0.573,0.9146,0.6632
"2382.MU002.C3.HA.4.693.root.9.12.lane7.NoIndex.L007.sequences",0.9568,0.8678,0.5438,0.8794,0.9564,0.5262,0.6774,0.9396,0.8562,0.4024,0.6926,0.807,0.9494,0.9798,0.9636,0.5276,0.9618,0.9664,0.5884,0.5448,0.968,0.9406,0.9564,0,0.95,0.8882,0.9598,0.9626,0.9558,0.9538,0.8768,0.967,0.506,0.8694,0.5556,0.8824,0.8598,0.955,0.9206,0.9666
"1642.MS00411",0.4846,0.9046,0.96,0.8836,0.5472,0.9392,0.9334,0.4736,0.903,0.955,0.934,0.9,0.5658,0.6532,0.5462,0.9536,0.5476,0.5988,0.9272,0.9416,0.5838,0.5014,0.5756,0.95,0,0.8878,0.4888,0.5138,0.4886,0.4218,0.893,0.5944,0.9404,0.908,0.9242,0.9124,0.9002,0.457,0.8736,0.5468
"2382.DPOO1.C1.HA.1.427.rhizo.4.12.lane7.NoIndex.L007.sequences",0.8956,0.607,0.8962,0.526,0.9034,0.8802,0.8736,0.8582,0.8678,0.8784,0.8558,0.8872,0.916,0.9536,0.91,0.8928,0.9018,0.9116,0.8554,0.8624,0.9512,0.8716,0.9188,0.8882,0.8878,0,0.9054,0.922,0.9062,0.8888,0.6374,0.9382,0.8616,0.5286,0.8372,0.6874,0.6064,0.9012,0.7198,0.9274
"1642.MS00468",0.482,0.9186,0.9674,0.9044,0.6224,0.9536,0.9476,0.545,0.9148,0.9628,0.944,0.9138,0.5562,0.704,0.5502,0.9636,0.552,0.6716,0.9406,0.9498,0.5952,0.5358,0.6536,0.9598,0.4888,0.9054,0,0.5206,0.5552,0.4928,0.9062,0.5796,0.951,0.9232,0.9336,0.9238,0.9132,0.5736,0.8864,0.5238
"1642.MS00502",0.5026,0.9338,0.9676,0.9226,0.6362,0.9576,0.95,0.605,0.9254,0.9656,0.9478,0.922,0.5302,0.6002,0.553,0.9656,0.572,0.6964,0.9478,0.9548,0.425,0.581,0.6652,0.9626,0.5138,0.922,0.5206,0,0.5952,0.5036,0.9292,0.449,0.9562,0.9314,0.9436,0.9412,0.9296,0.606,0.9168,0.5234
"1642.MS00443",0.5616,0.926,0.965,0.9028,0.5872,0.953,0.946,0.505,0.9078,0.963,0.9406,0.918,0.5908,0.7596,0.5074,0.9626,0.5134,0.6948,0.9418,0.9466,0.6586,0.5114,0.6688,0.9558,0.4886,0.9062,0.5552,0.5952,0,0.516,0.9156,0.6774,0.9536,0.9226,0.9362,0.9304,0.917,0.4636,0.9004,0.5922
"1642.MS00441",0.464,0.9088,0.9622,0.894,0.571,0.948,0.9382,0.5118,0.9024,0.9598,0.9346,0.9036,0.5742,0.6532,0.5396,0.9548,0.5478,0.6468,0.9328,0.9454,0.5652,0.524,0.6222,0.9538,0.4218,0.8888,0.4928,0.5036,0.516,0,0.901,0.5636,0.9462,0.9104,0.9312,0.9184,0.9044,0.4832,0.886,0.5572
"2382.SH005.C3.RH.3.462.rhizo.4.12.lane7.NoIndex.L007.sequences",0.899,0.545,0.8936,0.5686,0.9056,0.8614,0.8122,0.863,0.8616,0.8766,0.8156,0.883,0.9174,0.9532,0.92,0.8616,0.9024,0.9162,0.844,0.8514,0.9472,0.8738,0.9148,0.8768,0.893,0.6374,0.9062,0.9292,0.9156,0.901,0,0.9366,0.8556,0.5906,0.8358,0.6684,0.6402,0.9066,0.7528,0.9232
"1642.MS00578",0.5552,0.9406,0.9724,0.932,0.6702,0.9618,0.9544,0.6772,0.9346,0.9724,0.9586,0.9262,0.5252,0.6758,0.5802,0.9662,0.6104,0.7368,0.954,0.9564,0.4734,0.6428,0.7048,0.967,0.5944,0.9382,0.5796,0.449,0.6774,0.5636,0.9366,0,0.9596,0.9438,0.9522,0.9514,0.9402,0.6696,0.931,0.519
"2382.MU002.C3.HA.1.678.root.9.12.lane7.NoIndex.L007.sequences",0.9492,0.832,0.6708,0.8612,0.9472,0.6088,0.7102,0.9272,0.821,0.5638,0.7028,0.7714,0.9454,0.9728,0.9526,0.5566,0.9548,0.953,0.6952,0.6182,0.9638,0.935,0.947,0.506,0.9404,0.8616,0.951,0.9562,0.9536,0.9462,0.8556,0.9596,0,0.8558,0.6004,0.874,0.8404,0.9538,0.9048,0.9572
"2382.SH008.C6.HA.2.732.rhizo.9.12.lane7.NoIndex.L007.sequences",0.9148,0.5388,0.8954,0.4682,0.9174,0.8694,0.8438,0.888,0.8754,0.8668,0.8436,0.901,0.93,0.9616,0.9228,0.879,0.9144,0.9244,0.8462,0.8506,0.9552,0.8876,0.932,0.8694,0.908,0.5286,0.9232,0.9314,0.9226,0.9104,0.5906,0.9438,0.8558,0,0.831,0.6736,0.606,0.92,0.728,0.935
"2382.MU002.C3.HA.3.71.root.6.11.lane1.NoIndex.L001.sequences",0.9328,0.8232,0.6678,0.8298,0.938,0.5698,0.568,0.909,0.7416,0.5798,0.5786,0.6946,0.9352,0.9618,0.9422,0.5872,0.9374,0.9414,0.5878,0.5962,0.9568,0.9146,0.9332,0.5556,0.9242,0.8372,0.9336,0.9436,0.9362,0.9312,0.8358,0.9522,0.6004,0.831,0,0.8732,0.826,0.9354,0.8872,0.9462
"2382.HE003.C181.HA.3.562.rhizo.4.12.lane7.NoIndex.L007.sequences",0.9188,0.6892,0.9122,0.6268,0.9216,0.8764,0.882,0.8948,0.8728,0.8928,0.87,0.8952,0.9378,0.9636,0.93,0.885,0.922,0.9308,0.8064,0.883,0.9586,0.892,0.9366,0.8824,0.9124,0.6874,0.9238,0.9412,0.9304,0.9184,0.6684,0.9514,0.874,0.6736,0.8732,0,0.6922,0.9274,0.722,0.9388
"2382.MU002.C3.HA.3.687.rhizo.9.12.lane7.NoIndex.L007.sequences",0.9076,0.63,0.8994,0.6324,0.9174,0.8694,0.858,0.878,0.8584,0.8578,0.8476,0.8798,0.9196,0.9556,0.9166,0.8838,0.9092,0.9198,0.856,0.858,0.9482,0.8782,0.9224,0.8598,0.9002,0.6064,0.9132,0.9296,0.917,0.9044,0.6402,0.9402,0.8404,0.606,0.826,0.6922,0,0.916,0.715,0.9312
"1642.MS00415",0.55,0.92,0.9652,0.9016,0.5176,0.9488,0.9412,0.497,0.9084,0.9632,0.9406,0.9134,0.6114,0.6946,0.5494,0.9644,0.5554,0.6114,0.9386,0.9496,0.662,0.5208,0.573,0.955,0.457,0.9012,0.5736,0.606,0.4636,0.4832,0.9066,0.6696,0.9538,0.92,0.9354,0.9274,0.916,0,0.9046,0.5946
"2382.GM.181.R2.rhizo.10.12.lane7.NoIndex.L007.sequences",0.8796,0.7492,0.9378,0.7142,0.9036,0.911,0.9056,0.8466,0.8572,0.9218,0.8998,0.876,0.9124,0.9486,0.904,0.9214,0.89,0.9012,0.8798,0.8976,0.951,0.857,0.9146,0.9206,0.8736,0.7198,0.8864,0.9168,0.9004,0.886,0.7528,0.931,0.9048,0.728,0.8872,0.722,0.715,0.9046,0,0.9156
"1642.MS00554",0.535,0.9322,0.9722,0.9196,0.5966,0.9588,0.9518,0.6074,0.9264,0.9692,0.9464,0.9202,0.5062,0.7426,0.5442,0.9668,0.5502,0.6874,0.9484,0.9536,0.5444,0.5762,0.6632,0.9666,0.5468,0.9274,0.5238,0.5234,0.5922,0.5572,0.9232,0.519,0.9572,0.935,0.9462,0.9388,0.9312,0.5946,0.9156,0
