"","1642.MS00517","2382.SH004.C1.RH.2.407.rhizo.4.12.lane7.NoIndex.L007.sequences","2382.DPOO1.C1.HA.5.648.root.9.12.lane7.NoIndex.L007.sequences","2382.SH008.C6.HA.5.547.rhizo.4.12.lane7.NoIndex.L007.sequences","1642.MS00429","2382.SH007.C6.RH.1.703.root.9.12.lane7.NoIndex.L007.sequences","2382.SH004.C1.RH.5.223.root.9.11.lane1.NoIndex.L001.sequences","1642.MS00387","2382.RU006.C181.RH.5.398.root.9.11.lane1.NoIndex.L001.sequences","2382.MU002.C3.HA.1.478.root.4.12.lane7.NoIndex.L007.sequences","2382.SH007.C6.RH.4.95.root.6.11.lane1.NoIndex.L001.sequences","2382.RU006.C181.RH.3.388.root.9.11.lane1.NoIndex.L001.sequences","1642.MS00640","1642.MS00366","1642.MS00583","2382.SH005.C3.RH.4.668.root.9.12.lane7.NoIndex.L007.sequences","1642.MS00582","1642.MS00348","2382.HE003.C181.HA.4.135.root.6.11.lane1.NoIndex.L001.sequences","2382.SH004.C1.RH.5.623.root.9.12.lane7.NoIndex.L007.sequences","1642.MS00520","1642.MS00462","1642.MS00361","2382.MU002.C3.HA.4.693.root.9.12.lane7.NoIndex.L007.sequences","1642.MS00411","2382.DPOO1.C1.HA.1.427.rhizo.4.12.lane7.NoIndex.L007.sequences","1642.MS00468","1642.MS00502","1642.MS00443","1642.MS00441","2382.SH005.C3.RH.3.462.rhizo.4.12.lane7.NoIndex.L007.sequences","1642.MS00578","2382.MU002.C3.HA.1.678.root.9.12.lane7.NoIndex.L007.sequences","2382.SH008.C6.HA.2.732.rhizo.9.12.lane7.NoIndex.L007.sequences","2382.MU002.C3.HA.3.71.root.6.11.lane1.NoIndex.L001.sequences","2382.HE003.C181.HA.3.562.rhizo.4.12.lane7.NoIndex.L007.sequences","2382.MU002.C3.HA.3.687.rhizo.9.12.lane7.NoIndex.L007.sequences","1642.MS00415","2382.GM.181.R2.rhizo.10.12.lane7.NoIndex.L007.sequences","1642.MS00554"
"1642.MS00517",0,1,1,1,-0.138,1,1,-0.775,1,1,1,1,-0.451,0.459,-0.17,1,-0.133,0.868,1,1,-0.792,-0.69,0.84,1,-0.97,1,-0.991,-0.96,-0.349,-0.996,1,-0.618,1,1,1,1,1,-0.484,1,-0.724
"2382.SH004.C1.RH.2.407.rhizo.4.12.lane7.NoIndex.L007.sequences",1,0,0.825,-0.698,1,0.96,0.803,1,1,0.992,0.953,1,1,1,1,0.791,1,1,0.966,0.754,1,1,1,0.932,1,-0.299,1,1,1,1,-0.841,1,0.897,-0.927,0.9,0.57,0.167,1,0.956,1
"2382.DPOO1.C1.HA.5.648.root.9.12.lane7.NoIndex.L007.sequences",1,0.825,0,0.922,1,-1,-0.922,1,0.618,-1,-0.926,-0.079,1,1,1,-1,1,1,-0.998,-0.986,1,1,1,-1,1,0.923,1,1,1,1,0.924,1,-0.978,0.928,-0.978,0.977,0.947,1,1,1
"2382.SH008.C6.HA.5.547.rhizo.4.12.lane7.NoIndex.L007.sequences",1,-0.698,0.922,0,1,0.956,0.978,1,1,0.998,0.986,1,1,1,1,0.873,1,1,0.898,0.912,1,1,1,0.982,1,-0.952,1,1,1,1,-0.674,1,0.994,-1,0.928,-0.373,0.179,1,0.738,1
"1642.MS00429",-0.138,1,1,1,0,1,1,-0.413,1,1,1,1,0.558,0.663,0.842,1,0.746,0.692,1,1,0.747,0.257,0.117,1,-0.512,1,0.589,0.603,0.0840000000000001,-0.187,1,0.92,1,1,1,1,1,-0.792,1,0.174
"2382.SH007.C6.RH.1.703.root.9.12.lane7.NoIndex.L007.sequences",1,0.96,-1,0.956,1,0,-1,1,-0.026,-0.996,-1,-0.571,1,1,1,-1,1,1,-1,-1,1,1,1,-0.998,1,0.998,1,1,1,1,0.98,1,-0.984,0.984,-0.994,0.994,0.989,1,1,1
"2382.SH004.C1.RH.5.223.root.9.11.lane1.NoIndex.L001.sequences",1,0.803,-0.922,0.978,1,-1,0,1,0.171,-0.833,-1,-0.396,1,1,1,-0.996,1,1,-1,-1,1,1,1,-0.938,1,1,1,1,1,1,0.95,1,-0.679,0.996,-1,1,1,1,1,1
"1642.MS00387",-0.775,1,1,1,-0.413,1,1,0,1,1,1,1,0.475,0.836,-0.047,1,-0.183,0.318,1,1,0.88,-0.94,0.14,1,-0.982,1,-0.591,0.189,-0.857,-0.822,1,0.972,1,1,1,1,1,-0.896,1,0.466
"2382.RU006.C181.RH.5.398.root.9.11.lane1.NoIndex.L001.sequences",1,1,0.618,1,1,-0.026,0.171,1,0,0.992,0.282,-1,1,1,1,0.26,1,1,-0.107,0.366,1,1,1,0.744,1,1,1,1,1,1,1,1,0.687,1,-0.331,1,1,1,1,1
"2382.MU002.C3.HA.1.478.root.4.12.lane7.NoIndex.L007.sequences",1,0.992,-1,0.998,1,-0.996,-0.833,1,0.992,0,-0.832,0.658,1,1,1,-1,1,1,-0.924,-0.984,1,1,1,-1,1,0.998,1,1,1,1,0.996,1,-1,0.996,-0.996,1,0.992,1,1,1
"2382.SH007.C6.RH.4.95.root.6.11.lane1.NoIndex.L001.sequences",1,0.953,-0.926,0.986,1,-1,-1,1,0.282,-0.832,0,-0.289,1,1,1,-0.984,1,1,-0.998,-0.998,1,1,1,-0.865,1,1,1,1,1,1,0.993,1,-0.684,1,-0.986,1,1,1,1,1
"2382.RU006.C181.RH.3.388.root.9.11.lane1.NoIndex.L001.sequences",1,1,-0.079,1,1,-0.571,-0.396,1,-1,0.658,-0.289,0,1,1,1,-0.555,1,1,-0.63,-0.36,1,1,1,0.0089999999999999,1,1,1,1,1,1,1,1,-0.076,1,-0.75,1,1,1,1,1
"1642.MS00640",-0.451,1,1,1,0.558,1,1,0.475,1,1,1,1,0,0.994,-0.578,1,-0.209,0.994,1,1,-0.566,-0.207,0.933,1,-0.099,1,-0.432,-0.82,0.202,-0.097,1,-0.812,1,1,1,1,1,0.618,1,-0.882
"1642.MS00366",0.459,1,1,1,0.663,1,1,0.836,1,1,1,1,0.994,0,1,1,1,-0.778,1,1,-0.83,1,-0.97,1,-0.104,1,0.628,-0.702,0.99,-0.145,1,0.199,1,1,1,1,1,0.585,1,0.962
"1642.MS00583",-0.17,1,1,1,0.842,1,1,-0.047,1,1,1,1,-0.578,1,0,1,-0.99,1,1,1,-0.336,-0.475,0.994,1,-0.411,1,-0.528,-0.648,-0.834,-0.547,1,-0.219,1,1,1,1,1,-0.331,1,-0.548
"2382.SH005.C3.RH.4.668.root.9.12.lane7.NoIndex.L007.sequences",1,0.791,-1,0.873,1,-1,-0.996,1,0.26,-1,-0.984,-0.555,1,1,1,0,1,1,-0.982,-1,1,1,1,-1,1,0.978,1,1,1,1,0.848,1,-0.998,0.968,-1,0.981,0.978,1,1,1
"1642.MS00582",-0.133,1,1,1,0.746,1,1,-0.183,1,1,1,1,-0.209,1,-0.99,1,0,1,1,1,0.069,-0.649,0.992,1,-0.354,1,-0.482,-0.344,-0.839,-0.445,1,0.306,1,1,1,1,1,-0.248,1,-0.446
"1642.MS00348",0.868,1,1,1,0.692,1,1,0.318,1,1,1,1,0.994,-0.778,1,1,1,0,1,1,1,0.94,-0.768,1,0.0700000000000001,1,0.94,0.968,0.99,0.705,1,0.998,1,1,1,1,1,0.268,1,0.974
"2382.HE003.C181.HA.4.135.root.6.11.lane1.NoIndex.L001.sequences",1,0.966,-0.998,0.898,1,-1,-1,1,-0.107,-0.924,-0.998,-0.63,1,1,1,-0.982,1,1,0,-0.998,1,1,1,-0.99,1,0.996,1,1,1,1,0.984,1,-0.814,0.996,-0.994,0.734,0.994,1,0.998,1
"2382.SH004.C1.RH.5.623.root.9.12.lane7.NoIndex.L007.sequences",1,0.754,-0.986,0.912,1,-1,-1,1,0.366,-0.984,-0.998,-0.36,1,1,1,-1,1,1,-0.998,0,1,1,1,-1,1,0.99,1,1,1,1,0.956,1,-0.958,0.944,-0.986,0.998,0.986,1,0.998,1
"1642.MS00520",-0.792,1,1,1,0.747,1,1,0.88,1,1,1,1,-0.566,-0.83,-0.336,1,0.069,1,1,1,0,0.747,0.964,1,-0.488,1,-0.371,-1,0.656,-0.651,1,-0.998,1,1,1,1,1,0.724,1,-0.86
"1642.MS00462",-0.69,1,1,1,0.257,1,1,-0.94,1,1,1,1,-0.207,1,-0.475,1,-0.649,0.94,1,1,0.747,0,0.879,1,-0.844,1,-0.646,-0.125,-0.826,-0.692,1,0.758,1,1,1,1,1,-0.626,1,0.085
"1642.MS00361",0.84,1,1,1,0.117,1,1,0.14,1,1,1,1,0.933,-0.97,0.994,1,0.992,-0.768,1,1,0.964,0.879,0,1,-0.394,1,0.758,0.756,0.903,0.334,1,0.986,1,1,1,1,1,-0.372,1,0.812
"2382.MU002.C3.HA.4.693.root.9.12.lane7.NoIndex.L007.sequences",1,0.932,-1,0.982,1,-0.998,-0.938,1,0.744,-1,-0.865,0.0089999999999999,1,1,1,-1,1,1,-0.99,-1,1,1,1,0,1,0.996,1,1,1,1,0.978,1,-1,0.944,-1,0.984,0.892,1,1,1
"1642.MS00411",-0.97,1,1,1,-0.512,1,1,-0.982,1,1,1,1,-0.099,-0.104,-0.411,1,-0.354,0.0700000000000001,1,1,-0.488,-0.844,-0.394,1,0,1,-0.968,-0.902,-0.96,-1,1,-0.013,1,1,1,1,1,-0.998,1,-0.528
"2382.DPOO1.C1.HA.1.427.rhizo.4.12.lane7.NoIndex.L007.sequences",1,-0.299,0.923,-0.952,1,0.998,1,1,1,0.998,1,1,1,1,1,0.978,1,1,0.996,0.99,1,1,1,0.996,1,0,1,1,1,1,0.341,1,1,-0.958,0.952,0.555,-0.185,1,0.847,1
"1642.MS00468",-0.991,1,1,1,0.589,1,1,-0.591,1,1,1,1,-0.432,0.628,-0.528,1,-0.482,0.94,1,1,-0.371,-0.646,0.758,1,-0.968,1,0,-0.891,-0.497,-0.972,1,-0.316,1,1,1,1,1,-0.182,1,-0.847
"1642.MS00502",-0.96,1,1,1,0.603,1,1,0.189,1,1,1,1,-0.82,-0.702,-0.648,1,-0.344,0.968,1,1,-1,-0.125,0.756,1,-0.902,1,-0.891,0,-0.051,-0.946,1,-1,1,1,1,1,1,0.19,1,-0.891
"1642.MS00443",-0.349,1,1,1,0.0840000000000001,1,1,-0.857,1,1,1,1,0.202,0.99,-0.834,1,-0.839,0.99,1,1,0.656,-0.826,0.903,1,-0.96,1,-0.497,-0.051,0,-0.828,1,0.95,1,1,1,1,1,-0.994,1,0.128
"1642.MS00441",-0.996,1,1,1,-0.187,1,1,-0.822,1,1,1,1,-0.097,-0.145,-0.547,1,-0.445,0.705,1,1,-0.651,-0.692,0.334,1,-1,1,-0.972,-0.946,-0.828,0,1,-0.505,1,1,1,1,1,-0.976,1,-0.474
"2382.SH005.C3.RH.3.462.rhizo.4.12.lane7.NoIndex.L007.sequences",1,-0.841,0.924,-0.674,1,0.98,0.95,1,1,0.996,0.993,1,1,1,1,0.848,1,1,0.984,0.956,1,1,1,0.978,1,0.341,1,1,1,1,0,1,0.986,-0.516,0.977,0.351,0.516,1,0.996,1
"1642.MS00578",-0.618,1,1,1,0.92,1,1,0.972,1,1,1,1,-0.812,0.199,-0.219,1,0.306,0.998,1,1,-0.998,0.758,0.986,1,-0.013,1,-0.316,-1,0.95,-0.505,1,0,1,1,1,1,1,0.936,1,-0.9
"2382.MU002.C3.HA.1.678.root.9.12.lane7.NoIndex.L007.sequences",1,0.897,-0.978,0.994,1,-0.984,-0.679,1,0.687,-1,-0.684,-0.076,1,1,1,-0.998,1,1,-0.814,-0.958,1,1,1,-1,1,1,1,1,1,1,0.986,1,0,0.996,-0.98,0.996,0.963,1,1,1
"2382.SH008.C6.HA.2.732.rhizo.9.12.lane7.NoIndex.L007.sequences",1,-0.927,0.928,-1,1,0.984,0.996,1,1,0.996,1,1,1,1,1,0.968,1,1,0.996,0.944,1,1,1,0.944,1,-0.958,1,1,1,1,-0.516,1,0.996,0,0.935,0.262,-0.357,1,0.862,1
"2382.MU002.C3.HA.3.71.root.6.11.lane1.NoIndex.L001.sequences",1,0.9,-0.978,0.928,1,-0.994,-1,1,-0.331,-0.996,-0.986,-0.75,1,1,1,-1,1,1,-0.994,-0.986,1,1,1,-1,1,0.952,1,1,1,1,0.977,1,-0.98,0.935,0,1,0.939,1,1,1
"2382.HE003.C181.HA.3.562.rhizo.4.12.lane7.NoIndex.L007.sequences",1,0.57,0.977,-0.373,1,0.994,1,1,1,1,1,1,1,1,1,0.981,1,1,0.734,0.998,1,1,1,0.984,1,0.555,1,1,1,1,0.351,1,0.996,0.262,1,0,0.645,1,0.663,1
"2382.MU002.C3.HA.3.687.rhizo.9.12.lane7.NoIndex.L007.sequences",1,0.167,0.947,0.179,1,0.989,1,1,1,0.992,1,1,1,1,1,0.978,1,1,0.994,0.986,1,1,1,0.892,1,-0.185,1,1,1,1,0.516,1,0.963,-0.357,0.939,0.645,0,1,0.818,1
"1642.MS00415",-0.484,1,1,1,-0.792,1,1,-0.896,1,1,1,1,0.618,0.585,-0.331,1,-0.248,0.268,1,1,0.724,-0.626,-0.372,1,-0.998,1,-0.182,0.19,-0.994,-0.976,1,0.936,1,1,1,1,1,0,1,0.263
"2382.GM.181.R2.rhizo.10.12.lane7.NoIndex.L007.sequences",1,0.956,1,0.738,1,1,1,1,1,1,1,1,1,1,1,1,1,1,0.998,0.998,1,1,1,1,1,0.847,1,1,1,1,0.996,1,1,0.862,1,0.663,0.818,1,0,1
"1642.MS00554",-0.724,1,1,1,0.174,1,1,0.466,1,1,1,1,-0.882,0.962,-0.548,1,-0.446,0.974,1,1,-0.86,0.085,0.812,1,-0.528,1,-0.847,-0.891,0.128,-0.474,1,-0.9,1,1,1,1,1,0.263,1,0
