"","2382.HE003.C181.HA.5.772.rhizo.9.12.lane7.NoIndex.L007.sequences","1642.MS00482","2382.SH008.C6.HA.2.733.root.9.12.lane7.NoIndex.L007.sequences","2382.MU002.C3.HA.1.477.rhizo.4.12.lane7.NoIndex.L007.sequences","2382.MU002.C3.HA.2.683.root.9.12.lane7.NoIndex.L007.sequences","1642.MS00506","2382.SH004.C1.RH.5.423.root.4.12.lane7.NoIndex.L007.sequences","1642.MS00492","1642.MS00402","2382.DPOO1.C1.HA.2.632.rhizo.9.12.lane7.NoIndex.L007.sequences","1642.MS00466","1642.MS00428","1642.MS00359","1642.MS00346","1642.MS00431","2382.SH007.C6.RH.4.517.rhizo.4.12.lane7.NoIndex.L007.sequences","1642.MS00457","1642.MS00596","2382.SH004.C1.RH.4.618.root.9.12.lane7.NoIndex.L007.sequences","2382.SH004.C1.RH.3.412.rhizo.4.12.lane7.NoIndex.L007.sequences","1642.MS00460","1642.MS00471","2382.SH008.C6.HA.5.547.rhizo.4.12.lane7.NoIndex.L007.sequences","1642.MS00541","1642.MS00335","1642.MS00342","2382.MU002.C3.HA.3.488.root.4.12.lane7.NoIndex.L007.sequences","2382.GM.181.R3.rhizo.10.12.lane7.NoIndex.L007.sequences","1001.SKB7","1642.MS00371","2382.SH004.C1.RH.3.11.r1.root.6.11.lane7.NoIndex.L007.sequences","1642.MS00585","2382.SH007.C6.RH.3.512.rhizo.4.12.lane7.NoIndex.L007.sequences","2382.MU002.C3.HA.2.482.rhizo.4.12.r1.lane7.NoIndex.L007.sequences","2382.DPOO1.C1.HA.1.627.rhizo.9.12.lane7.NoIndex.L007.sequences","1642.MS00505","1642.MS00419","2382.RU006.C181.RH.3.588.root.4.12.lane7.NoIndex.L007.sequences","2382.MU002.C3.HA.5.298.root.9.11.lane1.NoIndex.L001.sequences","1642.MS00512"
"2382.HE003.C181.HA.5.772.rhizo.9.12.lane7.NoIndex.L007.sequences",0,0.1103591335125,0.0392688817685,0.0369408651306,0.0452793838765,0.0854582736913,0.035650339216,0.0963439968978,0.0862956269771,0.0337067286884,0.1043916130484,0.0872885107385,0.0870956539389,0.0864581551997,0.0791705033507,0.0258368107077,0.0893344087518,0.093683568336,0.0510816552614,0.0321338991168,0.0923649326168,0.0888132344362,0.030256717864,0.101065473702,0.083811072403,0.1094749024219,0.0389121935504,0.0350130487299,0.1353198144715,0.0988207276633,0.0472038520271,0.0891488583623,0.034492071446,0.0363025564469,0.0342848648678,0.0830285688662,0.0923718266865,0.0469546219102,0.0386354639571,0.0922659673655
"1642.MS00482",0.1103591335125,0,0.1263388472236,0.1090362380491,0.1265596189588,0.0244003240679,0.1051978762704,0.0248208266547,0.0276148482315,0.107469196089,0.0210176598549,0.0249602149592,0.0344333984125,0.0421570886826,0.0226444766952,0.1157945173401,0.0239222447879,0.0269100925205,0.1272953797537,0.1165038014854,0.0270588885208,0.0217314447358,0.1072457889052,0.0268483936907,0.0283177168615,0.0614746367454,0.1123569156374,0.0941389201113,0.1782008138246,0.0462317371783,0.1474972479548,0.0281701181449,0.1046242229067,0.1089267750077,0.1106591771703,0.0232778392676,0.02664503406,0.1247006645418,0.106612713895,0.022577908233
"2382.SH008.C6.HA.2.733.root.9.12.lane7.NoIndex.L007.sequences",0.0392688817685,0.1263388472236,0,0.0486948254977,0.0169013874262,0.1014311674895,0.0296930711252,0.1135103827627,0.099641377809,0.0494126492564,0.1169396123281,0.0960733165641,0.0915682670796,0.0839492480067,0.0940949803614,0.0439563553327,0.1041829496992,0.1114782171495,0.0178127408824,0.0421321252677,0.1077119739228,0.1009400979825,0.0409409667401,0.113464951217,0.0869861356437,0.1105748147254,0.019478166936,0.0452715700502,0.0782911819145,0.1022331192098,0.0191624196069,0.1070935175798,0.0469197621107,0.0516365160715,0.0478256486203,0.0947379837654,0.1073328731536,0.029346934716,0.0269762523605,0.1056912251737
"2382.MU002.C3.HA.1.477.rhizo.4.12.lane7.NoIndex.L007.sequences",0.0369408651306,0.1090362380491,0.0486948254977,0,0.049899309988,0.090980110796,0.0386001856338,0.0998002924246,0.0911482187833,0.0271540509241,0.1017226253421,0.0897447390123,0.089451048333,0.0863743994599,0.0839010258904,0.0313667390097,0.0938877407535,0.0944683570146,0.0635987616136,0.0278290464982,0.0953110909529,0.0909683949254,0.029124105252,0.107348789975,0.0856290072532,0.0980134945623,0.0413655520844,0.0346889194344,0.1341196045835,0.0930801456811,0.0627323649921,0.095765244517,0.0337366720776,0.0191171365846,0.0276829166881,0.0875950518578,0.0949356856195,0.0589565573585,0.0348051479849,0.0965307812598
"2382.MU002.C3.HA.2.683.root.9.12.lane7.NoIndex.L007.sequences",0.0452793838765,0.1265596189588,0.0169013874262,0.049899309988,0,0.105586715104,0.0339474355677,0.117323193292,0.10391394747,0.0575981258491,0.1163992086048,0.1012434429359,0.0972079390278,0.0921629473445,0.0956725388271,0.0497700528232,0.108501978432,0.1156699965771,0.0251794078703,0.0478042682262,0.1136308870693,0.1044067901063,0.0478938014407,0.1163290195045,0.0917356908615,0.1171625986618,0.0165958176326,0.0507534077784,0.084433466247,0.1071987452787,0.0215564701559,0.1110109324581,0.0511026697195,0.0540553220373,0.0543174451151,0.0999605976571,0.1126702067692,0.0324965745608,0.0238015745569,0.1064744198543
"1642.MS00506",0.0854582736913,0.0244003240679,0.1014311674895,0.090980110796,0.105586715104,0,0.0901350041115,0.0216001446457,0.0247628547387,0.103962197618,0.0226375437089,0.0242718378979,0.032444753809,0.0362016330153,0.0220621986556,0.0892604628297,0.0216004907503,0.0229142265069,0.1045909555275,0.0888778543939,0.0236046709431,0.0227918499915,0.0821820190186,0.0255648306346,0.0284948269607,0.0509773151504,0.091629561487,0.0746308234804,0.1594234770742,0.0422943679904,0.1183925706128,0.0219160366868,0.0854348543314,0.0908377951429,0.0846977463348,0.021252134532,0.0246788642624,0.0993023402124,0.0907007580885,0.0231177287126
"2382.SH004.C1.RH.5.423.root.4.12.lane7.NoIndex.L007.sequences",0.035650339216,0.1051978762704,0.0296930711252,0.0386001856338,0.0339474355677,0.0901350041115,0,0.1007898364731,0.0892952628175,0.0396571456318,0.0918128058983,0.0862095938658,0.0864912177398,0.0848162190854,0.0823954828419,0.0385492766266,0.0944042830956,0.099155181887,0.0307314849308,0.0274337185486,0.098588053258,0.0895740973461,0.0314680040381,0.1024531140401,0.0826512836383,0.1062000845166,0.031791085663,0.0337507273576,0.0968332090013,0.0930877200069,0.0344393738866,0.0966819237824,0.0243154121486,0.0412571442043,0.0352834734566,0.0851328587371,0.0990830971226,0.0417775495705,0.033211570305,0.0905163732873
"1642.MS00492",0.0963439968978,0.0248208266547,0.1135103827627,0.0998002924246,0.117323193292,0.0216001446457,0.1007898364731,0,0.0231854127637,0.0942329332935,0.0203381644716,0.0243640349891,0.0381086329707,0.041663366812,0.022301242284,0.0989077312229,0.0203455008862,0.0229994212274,0.1191071572633,0.1004262869296,0.0211142324081,0.021180543856,0.09334481082,0.024048731915,0.0294229963456,0.052980591729,0.1024855189561,0.0840503068993,0.1858326592839,0.04445237119,0.130897513016,0.0235593892181,0.0959617467979,0.0992524902161,0.0932582358124,0.0195004545019,0.0257024682416,0.107365079929,0.1011484941702,0.0223667586851
"1642.MS00402",0.0862956269771,0.0276148482315,0.099641377809,0.0911482187833,0.10391394747,0.0247628547387,0.0892952628175,0.0231854127637,0,0.0879417422381,0.0220288880155,0.0228612745888,0.0309275409269,0.0318317875187,0.0214486752397,0.0890323353344,0.0208493576716,0.0252138318292,0.105919264805,0.088845697582,0.0238040021548,0.0231583322739,0.0822833796422,0.0272678717772,0.0264398249635,0.0462156771073,0.0923470807957,0.072989967953,0.1684183244403,0.0370106863571,0.1136974435952,0.0251588926624,0.0860386775759,0.0899693042208,0.0860019648707,0.0239163900858,0.0252469843864,0.0955391080762,0.0912900173462,0.0243774360882
"2382.DPOO1.C1.HA.2.632.rhizo.9.12.lane7.NoIndex.L007.sequences",0.0337067286884,0.107469196089,0.0494126492564,0.0271540509241,0.0575981258491,0.103962197618,0.0396571456318,0.0942329332935,0.0879417422381,0,0.107684122217,0.0923911410226,0.1192612223214,0.1072387257642,0.1005569834057,0.0298911758864,0.0885337355182,0.0911978945476,0.0720266856413,0.0285795667858,0.0895218311295,0.1049635837402,0.0291644527293,0.1034052788771,0.1024471216216,0.1055572190425,0.0516011931658,0.0322311188658,0.1524528211474,0.1067727729513,0.0614175976644,0.0892132795155,0.0320589136837,0.029959087569,0.0171542512077,0.1096889518725,0.0918941334436,0.0575272847691,0.0425936227812,0.1016504578567
"1642.MS00466",0.1043916130484,0.0210176598549,0.1169396123281,0.1017226253421,0.1163992086048,0.0226375437089,0.0918128058983,0.0203381644716,0.0220288880155,0.107684122217,0,0.0218312454274,0.03231980715,0.0359862795912,0.0202691326108,0.105881119616,0.0199205480522,0.0243303587221,0.1155555770303,0.1081172157748,0.0228090617859,0.0193252034667,0.1012035316725,0.0217482187455,0.0262995432992,0.0472083025417,0.1080826049988,0.0805111236379,0.165413459821,0.0421217332506,0.1313108895825,0.0253867624294,0.095520667112,0.0997748365559,0.1021629954954,0.0186102487363,0.0267651567032,0.1092648674081,0.0994959109504,0.0188700189058
"1642.MS00428",0.0872885107385,0.0249602149592,0.0960733165641,0.0897447390123,0.1012434429359,0.0242718378979,0.0862095938658,0.0243640349891,0.0228612745888,0.0923911410226,0.0218312454274,0,0.0254238301811,0.0263699454101,0.0212315102624,0.0893985787251,0.0228847581793,0.0272062989651,0.0991632967159,0.0870659836808,0.0250696812535,0.02303208658,0.0815740715102,0.0255643380603,0.0218441169269,0.0414692497416,0.0894081890371,0.0747928131565,0.1545089816049,0.030307186852,0.1162505456315,0.0268832629036,0.0826993900347,0.0900158610126,0.0837765673996,0.0221541347118,0.0233635397441,0.0916723600624,0.0890018491865,0.0230520701305
"1642.MS00359",0.0870956539389,0.0344333984125,0.0915682670796,0.089451048333,0.0972079390278,0.032444753809,0.0864912177398,0.0381086329707,0.0309275409269,0.1192612223214,0.03231980715,0.0254238301811,0,0.0181734377761,0.0248660045907,0.0884866208755,0.0314927063345,0.0384680097598,0.0918227385434,0.0862803480205,0.0346725166596,0.0317543672709,0.0814835597171,0.0413819637431,0.0222624764694,0.0455766547931,0.0870268779843,0.0717890159646,0.1201589984891,0.0231549977808,0.1103809762072,0.040332377091,0.0839825751501,0.0891925028331,0.0835015116399,0.0323346052844,0.0253142383533,0.0873649890055,0.0848787837746,0.0344245522648
"1642.MS00346",0.0864581551997,0.0421570886826,0.0839492480067,0.0863743994599,0.0921629473445,0.0362016330153,0.0848162190854,0.041663366812,0.0318317875187,0.1072387257642,0.0359862795912,0.0263699454101,0.0181734377761,0,0.0283943576179,0.0885421734177,0.0330630680897,0.039723901594,0.0869339341451,0.085668250693,0.0372078180155,0.0359580545909,0.0810685796841,0.0440088163428,0.026037044638,0.031553802695,0.0857051193315,0.0682546618088,0.1277198899048,0.0206400967462,0.0979121717449,0.0455787072541,0.0813804100332,0.0869844871933,0.0837790783806,0.035109424024,0.0306237226628,0.0828612601558,0.0789824064181,0.0376914429293
"1642.MS00431",0.0791705033507,0.0226444766952,0.0940949803614,0.0839010258904,0.0956725388271,0.0220621986556,0.0823954828419,0.022301242284,0.0214486752397,0.1005569834057,0.0202691326108,0.0212315102624,0.0248660045907,0.0283943576179,0,0.0827660357246,0.0214573849663,0.0239940748273,0.0953545925263,0.081962557384,0.0226697185341,0.0211843136197,0.0759880598365,0.0263095842608,0.0220979430477,0.0452442195051,0.0846541581793,0.0704672868191,0.146375586342,0.0359074166788,0.1112300447882,0.0234894691973,0.0789843768293,0.084161333761,0.0769377183717,0.0218652441526,0.019547060591,0.0908522761448,0.084035333046,0.0224405695397
"2382.SH007.C6.RH.4.517.rhizo.4.12.lane7.NoIndex.L007.sequences",0.0258368107077,0.1157945173401,0.0439563553327,0.0313667390097,0.0497700528232,0.0892604628297,0.0385492766266,0.0989077312229,0.0890323353344,0.0298911758864,0.105881119616,0.0893985787251,0.0884866208755,0.0885421734177,0.0827660357246,0,0.0941963589431,0.0955999600246,0.0610411032857,0.0254195235185,0.0953446186186,0.0912043074148,0.0249777918423,0.1066156739144,0.0856105542687,0.106331070827,0.0410817187288,0.0372664397296,0.1526643208555,0.0961944025202,0.0494451798325,0.0931661353969,0.034132014002,0.0320834570634,0.0294165018818,0.0853867901173,0.0944216692148,0.0512674132099,0.0391473114114,0.0958982741845
"1642.MS00457",0.0893344087518,0.0239222447879,0.1041829496992,0.0938877407535,0.108501978432,0.0216004907503,0.0944042830956,0.0203455008862,0.0208493576716,0.0885337355182,0.0199205480522,0.0228847581793,0.0314927063345,0.0330630680897,0.0214573849663,0.0941963589431,0,0.0238678279164,0.1092322093902,0.0915913655987,0.0212994045151,0.0202096130672,0.0879327563103,0.0230402814271,0.0275770754117,0.0482747785548,0.0949332168459,0.0771500290349,0.1681041576725,0.0378231367371,0.1191137813646,0.0217137364015,0.0884037670671,0.0932215840992,0.0886268312134,0.0206609256488,0.0234048426189,0.0983190488819,0.0925751712711,0.0221643741024
"1642.MS00596",0.093683568336,0.0269100925205,0.1114782171495,0.0944683570146,0.1156699965771,0.0229142265069,0.099155181887,0.0229994212274,0.0252138318292,0.0911978945476,0.0243303587221,0.0272062989651,0.0384680097598,0.039723901594,0.0239940748273,0.0955999600246,0.0238678279164,0,0.1190209916119,0.0977229531154,0.0248696500718,0.0245801576082,0.0892123299442,0.0275805049228,0.0337157655629,0.0547185986785,0.1020734044375,0.0829218749701,0.1747867726705,0.0441698615085,0.1283212836814,0.0243490180341,0.0954135979867,0.0942502780544,0.0913692097166,0.0238019938808,0.0273724115613,0.1070178225031,0.0971956002254,0.0262235977961
"2382.SH004.C1.RH.4.618.root.9.12.lane7.NoIndex.L007.sequences",0.0510816552614,0.1272953797537,0.0178127408824,0.0635987616136,0.0251794078703,0.1045909555275,0.0307314849308,0.1191071572633,0.105919264805,0.0720266856413,0.1155555770303,0.0991632967159,0.0918227385434,0.0869339341451,0.0953545925263,0.0610411032857,0.1092322093902,0.1190209916119,0,0.0494264016234,0.1185091012878,0.1034706673453,0.0586645394776,0.1136923656094,0.0882918782452,0.1100075045222,0.0279507382382,0.0516788962942,0.0616185283495,0.101527673873,0.0235360294786,0.1154650177417,0.0495118561616,0.0672563758538,0.064451004374,0.1051112215392,0.114274247971,0.0410750689142,0.0365881651697,0.1071622296423
"2382.SH004.C1.RH.3.412.rhizo.4.12.lane7.NoIndex.L007.sequences",0.0321338991168,0.1165038014854,0.0421321252677,0.0278290464982,0.0478042682262,0.0888778543939,0.0274337185486,0.1004262869296,0.088845697582,0.0285795667858,0.1081172157748,0.0870659836808,0.0862803480205,0.085668250693,0.081962557384,0.0254195235185,0.0915913655987,0.0977229531154,0.0494264016234,0,0.0959041454122,0.0921814323468,0.0261728488951,0.1048443785582,0.0822004085764,0.1049274892047,0.0403834430436,0.0339961504599,0.1257871483176,0.0919954321753,0.0465021956082,0.0943381289621,0.0266739624506,0.0327504840258,0.02884855546,0.0864798075845,0.0938744540783,0.0522970641607,0.0352482243303,0.0962320286683
"1642.MS00460",0.0923649326168,0.0270588885208,0.1077119739228,0.0953110909529,0.1136308870693,0.0236046709431,0.098588053258,0.0211142324081,0.0238040021548,0.0895218311295,0.0228090617859,0.0250696812535,0.0346725166596,0.0372078180155,0.0226697185341,0.0953446186186,0.0212994045151,0.0248696500718,0.1185091012878,0.0959041454122,0,0.0232927819817,0.0895189953194,0.0251956302351,0.0309097037096,0.052232358176,0.0997142545951,0.0820359650201,0.1780414021057,0.04142806326,0.121366188965,0.0239033185612,0.0919003578165,0.0945222987032,0.0900610627478,0.0215445964304,0.0257730797358,0.1040635909557,0.099282472696,0.0255560888902
"1642.MS00471",0.0888132344362,0.0217314447358,0.1009400979825,0.0909683949254,0.1044067901063,0.0227918499915,0.0895740973461,0.021180543856,0.0231583322739,0.1049635837402,0.0193252034667,0.02303208658,0.0317543672709,0.0359580545909,0.0211843136197,0.0912043074148,0.0202096130672,0.0245801576082,0.1034706673453,0.0921814323468,0.0232927819817,0,0.0865198341876,0.0247703479084,0.0267636592422,0.0472041031191,0.0908410253373,0.0754141286546,0.1561263873868,0.0369108380881,0.1187420042099,0.024565405978,0.0865834314621,0.0908263513023,0.0860844152683,0.0212164720113,0.0254566491482,0.0924490656514,0.0918348242078,0.0207862855254
"2382.SH008.C6.HA.5.547.rhizo.4.12.lane7.NoIndex.L007.sequences",0.030256717864,0.1072457889052,0.0409409667401,0.029124105252,0.0478938014407,0.0821820190186,0.0314680040381,0.09334481082,0.0822833796422,0.0291644527293,0.1012035316725,0.0815740715102,0.0814835597171,0.0810685796841,0.0759880598365,0.0249777918423,0.0879327563103,0.0892123299442,0.0586645394776,0.0261728488951,0.0895189953194,0.0865198341876,0,0.0998019686781,0.0780903908005,0.1037395238098,0.0416597058686,0.0339069099887,0.1237156644123,0.0904340226269,0.0548605738892,0.0872903609374,0.02711965342,0.03092392799,0.0256019586099,0.080177277373,0.0872343520528,0.0476873599768,0.0414466766967,0.0911719283756
"1642.MS00541",0.101065473702,0.0268483936907,0.113464951217,0.107348789975,0.1163290195045,0.0255648306346,0.1024531140401,0.024048731915,0.0272678717772,0.1034052788771,0.0217482187455,0.0255643380603,0.0413819637431,0.0440088163428,0.0263095842608,0.1066156739144,0.0230402814271,0.0275805049228,0.1136923656094,0.1048443785582,0.0251956302351,0.0247703479084,0.0998019686781,0,0.0355897945239,0.0553191166808,0.101874843748,0.0894562829255,0.1688193338659,0.04548675869,0.1280891429132,0.0237765519844,0.0996924382954,0.1076608647887,0.1031717014817,0.0208200408483,0.0317155279826,0.1062022158557,0.1032888341842,0.0231600642391
"1642.MS00335",0.083811072403,0.0283177168615,0.0869861356437,0.0856290072532,0.0917356908615,0.0284948269607,0.0826512836383,0.0294229963456,0.0264398249635,0.1024471216216,0.0262995432992,0.0218441169269,0.0222624764694,0.026037044638,0.0220979430477,0.0856105542687,0.0275770754117,0.0337157655629,0.0882918782452,0.0822004085764,0.0309097037096,0.0267636592422,0.0780903908005,0.0355897945239,0,0.0479295513419,0.0816405807905,0.0693284864418,0.1317723228508,0.0276862528846,0.1056224249966,0.0322905367774,0.0804435174375,0.0877530652246,0.0810986534357,0.0277657114171,0.0263310777717,0.0856805555693,0.0832371514621,0.0271418984759
"1642.MS00342",0.1094749024219,0.0614746367454,0.1105748147254,0.0980134945623,0.1171625986618,0.0509773151504,0.1062000845166,0.052980591729,0.0462156771073,0.1055572190425,0.0472083025417,0.0414692497416,0.0455766547931,0.031553802695,0.0452442195051,0.106331070827,0.0482747785548,0.0547185986785,0.1100075045222,0.1049274892047,0.052232358176,0.0472041031191,0.1037395238098,0.0553191166808,0.0479295513419,0,0.1086322207993,0.0873686630807,0.1422664244817,0.0368381856154,0.1266994679422,0.0601136013736,0.0891679002372,0.110179256536,0.093573985836,0.0505694997577,0.0477310914135,0.107138362769,0.089042632182,0.0507200065796
"2382.MU002.C3.HA.3.488.root.4.12.lane7.NoIndex.L007.sequences",0.0389121935504,0.1123569156374,0.019478166936,0.0413655520844,0.0165958176326,0.091629561487,0.031791085663,0.1024855189561,0.0923470807957,0.0516011931658,0.1080826049988,0.0894081890371,0.0870268779843,0.0857051193315,0.0846541581793,0.0410817187288,0.0949332168459,0.1020734044375,0.0279507382382,0.0403834430436,0.0997142545951,0.0908410253373,0.0416597058686,0.101874843748,0.0816405807905,0.1086322207993,0,0.0426422436586,0.0940686382438,0.1002857630378,0.0245334858102,0.0967199637559,0.0472519895939,0.0405724801766,0.0479865915746,0.0880592934885,0.0990492060443,0.0316024252173,0.0251958500513,0.0956681738616
"2382.GM.181.R3.rhizo.10.12.lane7.NoIndex.L007.sequences",0.0350130487299,0.0941389201113,0.0452715700502,0.0346889194344,0.0507534077784,0.0746308234804,0.0337507273576,0.0840503068993,0.072989967953,0.0322311188658,0.0805111236379,0.0747928131565,0.0717890159646,0.0682546618088,0.0704672868191,0.0372664397296,0.0771500290349,0.0829218749701,0.0516788962942,0.0339961504599,0.0820359650201,0.0754141286546,0.0339069099887,0.0894562829255,0.0693284864418,0.0873686630807,0.0426422436586,0,0.1151506541413,0.0775947623523,0.051417595748,0.0799572625515,0.0343145575963,0.0354998436932,0.0315620306959,0.0713955950228,0.0818064350428,0.0448575296438,0.038262536961,0.0797328552642
"1001.SKB7",0.1353198144715,0.1782008138246,0.0782911819145,0.1341196045835,0.084433466247,0.1594234770742,0.0968332090013,0.1858326592839,0.1684183244403,0.1524528211474,0.165413459821,0.1545089816049,0.1201589984891,0.1277198899048,0.146375586342,0.1526643208555,0.1681041576725,0.1747867726705,0.0616185283495,0.1257871483176,0.1780414021057,0.1561263873868,0.1237156644123,0.1688193338659,0.1317723228508,0.1422664244817,0.0940686382438,0.1151506541413,0,0.139895626285,0.0856484439043,0.1727469212079,0.1193952501307,0.1452950602676,0.1461071530762,0.1518196954822,0.1666329526514,0.1013006515305,0.1002966925602,0.1581999929369
"1642.MS00371",0.0988207276633,0.0462317371783,0.1022331192098,0.0930801456811,0.1071987452787,0.0422943679904,0.0930877200069,0.04445237119,0.0370106863571,0.1067727729513,0.0421217332506,0.030307186852,0.0231549977808,0.0206400967462,0.0359074166788,0.0961944025202,0.0378231367371,0.0441698615085,0.101527673873,0.0919954321753,0.04142806326,0.0369108380881,0.0904340226269,0.04548675869,0.0276862528846,0.0368381856154,0.1002857630378,0.0775947623523,0.139895626285,0,0.1181154290999,0.0531333035887,0.0847352045749,0.0932468922952,0.0918777713966,0.0424905990563,0.035519998171,0.1015228092942,0.0906913856049,0.0418414112177
"2382.SH004.C1.RH.3.11.r1.root.6.11.lane7.NoIndex.L007.sequences",0.0472038520271,0.1474972479548,0.0191624196069,0.0627323649921,0.0215564701559,0.1183925706128,0.0344393738866,0.130897513016,0.1136974435952,0.0614175976644,0.1313108895825,0.1162505456315,0.1103809762072,0.0979121717449,0.1112300447882,0.0494451798325,0.1191137813646,0.1283212836814,0.0235360294786,0.0465021956082,0.121366188965,0.1187420042099,0.0548605738892,0.1280891429132,0.1056224249966,0.1266994679422,0.0245334858102,0.051417595748,0.0856484439043,0.1181154290999,0,0.1242453572406,0.0567644857515,0.0594935999994,0.0629662175161,0.1098203432952,0.1272760529229,0.0319634206915,0.0319990987726,0.1192980710746
"1642.MS00585",0.0891488583623,0.0281701181449,0.1070935175798,0.095765244517,0.1110109324581,0.0219160366868,0.0966819237824,0.0235593892181,0.0251588926624,0.0892132795155,0.0253867624294,0.0268832629036,0.040332377091,0.0455787072541,0.0234894691973,0.0931661353969,0.0217137364015,0.0243490180341,0.1154650177417,0.0943381289621,0.0239033185612,0.024565405978,0.0872903609374,0.0237765519844,0.0322905367774,0.0601136013736,0.0967199637559,0.0799572625515,0.1727469212079,0.0531333035887,0.1242453572406,0,0.0914748486426,0.0954817126134,0.0868575981582,0.0224412785586,0.0272235840054,0.1024253849254,0.0948590874167,0.0239889976208
"2382.SH007.C6.RH.3.512.rhizo.4.12.lane7.NoIndex.L007.sequences",0.034492071446,0.1046242229067,0.0469197621107,0.0337366720776,0.0511026697195,0.0854348543314,0.0243154121486,0.0959617467979,0.0860386775759,0.0320589136837,0.095520667112,0.0826993900347,0.0839825751501,0.0813804100332,0.0789843768293,0.034132014002,0.0884037670671,0.0954135979867,0.0495118561616,0.0266739624506,0.0919003578165,0.0865834314621,0.02711965342,0.0996924382954,0.0804435174375,0.0891679002372,0.0472519895939,0.0343145575963,0.1193952501307,0.0847352045749,0.0567644857515,0.0914748486426,0,0.0337097333049,0.0327521675035,0.0820076261338,0.0930884739893,0.0548790641241,0.0396860166443,0.0882708626242
"2382.MU002.C3.HA.2.482.rhizo.4.12.r1.lane7.NoIndex.L007.sequences",0.0363025564469,0.1089267750077,0.0516365160715,0.0191171365846,0.0540553220373,0.0908377951429,0.0412571442043,0.0992524902161,0.0899693042208,0.029959087569,0.0997748365559,0.0900158610126,0.0891925028331,0.0869844871933,0.084161333761,0.0320834570634,0.0932215840992,0.0942502780544,0.0672563758538,0.0327504840258,0.0945222987032,0.0908263513023,0.03092392799,0.1076608647887,0.0877530652246,0.110179256536,0.0405724801766,0.0354998436932,0.1452950602676,0.0932468922952,0.0594935999994,0.0954817126134,0.0337097333049,0,0.0299141898298,0.0876422065949,0.0933818100152,0.0602818856683,0.0349224268089,0.0949882367889
"2382.DPOO1.C1.HA.1.627.rhizo.9.12.lane7.NoIndex.L007.sequences",0.0342848648678,0.1106591771703,0.0478256486203,0.0276829166881,0.0543174451151,0.0846977463348,0.0352834734566,0.0932582358124,0.0860019648707,0.0171542512077,0.1021629954954,0.0837765673996,0.0835015116399,0.0837790783806,0.0769377183717,0.0294165018818,0.0886268312134,0.0913692097166,0.064451004374,0.02884855546,0.0900610627478,0.0860844152683,0.0256019586099,0.1031717014817,0.0810986534357,0.093573985836,0.0479865915746,0.0315620306959,0.1461071530762,0.0918777713966,0.0629662175161,0.0868575981582,0.0327521675035,0.0299141898298,0,0.0808462837916,0.0908220343977,0.06392887146,0.0380563923793,0.0928883542748
"1642.MS00505",0.0830285688662,0.0232778392676,0.0947379837654,0.0875950518578,0.0999605976571,0.021252134532,0.0851328587371,0.0195004545019,0.0239163900858,0.1096889518725,0.0186102487363,0.0221541347118,0.0323346052844,0.035109424024,0.0218652441526,0.0853867901173,0.0206609256488,0.0238019938808,0.1051112215392,0.0864798075845,0.0215445964304,0.0212164720113,0.080177277373,0.0208200408483,0.0277657114171,0.0505694997577,0.0880592934885,0.0713955950228,0.1518196954822,0.0424905990563,0.1098203432952,0.0224412785586,0.0820076261338,0.0876422065949,0.0808462837916,0,0.0246624067538,0.0874870793799,0.0873969072973,0.0215722256966
"1642.MS00419",0.0923718266865,0.02664503406,0.1073328731536,0.0949356856195,0.1126702067692,0.0246788642624,0.0990830971226,0.0257024682416,0.0252469843864,0.0918941334436,0.0267651567032,0.0233635397441,0.0253142383533,0.0306237226628,0.019547060591,0.0944216692148,0.0234048426189,0.0273724115613,0.114274247971,0.0938744540783,0.0257730797358,0.0254566491482,0.0872343520528,0.0317155279826,0.0263310777717,0.0477310914135,0.0990492060443,0.0818064350428,0.1666329526514,0.035519998171,0.1272760529229,0.0272235840054,0.0930884739893,0.0933818100152,0.0908220343977,0.0246624067538,0,0.1077199127525,0.0990952467135,0.0289578574018
"2382.RU006.C181.RH.3.588.root.4.12.lane7.NoIndex.L007.sequences",0.0469546219102,0.1247006645418,0.029346934716,0.0589565573585,0.0324965745608,0.0993023402124,0.0417775495705,0.107365079929,0.0955391080762,0.0575272847691,0.1092648674081,0.0916723600624,0.0873649890055,0.0828612601558,0.0908522761448,0.0512674132099,0.0983190488819,0.1070178225031,0.0410750689142,0.0522970641607,0.1040635909557,0.0924490656514,0.0476873599768,0.1062022158557,0.0856805555693,0.107138362769,0.0316024252173,0.0448575296438,0.1013006515305,0.1015228092942,0.0319634206915,0.1024253849254,0.0548790641241,0.0602818856683,0.06392887146,0.0874870793799,0.1077199127525,0,0.0425986326705,0.1006141768685
"2382.MU002.C3.HA.5.298.root.9.11.lane1.NoIndex.L001.sequences",0.0386354639571,0.106612713895,0.0269762523605,0.0348051479849,0.0238015745569,0.0907007580885,0.033211570305,0.1011484941702,0.0912900173462,0.0425936227812,0.0994959109504,0.0890018491865,0.0848787837746,0.0789824064181,0.084035333046,0.0391473114114,0.0925751712711,0.0971956002254,0.0365881651697,0.0352482243303,0.099282472696,0.0918348242078,0.0414466766967,0.1032888341842,0.0832371514621,0.089042632182,0.0251958500513,0.038262536961,0.1002966925602,0.0906913856049,0.0319990987726,0.0948590874167,0.0396860166443,0.0349224268089,0.0380563923793,0.0873969072973,0.0990952467135,0.0425986326705,0,0.0926221905966
"1642.MS00512",0.0922659673655,0.022577908233,0.1056912251737,0.0965307812598,0.1064744198543,0.0231177287126,0.0905163732873,0.0223667586851,0.0243774360882,0.1016504578567,0.0188700189058,0.0230520701305,0.0344245522648,0.0376914429293,0.0224405695397,0.0958982741845,0.0221643741024,0.0262235977961,0.1071622296423,0.0962320286683,0.0255560888902,0.0207862855254,0.0911719283756,0.0231600642391,0.0271418984759,0.0507200065796,0.0956681738616,0.0797328552642,0.1581999929369,0.0418414112177,0.1192980710746,0.0239889976208,0.0882708626242,0.0949882367889,0.0928883542748,0.0215722256966,0.0289578574018,0.1006141768685,0.0926221905966,0
