"","1642.MS00516","2382.RU006.C181.RH.4.793.root.9.12.lane7.NoIndex.L007.sequences","1642.MS00599","2382.SH008.C6.HA.5.547.rhizo.4.12.lane7.NoIndex.L007.sequences","2382.HE003.C181.HA.1.123.root.6.11.lane1.NoIndex.L001.sequences","2382.HE003.C181.HA.5.572.rhizo.4.12.lane7.NoIndex.L007.sequences","1642.MS00401","1642.MS00351","1642.MS00606","2382.HE003.C181.HA.5.139.root.6.11.lane1.NoIndex.L001.sequences","1642.MS00358","1642.MS00548","2382.GM.181.R4.rhizo.10.12.lane7.NoIndex.L007.sequences","1642.MS00601","2382.HE003.C181.HA.5.573.root.4.12.lane7.NoIndex.L007.sequences","2382.DPOO1.C1.HA.5.647.rhizo.9.12.lane7.NoIndex.L007.sequences","2382.SH007.C6.RH.2.707.rhizo.9.12.lane7.NoIndex.L007.sequences","1642.MS00483","1642.MS00424","2382.SH004.C1.RH.1.403.root.4.12.lane7.NoIndex.L007.sequences","1642.MS00390","2382.SH007.C6.RH.2.508.root.4.12.lane7.NoIndex.L007.sequences","1642.MS00336","1642.MS00527","1642.MS00583","1642.MS00436","2382.SH005.C3.RH.3.662.rhizo.9.12.lane7.NoIndex.L007.sequences","1642.MS00495","2382.GM.181.R4.root.10.12.lane7.NoIndex.L007.sequences","2382.SH005.C3.RH.1.453.root.4.12.lane7.NoIndex.L007.sequences","1642.MS00509","1642.MS00617","1642.MS00503","1642.MS00346","1642.MS00556","1642.MS00446","1642.MS00345","2382.SH004.C1.RH.3.612.rhizo.9.12.lane7.NoIndex.L007.sequences","1642.MS00633","2382.MU002.C3.HA.5.298.root.9.11.lane1.NoIndex.L001.sequences"
"1642.MS00516",0,1,0.72,1,1,1,-0.985,0.2,-0.852,1,0.972,-0.998,1,-0.94,1,1,1,-0.926,-0.966,1,0.449,1,0.893,-0.967,-0.924,-0.434,1,-0.889,1,1,-0.847,-0.817,-0.947,0.698,-0.913,-0.908,0.991,1,-0.435,1
"2382.RU006.C181.RH.4.793.root.9.12.lane7.NoIndex.L007.sequences",1,0,1,0.998,-0.956,1,1,1,1,-0.957,1,1,1,1,-0.93,1,1,1,1,0.544,1,-0.434,1,1,1,1,1,1,-0.663,-0.842,1,1,1,1,1,1,1,1,1,0.261
"1642.MS00599",0.72,1,0,1,1,1,0.585,0.968,0.293,1,1,0.843,1,0.629,1,1,1,0.728,0.74,1,1,1,1,0.923,0.766,0.656,1,0.975,1,1,0.974,0.141,0.92,1,0.532,0.5,1,1,0.216,1
"2382.SH008.C6.HA.5.547.rhizo.4.12.lane7.NoIndex.L007.sequences",1,0.998,1,0,0.986,-0.701,1,1,1,0.979,1,1,0.83,1,0.966,-0.436,-0.998,1,1,0.998,1,0.974,1,1,1,1,-0.906,1,1,0.954,1,1,1,1,1,1,1,-0.837,1,0.996
"2382.HE003.C181.HA.1.123.root.6.11.lane1.NoIndex.L001.sequences",1,-0.956,1,0.986,0,0.809,1,1,1,-1,1,1,1,1,-1,1,0.986,1,1,-0.956,1,-0.988,1,1,1,1,0.998,1,-0.535,-1,1,1,1,1,1,1,1,1,1,-0.883
"2382.HE003.C181.HA.5.572.rhizo.4.12.lane7.NoIndex.L007.sequences",1,1,1,-0.701,0.809,0,1,1,1,0.866,1,1,0.704,1,0.814,0.937,-0.671,1,1,1,1,0.994,1,1,1,1,-0.206,1,1,0.993,1,1,1,1,1,1,1,0.583,1,1
"1642.MS00401",-0.985,1,0.585,1,1,1,0,-0.902,-0.887,1,0.94,-0.889,1,-0.896,1,1,1,-0.929,-1,1,-0.252,1,0.612,-0.737,-0.337,-0.99,1,-0.32,1,1,-0.342,-0.68,-0.723,0.116,-0.936,-0.992,0.77,1,-0.036,1
"1642.MS00351",0.2,1,0.968,1,1,1,-0.902,0,0.767,1,-0.029,0.521,1,0.736,1,1,1,0.686,-0.482,1,-0.433,1,0.221,0.675,0.978,-0.819,1,0.833,1,1,0.837,0.882,0.802,-0.978,0.203,0.149,-0.892,1,0.994,1
"1642.MS00606",-0.852,1,0.293,1,1,1,-0.887,0.767,0,1,1,-0.803,1,-0.763,1,1,1,-0.034,-0.642,1,0.992,1,1,0.263,-0.739,-0.596,1,-0.16,1,1,0.00499999999999989,-0.983,-0.632,1,-0.927,-0.938,1,1,-0.597,1
"2382.HE003.C181.HA.5.139.root.6.11.lane1.NoIndex.L001.sequences",1,-0.957,1,0.979,-1,0.866,1,1,1,0,1,1,1,1,-1,1,0.967,1,1,-0.842,1,-0.996,1,1,1,1,0.986,1,0.0389999999999999,-1,1,1,1,1,1,1,1,0.996,1,-0.92
"1642.MS00358",0.972,1,1,1,1,1,0.94,-0.029,1,1,0,0.966,1,1,1,1,1,0.998,0.853,1,0.552,1,0.27,0.994,1,0.956,1,0.995,1,1,0.982,1,0.981,-0.586,0.998,1,-0.186,1,1,1
"1642.MS00548",-0.998,1,0.843,1,1,1,-0.889,0.521,-0.803,1,0.966,0,1,-0.651,1,1,1,-0.935,-0.988,1,-0.39,1,-0.158,-0.995,-0.73,-0.444,1,-0.964,1,1,-1,-0.358,-1,0.397,-0.741,-0.246,0.828,1,-0.459,1
"2382.GM.181.R4.rhizo.10.12.lane7.NoIndex.L007.sequences",1,1,1,0.83,1,0.704,1,1,1,1,1,1,0,1,1,0.988,0.633,1,1,1,1,1,1,1,1,1,0.977,1,1,1,1,1,1,1,1,1,1,0.391,1,1
"1642.MS00601",-0.94,1,0.629,1,1,1,-0.896,0.736,-0.763,1,1,-0.651,1,0,1,1,1,-0.113,-0.556,1,0.993,1,1,-0.675,-0.709,-0.024,1,0.393,1,1,0.398,-0.683,-0.038,0.992,-0.693,-0.832,1,1,-0.149,1
"2382.HE003.C181.HA.5.573.root.4.12.lane7.NoIndex.L007.sequences",1,-0.93,1,0.966,-1,0.814,1,1,1,-1,1,1,1,1,0,1,0.954,1,1,-0.834,1,-0.996,1,1,1,1,0.975,1,0.848,-1,1,1,1,1,1,1,1,0.957,1,-0.882
"2382.DPOO1.C1.HA.5.647.rhizo.9.12.lane7.NoIndex.L007.sequences",1,1,1,-0.436,1,0.937,1,1,1,1,1,1,0.988,1,1,0,-0.65,1,1,1,1,1,1,1,1,1,-0.166,1,1,0.998,1,1,1,1,1,1,1,-0.916,1,0.96
"2382.SH007.C6.RH.2.707.rhizo.9.12.lane7.NoIndex.L007.sequences",1,1,1,-0.998,0.986,-0.671,1,1,1,0.967,1,1,0.633,1,0.954,-0.65,0,1,1,1,1,0.878,1,1,1,1,-0.922,1,1,0.962,1,1,1,1,1,1,1,-0.996,1,0.975
"1642.MS00483",-0.926,1,0.728,1,1,1,-0.929,0.686,-0.034,1,0.998,-0.935,1,-0.113,1,1,1,0,-0.89,1,0.643,1,0.971,-0.661,-0.579,-0.184,1,-0.692,1,1,-0.197,-0.345,-0.355,0.964,-0.753,-0.886,1,1,0.515,1
"1642.MS00424",-0.966,1,0.74,1,1,1,-1,-0.482,-0.642,1,0.853,-0.988,1,-0.556,1,1,1,-0.89,0,1,-0.444,1,-0.053,-0.962,0.282,-0.668,1,-0.371,1,1,-0.714,-0.21,-0.982,-0.525,-0.763,-0.89,0.553,1,0.446,1
"2382.SH004.C1.RH.1.403.root.4.12.lane7.NoIndex.L007.sequences",1,0.544,1,0.998,-0.956,1,1,1,1,-0.842,1,1,1,1,-0.834,1,1,1,1,0,1,-1,1,1,1,1,1,1,-0.603,-1,1,1,1,1,1,1,1,0.986,1,-0.944
"1642.MS00390",0.449,1,1,1,1,1,-0.252,-0.433,0.992,1,0.552,-0.39,1,0.993,1,1,1,0.643,-0.444,1,0,1,-0.985,0.157,0.873,-0.393,1,-0.035,1,1,-0.765,0.995,-0.365,-0.465,0.925,0.971,-0.208,1,0.981,1
"2382.SH007.C6.RH.2.508.root.4.12.lane7.NoIndex.L007.sequences",1,-0.434,1,0.974,-0.988,0.994,1,1,1,-0.996,1,1,1,1,-0.996,1,0.878,1,1,-1,1,0,1,1,1,1,0.982,1,0.171,-1,1,1,1,1,1,1,1,0.956,1,-0.896
"1642.MS00336",0.893,1,1,1,1,1,0.612,0.221,1,1,0.27,-0.158,1,1,1,1,1,0.971,-0.053,1,-0.985,1,0,0.525,0.993,0.434,1,0.0089999999999999,1,1,-0.922,1,-0.86,-0.445,0.992,1,-0.392,1,0.994,1
"1642.MS00527",-0.967,1,0.923,1,1,1,-0.737,0.675,0.263,1,0.994,-0.995,1,-0.675,1,1,1,-0.661,-0.962,1,0.157,1,0.525,0,-0.0580000000000001,0.0349999999999999,1,-0.076,1,1,-0.929,-0.011,-0.91,0.71,-0.21,-0.475,0.819,1,0.639,1
"1642.MS00583",-0.924,1,0.766,1,1,1,-0.337,0.978,-0.739,1,1,-0.73,1,-0.709,1,1,1,-0.579,0.282,1,0.873,1,0.993,-0.0580000000000001,0,-0.07,1,-0.868,1,1,-0.466,-0.904,-0.537,1,-0.792,-0.576,1,1,-0.844,1
"1642.MS00436",-0.434,1,0.656,1,1,1,-0.99,-0.819,-0.596,1,0.956,-0.444,1,-0.024,1,1,1,-0.184,-0.668,1,-0.393,1,0.434,0.0349999999999999,-0.07,0,1,0.173,1,1,-0.164,-0.135,-0.047,0.146,-0.236,-0.634,0.964,1,0.244,1
"2382.SH005.C3.RH.3.662.rhizo.9.12.lane7.NoIndex.L007.sequences",1,1,1,-0.906,0.998,-0.206,1,1,1,0.986,1,1,0.977,1,0.975,-0.166,-0.922,1,1,1,1,0.982,1,1,1,1,0,1,1,0.959,1,1,1,1,1,1,1,-0.517,1,0.96
"1642.MS00495",-0.889,1,0.975,1,1,1,-0.32,0.833,-0.16,1,0.995,-0.964,1,0.393,1,1,1,-0.692,-0.371,1,-0.035,1,0.0089999999999999,-0.076,-0.868,0.173,1,0,1,1,-0.959,0.403,-0.934,0.964,-0.345,0.447,0.998,1,-0.532,1
"2382.GM.181.R4.root.10.12.lane7.NoIndex.L007.sequences",1,-0.663,1,1,-0.535,1,1,1,1,0.0389999999999999,1,1,1,1,0.848,1,1,1,1,-0.603,1,0.171,1,1,1,1,1,1,0,-0.218,1,1,1,1,1,1,1,1,1,0.856
"2382.SH005.C3.RH.1.453.root.4.12.lane7.NoIndex.L007.sequences",1,-0.842,1,0.954,-1,0.993,1,1,1,-1,1,1,1,1,-1,0.998,0.962,1,1,-1,1,-1,1,1,1,1,0.959,1,-0.218,0,1,1,1,1,1,1,1,0.964,1,-0.98
"1642.MS00509",-0.847,1,0.974,1,1,1,-0.342,0.837,0.00499999999999989,1,0.982,-1,1,0.398,1,1,1,-0.197,-0.714,1,-0.765,1,-0.922,-0.929,-0.466,-0.164,1,-0.959,1,1,0,0.525,-1,0.687,0.287,0.73,0.777,1,-0.075,1
"1642.MS00617",-0.817,1,0.141,1,1,1,-0.68,0.882,-0.983,1,1,-0.358,1,-0.683,1,1,1,-0.345,-0.21,1,0.995,1,1,-0.011,-0.904,-0.135,1,0.403,1,1,0.525,0,0.194,0.994,-0.824,-0.994,1,1,-0.59,1
"1642.MS00503",-0.947,1,0.92,1,1,1,-0.723,0.802,-0.632,1,0.981,-1,1,-0.038,1,1,1,-0.355,-0.982,1,-0.365,1,-0.86,-0.91,-0.537,-0.047,1,-0.934,1,1,-1,0.194,0,0.504,-0.242,0.124,0.764,1,-0.293,1
"1642.MS00346",0.698,1,1,1,1,1,0.116,-0.978,1,1,-0.586,0.397,1,0.992,1,1,1,0.964,-0.525,1,-0.465,1,-0.445,0.71,1,0.146,1,0.964,1,1,0.687,0.994,0.504,0,0.902,0.958,-0.996,1,1,1
"1642.MS00556",-0.913,1,0.532,1,1,1,-0.936,0.203,-0.927,1,0.998,-0.741,1,-0.693,1,1,1,-0.753,-0.763,1,0.925,1,0.992,-0.21,-0.792,-0.236,1,-0.345,1,1,0.287,-0.824,-0.242,0.902,0,-0.969,1,1,-0.471,1
"1642.MS00446",-0.908,1,0.5,1,1,1,-0.992,0.149,-0.938,1,1,-0.246,1,-0.832,1,1,1,-0.886,-0.89,1,0.971,1,1,-0.475,-0.576,-0.634,1,0.447,1,1,0.73,-0.994,0.124,0.958,-0.969,0,1,1,0.414,1
"1642.MS00345",0.991,1,1,1,1,1,0.77,-0.892,1,1,-0.186,0.828,1,1,1,1,1,1,0.553,1,-0.208,1,-0.392,0.819,1,0.964,1,0.998,1,1,0.777,1,0.764,-0.996,1,1,0,1,1,1
"2382.SH004.C1.RH.3.612.rhizo.9.12.lane7.NoIndex.L007.sequences",1,1,1,-0.837,1,0.583,1,1,1,0.996,1,1,0.391,1,0.957,-0.916,-0.996,1,1,0.986,1,0.956,1,1,1,1,-0.517,1,1,0.964,1,1,1,1,1,1,1,0,1,0.912
"1642.MS00633",-0.435,1,0.216,1,1,1,-0.036,0.994,-0.597,1,1,-0.459,1,-0.149,1,1,1,0.515,0.446,1,0.981,1,0.994,0.639,-0.844,0.244,1,-0.532,1,1,-0.075,-0.59,-0.293,1,-0.471,0.414,1,1,0,1
"2382.MU002.C3.HA.5.298.root.9.11.lane1.NoIndex.L001.sequences",1,0.261,1,0.996,-0.883,1,1,1,1,-0.92,1,1,1,1,-0.882,0.96,0.975,1,1,-0.944,1,-0.896,1,1,1,1,0.96,1,0.856,-0.98,1,1,1,1,1,1,1,0.912,1,0
