"","2382.MU002.C3.HA.5.79.root.6.11.lane1.NoIndex.L001.sequences","1642.MS00515","2382.SH007.C6.RH.1.502.rhizo.4.12.lane7.NoIndex.L007.sequences","1642.MS00428","2382.DPOO1.C1.HA.1.428.root.4.12.lane7.NoIndex.L007.sequences","1642.MS00403","1001.SKD8","1642.MS00541","1642.MS00479","2382.SH007.C6.RH.2.708.root.9.12.lane7.NoIndex.L007.sequences","1642.MS00486","1642.MS00408","2382.DPOO1.C1.HA.4.243.root.9.11.lane1.NoIndex.L001.sequences","1642.MS00383","1642.MS00600","2382.SH005.C3.RH.4.268.root.9.11.lane1.NoIndex.L001.sequences","1642.MS00603","2382.MU002.C3.HA.2.283.root.9.11.lane1.NoIndex.L001.sequences","1642.MS00492","1642.MS00437","1642.MS00418","1642.MS00559","1642.MS00363","2382.MU002.C3.HA.4.492.rhizo.4.12.lane7.NoIndex.L007.sequences","2382.RU006.C181.RH.4.593.root.4.12.lane7.NoIndex.L007.sequences","1642.MS00584","2382.HE003.C181.HA.3.762.rhizo.9.12.lane7.NoIndex.L007.sequences","1642.MS00571","2382.SH007.C6.RH.5.323.root.9.11.lane1.NoIndex.L001.sequences","1642.MS00636","2382.RU006.C181.RH.1.577.rhizo.4.12.lane7.NoIndex.L007.sequences","2382.SH004.C1.RH.5.622.rhizo.9.12.lane7.NoIndex.L007.sequences","1642.MS00438","2382.SH004.C1.RH.4.417.rhizo.4.12.lane7.NoIndex.L007.sequences","2382.MU002.C3.HA.3.288.root.9.11.lane1.NoIndex.L001.sequences","2382.SH004.C1.RH.4.618.root.9.12.lane7.NoIndex.L007.sequences","2382.SH005.C3.RH.1.253.root.9.11.lane1.NoIndex.L001.sequences","1642.MS00630","2382.DPOO1.C1.HA.5.248.root.9.11.lane1.NoIndex.L001.sequences","1642.MS00506"
"2382.MU002.C3.HA.5.79.root.6.11.lane1.NoIndex.L001.sequences",0,0.9188,0.7948,0.9098,0.5932,0.9088,0.9616,0.9142,0.9112,0.6366,0.9228,0.9074,0.6558,0.9084,0.918,0.534,0.9196,0.4952,0.9112,0.9162,0.91,0.9188,0.9026,0.8266,0.7998,0.9346,0.851,0.934,0.625,0.9222,0.8628,0.7976,0.9252,0.8142,0.5376,0.6494,0.6294,0.907,0.5616,0.913
"1642.MS00515",0.9188,0,0.92,0.5148,0.9592,0.534,0.9898,0.4792,0.4602,0.9626,0.5134,0.509,0.9412,0.5562,0.4998,0.9318,0.5114,0.935,0.4556,0.5234,0.5176,0.49,0.579,0.9042,0.9234,0.502,0.9156,0.5442,0.9488,0.5048,0.884,0.9058,0.5436,0.9132,0.9612,0.956,0.9228,0.5084,0.9092,0.5278
"2382.SH007.C6.RH.1.502.rhizo.4.12.lane7.NoIndex.L007.sequences",0.7948,0.92,0,0.9038,0.892,0.8926,0.9718,0.9178,0.9158,0.8918,0.9244,0.9062,0.814,0.9038,0.9214,0.8326,0.905,0.8812,0.9074,0.9148,0.9102,0.919,0.9058,0.7586,0.8956,0.9416,0.6884,0.936,0.8154,0.919,0.7822,0.6074,0.9274,0.5226,0.8744,0.8154,0.7414,0.9004,0.8158,0.9094
"1642.MS00428",0.9098,0.5148,0.9038,0,0.9514,0.479,0.984,0.537,0.481,0.9506,0.5324,0.4484,0.9398,0.4824,0.5546,0.9214,0.5662,0.9266,0.5282,0.4974,0.486,0.514,0.5012,0.9038,0.9126,0.561,0.906,0.5592,0.9446,0.563,0.8806,0.9066,0.5058,0.8992,0.956,0.942,0.9178,0.5366,0.8802,0.53
"2382.DPOO1.C1.HA.1.428.root.4.12.lane7.NoIndex.L007.sequences",0.5932,0.9592,0.892,0.9514,0,0.951,0.97,0.9564,0.9524,0.4976,0.9578,0.9536,0.5358,0.949,0.9614,0.5814,0.9566,0.612,0.9586,0.9578,0.9564,0.9624,0.955,0.9184,0.8038,0.964,0.914,0.9676,0.7736,0.957,0.9154,0.9018,0.963,0.8934,0.4572,0.7772,0.7754,0.9488,0.6372,0.9576
"1642.MS00403",0.9088,0.534,0.8926,0.479,0.951,0,0.9878,0.5394,0.5344,0.9508,0.5596,0.48,0.9316,0.517,0.5768,0.9194,0.4952,0.9216,0.5048,0.4832,0.4908,0.522,0.5516,0.8898,0.9118,0.6062,0.895,0.6052,0.9374,0.5256,0.8586,0.8922,0.549,0.886,0.954,0.9432,0.9098,0.5158,0.9248,0.5696
"1001.SKD8",0.9616,0.9898,0.9718,0.984,0.97,0.9878,0,0.99,0.9878,0.9664,0.989,0.9898,0.9776,0.9844,0.9872,0.9688,0.9878,0.955,0.9882,0.9904,0.9874,0.9886,0.9858,0.9922,0.9844,0.9886,0.972,0.989,0.9334,0.991,0.983,0.9818,0.9892,0.974,0.9666,0.9252,0.9612,0.988,0.9766,0.9886
"1642.MS00541",0.9142,0.4792,0.9178,0.537,0.9564,0.5394,0.99,0,0.5098,0.9526,0.5348,0.548,0.938,0.5828,0.4654,0.9224,0.5516,0.9258,0.5088,0.5792,0.5478,0.533,0.629,0.905,0.9086,0.5394,0.9212,0.59,0.9436,0.5142,0.88,0.9164,0.5866,0.9112,0.9582,0.9416,0.9196,0.5336,0.9164,0.592
"1642.MS00479",0.9112,0.4602,0.9158,0.481,0.9524,0.5344,0.9878,0.5098,0,0.9482,0.517,0.475,0.9304,0.5542,0.5264,0.9182,0.5368,0.9244,0.4792,0.5258,0.517,0.4952,0.5422,0.9042,0.9206,0.505,0.9102,0.5134,0.943,0.5262,0.8802,0.9064,0.5098,0.9046,0.9526,0.949,0.9176,0.5078,0.857,0.4944
"2382.SH007.C6.RH.2.708.root.9.12.lane7.NoIndex.L007.sequences",0.6366,0.9626,0.8918,0.9506,0.4976,0.9508,0.9664,0.9526,0.9482,0,0.9578,0.952,0.521,0.9504,0.9572,0.6162,0.9572,0.6366,0.9606,0.958,0.9578,0.9616,0.9526,0.9214,0.815,0.9628,0.8966,0.9684,0.7692,0.958,0.9008,0.8924,0.9618,0.8964,0.4788,0.7544,0.7548,0.9484,0.7012,0.9596
"1642.MS00486",0.9228,0.5134,0.9244,0.5324,0.9578,0.5596,0.989,0.5348,0.517,0.9578,0,0.5196,0.9416,0.5818,0.5432,0.9294,0.5668,0.9346,0.5208,0.534,0.5416,0.5074,0.5936,0.9122,0.9246,0.543,0.9304,0.5754,0.9544,0.5402,0.8912,0.916,0.5436,0.9188,0.9616,0.9606,0.9252,0.5514,0.9128,0.5508
"1642.MS00408",0.9074,0.509,0.9062,0.4484,0.9536,0.48,0.9898,0.548,0.475,0.952,0.5196,0,0.9332,0.4906,0.5714,0.9198,0.5196,0.9258,0.5096,0.4558,0.477,0.4958,0.4882,0.8874,0.9114,0.575,0.9008,0.5234,0.9482,0.5218,0.8572,0.8944,0.474,0.8968,0.9562,0.953,0.9174,0.5136,0.8552,0.4742
"2382.DPOO1.C1.HA.4.243.root.9.11.lane1.NoIndex.L001.sequences",0.6558,0.9412,0.814,0.9398,0.5358,0.9316,0.9776,0.938,0.9304,0.521,0.9416,0.9332,0,0.9318,0.94,0.6202,0.934,0.6712,0.9384,0.9366,0.9388,0.9414,0.9378,0.862,0.8694,0.9542,0.865,0.953,0.7462,0.938,0.8876,0.8018,0.9446,0.8054,0.5356,0.7484,0.6928,0.9322,0.5334,0.9372
"1642.MS00383",0.9084,0.5562,0.9038,0.4824,0.949,0.517,0.9844,0.5828,0.5542,0.9504,0.5818,0.4906,0.9318,0,0.605,0.922,0.5852,0.9246,0.5588,0.5128,0.5112,0.5368,0.5304,0.899,0.9138,0.6078,0.9026,0.5936,0.943,0.5896,0.8672,0.8996,0.5622,0.8972,0.9542,0.9434,0.9176,0.571,0.9112,0.5584
"1642.MS00600",0.918,0.4998,0.9214,0.5546,0.9614,0.5768,0.9872,0.4654,0.5264,0.9572,0.5432,0.5714,0.94,0.605,0,0.9248,0.5622,0.9326,0.5248,0.5934,0.5574,0.5304,0.6402,0.919,0.9278,0.5028,0.926,0.5896,0.9478,0.5266,0.8988,0.913,0.5862,0.9172,0.9614,0.9524,0.922,0.5348,0.9174,0.6004
"2382.SH005.C3.RH.4.268.root.9.11.lane1.NoIndex.L001.sequences",0.534,0.9318,0.8326,0.9214,0.5814,0.9194,0.9688,0.9224,0.9182,0.6162,0.9294,0.9198,0.6202,0.922,0.9248,0,0.922,0.5428,0.9272,0.9228,0.9222,0.9276,0.9228,0.8514,0.7602,0.9408,0.8558,0.9452,0.5542,0.9272,0.844,0.8352,0.9344,0.8494,0.5484,0.664,0.5092,0.9134,0.5744,0.93
"1642.MS00603",0.9196,0.5114,0.905,0.5662,0.9566,0.4952,0.9878,0.5516,0.5368,0.9572,0.5668,0.5196,0.934,0.5852,0.5622,0.922,0,0.9272,0.4702,0.5198,0.5404,0.5048,0.6134,0.8918,0.9212,0.586,0.902,0.5908,0.9452,0.499,0.867,0.8878,0.5918,0.8988,0.9586,0.9542,0.9152,0.4986,0.9306,0.5472
"2382.MU002.C3.HA.2.283.root.9.11.lane1.NoIndex.L001.sequences",0.4952,0.935,0.8812,0.9266,0.612,0.9216,0.955,0.9258,0.9244,0.6366,0.9346,0.9258,0.6712,0.9246,0.9326,0.5428,0.9272,0,0.933,0.9338,0.9266,0.9346,0.9238,0.8708,0.7576,0.9428,0.891,0.9496,0.6472,0.9356,0.8836,0.8778,0.94,0.888,0.5424,0.6832,0.6922,0.9194,0.6106,0.9326
"1642.MS00492",0.9112,0.4556,0.9074,0.5282,0.9586,0.5048,0.9882,0.5088,0.4792,0.9606,0.5208,0.5096,0.9384,0.5588,0.5248,0.9272,0.4702,0.933,0,0.4996,0.5124,0.4804,0.5916,0.8952,0.9292,0.533,0.9088,0.5604,0.9484,0.487,0.8758,0.8968,0.561,0.8982,0.9616,0.9534,0.9176,0.497,0.9192,0.5222
"1642.MS00437",0.9162,0.5234,0.9148,0.4974,0.9578,0.4832,0.9904,0.5792,0.5258,0.958,0.534,0.4558,0.9366,0.5128,0.5934,0.9228,0.5198,0.9338,0.4996,0,0.4544,0.4736,0.5428,0.8998,0.9266,0.5882,0.9076,0.586,0.951,0.5394,0.8704,0.9064,0.5064,0.9026,0.962,0.9572,0.917,0.535,0.9132,0.5332
"1642.MS00418",0.91,0.5176,0.9102,0.486,0.9564,0.4908,0.9874,0.5478,0.517,0.9578,0.5416,0.477,0.9388,0.5112,0.5574,0.9222,0.5404,0.9266,0.5124,0.4544,0,0.4822,0.5478,0.9022,0.9206,0.55,0.913,0.5938,0.9492,0.5404,0.8758,0.9054,0.4822,0.9052,0.9602,0.9486,0.9132,0.5418,0.9282,0.5462
"1642.MS00559",0.9188,0.49,0.919,0.514,0.9624,0.522,0.9886,0.533,0.4952,0.9616,0.5074,0.4958,0.9414,0.5368,0.5304,0.9276,0.5048,0.9346,0.4804,0.4736,0.4822,0,0.5688,0.9004,0.9284,0.5236,0.911,0.5558,0.95,0.512,0.8772,0.9002,0.5082,0.9112,0.9642,0.9556,0.9182,0.5014,0.9132,0.512
"1642.MS00363",0.9026,0.579,0.9058,0.5012,0.955,0.5516,0.9858,0.629,0.5422,0.9526,0.5936,0.4882,0.9378,0.5304,0.6402,0.9228,0.6134,0.9238,0.5916,0.5428,0.5478,0.5688,0,0.9002,0.9124,0.6248,0.9104,0.5164,0.942,0.6274,0.872,0.9032,0.478,0.9058,0.9572,0.9424,0.9146,0.6114,0.8428,0.4768
"2382.MU002.C3.HA.4.492.rhizo.4.12.lane7.NoIndex.L007.sequences",0.8266,0.9042,0.7586,0.9038,0.9184,0.8898,0.9922,0.905,0.9042,0.9214,0.9122,0.8874,0.862,0.899,0.919,0.8514,0.8918,0.8708,0.8952,0.8998,0.9022,0.9004,0.9002,0,0.8804,0.9356,0.6938,0.9242,0.905,0.8994,0.6954,0.678,0.9114,0.748,0.9212,0.916,0.8418,0.8862,0.8512,0.8994
"2382.RU006.C181.RH.4.593.root.4.12.lane7.NoIndex.L007.sequences",0.7998,0.9234,0.8956,0.9126,0.8038,0.9118,0.9844,0.9086,0.9206,0.815,0.9246,0.9114,0.8694,0.9138,0.9278,0.7602,0.9212,0.7576,0.9292,0.9266,0.9206,0.9284,0.9124,0.8804,0,0.9434,0.9014,0.9416,0.8804,0.9214,0.8084,0.9102,0.9344,0.8984,0.8362,0.8788,0.8822,0.9036,0.857,0.928
"1642.MS00584",0.9346,0.502,0.9416,0.561,0.964,0.6062,0.9886,0.5394,0.505,0.9628,0.543,0.575,0.9542,0.6078,0.5028,0.9408,0.586,0.9428,0.533,0.5882,0.55,0.5236,0.6248,0.9356,0.9434,0,0.9384,0.5606,0.9614,0.5644,0.9208,0.9356,0.5594,0.935,0.964,0.962,0.9392,0.5762,0.9122,0.5674
"2382.HE003.C181.HA.3.762.rhizo.9.12.lane7.NoIndex.L007.sequences",0.851,0.9156,0.6884,0.906,0.914,0.895,0.972,0.9212,0.9102,0.8966,0.9304,0.9008,0.865,0.9026,0.926,0.8558,0.902,0.891,0.9088,0.9076,0.913,0.911,0.9104,0.6938,0.9014,0.9384,0,0.9338,0.8794,0.9128,0.679,0.687,0.93,0.7052,0.9132,0.8998,0.829,0.8956,0.8572,0.909
"1642.MS00571",0.934,0.5442,0.936,0.5592,0.9676,0.6052,0.989,0.59,0.5134,0.9684,0.5754,0.5234,0.953,0.5936,0.5896,0.9452,0.5908,0.9496,0.5604,0.586,0.5938,0.5558,0.5164,0.9242,0.9416,0.5606,0.9338,0,0.9582,0.5822,0.9078,0.9278,0.4862,0.9306,0.9692,0.962,0.9372,0.5894,0.8594,0.4588
"2382.SH007.C6.RH.5.323.root.9.11.lane1.NoIndex.L001.sequences",0.625,0.9488,0.8154,0.9446,0.7736,0.9374,0.9334,0.9436,0.943,0.7692,0.9544,0.9482,0.7462,0.943,0.9478,0.5542,0.9452,0.6472,0.9484,0.951,0.9492,0.95,0.942,0.905,0.8804,0.9614,0.8794,0.9582,0,0.9484,0.9078,0.8546,0.955,0.837,0.681,0.5236,0.5234,0.9418,0.6632,0.953
"1642.MS00636",0.9222,0.5048,0.919,0.563,0.957,0.5256,0.991,0.5142,0.5262,0.958,0.5402,0.5218,0.938,0.5896,0.5266,0.9272,0.499,0.9356,0.487,0.5394,0.5404,0.512,0.6274,0.8994,0.9214,0.5644,0.9128,0.5822,0.9484,0,0.8702,0.9042,0.5736,0.91,0.961,0.9566,0.9234,0.492,0.9324,0.5582
"2382.RU006.C181.RH.1.577.rhizo.4.12.lane7.NoIndex.L007.sequences",0.8628,0.884,0.7822,0.8806,0.9154,0.8586,0.983,0.88,0.8802,0.9008,0.8912,0.8572,0.8876,0.8672,0.8988,0.844,0.867,0.8836,0.8758,0.8704,0.8758,0.8772,0.872,0.6954,0.8084,0.9208,0.679,0.9078,0.9078,0.8702,0,0.7476,0.8938,0.7854,0.9236,0.924,0.8586,0.8522,0.8804,0.8776
"2382.SH004.C1.RH.5.622.rhizo.9.12.lane7.NoIndex.L007.sequences",0.7976,0.9058,0.6074,0.9066,0.9018,0.8922,0.9818,0.9164,0.9064,0.8924,0.916,0.8944,0.8018,0.8996,0.913,0.8352,0.8878,0.8778,0.8968,0.9064,0.9054,0.9002,0.9032,0.678,0.9102,0.9356,0.687,0.9278,0.8546,0.9042,0.7476,0,0.9174,0.5592,0.8898,0.8434,0.784,0.8892,0.7896,0.899
"1642.MS00438",0.9252,0.5436,0.9274,0.5058,0.963,0.549,0.9892,0.5866,0.5098,0.9618,0.5436,0.474,0.9446,0.5622,0.5862,0.9344,0.5918,0.94,0.561,0.5064,0.4822,0.5082,0.478,0.9114,0.9344,0.5594,0.93,0.4862,0.955,0.5736,0.8938,0.9174,0,0.921,0.9646,0.961,0.931,0.5874,0.849,0.4636
"2382.SH004.C1.RH.4.417.rhizo.4.12.lane7.NoIndex.L007.sequences",0.8142,0.9132,0.5226,0.8992,0.8934,0.886,0.974,0.9112,0.9046,0.8964,0.9188,0.8968,0.8054,0.8972,0.9172,0.8494,0.8988,0.888,0.8982,0.9026,0.9052,0.9112,0.9058,0.748,0.8984,0.935,0.7052,0.9306,0.837,0.91,0.7854,0.5592,0.921,0,0.888,0.8318,0.7726,0.8912,0.8008,0.9036
"2382.MU002.C3.HA.3.288.root.9.11.lane1.NoIndex.L001.sequences",0.5376,0.9612,0.8744,0.956,0.4572,0.954,0.9666,0.9582,0.9526,0.4788,0.9616,0.9562,0.5356,0.9542,0.9614,0.5484,0.9586,0.5424,0.9616,0.962,0.9602,0.9642,0.9572,0.9212,0.8362,0.964,0.9132,0.9692,0.681,0.961,0.9236,0.8898,0.9646,0.888,0,0.709,0.719,0.9514,0.5688,0.9618
"2382.SH004.C1.RH.4.618.root.9.12.lane7.NoIndex.L007.sequences",0.6494,0.956,0.8154,0.942,0.7772,0.9432,0.9252,0.9416,0.949,0.7544,0.9606,0.953,0.7484,0.9434,0.9524,0.664,0.9542,0.6832,0.9534,0.9572,0.9486,0.9556,0.9424,0.916,0.8788,0.962,0.8998,0.962,0.5236,0.9566,0.924,0.8434,0.961,0.8318,0.709,0,0.6362,0.9474,0.6818,0.9568
"2382.SH005.C3.RH.1.253.root.9.11.lane1.NoIndex.L001.sequences",0.6294,0.9228,0.7414,0.9178,0.7754,0.9098,0.9612,0.9196,0.9176,0.7548,0.9252,0.9174,0.6928,0.9176,0.922,0.5092,0.9152,0.6922,0.9176,0.917,0.9132,0.9182,0.9146,0.8418,0.8822,0.9392,0.829,0.9372,0.5234,0.9234,0.8586,0.784,0.931,0.7726,0.719,0.6362,0,0.917,0.6488,0.9212
"1642.MS00630",0.907,0.5084,0.9004,0.5366,0.9488,0.5158,0.988,0.5336,0.5078,0.9484,0.5514,0.5136,0.9322,0.571,0.5348,0.9134,0.4986,0.9194,0.497,0.535,0.5418,0.5014,0.6114,0.8862,0.9036,0.5762,0.8956,0.5894,0.9418,0.492,0.8522,0.8892,0.5874,0.8912,0.9514,0.9474,0.917,0,0.9204,0.538
"2382.DPOO1.C1.HA.5.248.root.9.11.lane1.NoIndex.L001.sequences",0.5616,0.9092,0.8158,0.8802,0.6372,0.9248,0.9766,0.9164,0.857,0.7012,0.9128,0.8552,0.5334,0.9112,0.9174,0.5744,0.9306,0.6106,0.9192,0.9132,0.9282,0.9132,0.8428,0.8512,0.857,0.9122,0.8572,0.8594,0.6632,0.9324,0.8804,0.7896,0.849,0.8008,0.5688,0.6818,0.6488,0.9204,0,0.8466
"1642.MS00506",0.913,0.5278,0.9094,0.53,0.9576,0.5696,0.9886,0.592,0.4944,0.9596,0.5508,0.4742,0.9372,0.5584,0.6004,0.93,0.5472,0.9326,0.5222,0.5332,0.5462,0.512,0.4768,0.8994,0.928,0.5674,0.909,0.4588,0.953,0.5582,0.8776,0.899,0.4636,0.9036,0.9618,0.9568,0.9212,0.538,0.8466,0
