"","1642.MS00612","2382.RU006.C181.RH.5.798.root.9.12.lane7.NoIndex.L007.sequences","1642.MS00629","2382.GM.181.R1.root.10.12.lane7.NoIndex.L007.sequences","1642.MS00522","2382.SH007.C6.RH.2.507.rhizo.4.12.lane7.NoIndex.L007.sequences","1642.MS00427","2382.HE003.C181.HA.5.139.root.6.11.lane1.NoIndex.L001.sequences","2382.SH005.C3.RH.5.273.root.9.11.lane1.NoIndex.L001.sequences","2382.RU006.C181.RH.4.593.root.4.12.lane7.NoIndex.L007.sequences","1642.MS00484","1642.MS00435","1642.MS00621","1642.MS00611","1642.MS00551","2382.HE003.C181.HA.4.135.root.6.11.lane1.NoIndex.L001.sequences","1642.MS00530","2382.DPOO1.C1.HA.2.633.root.9.12.lane7.NoIndex.L007.sequences","1642.MS00596","1642.MS00627","2382.SH004.C1.RH.1.402.rhizo.4.12.lane7.NoIndex.L007.sequences","2382.HE003.C181.HA.2.558.root.4.12.lane7.NoIndex.L007.sequences","1642.MS00338","1642.MS00370","2382.SH004.C1.RH.4.618.root.9.12.lane7.NoIndex.L007.sequences","2382.DPOO1.C1.HA.5.447.rhizo.4.12.lane7.NoIndex.L007.sequences","1642.MS00527","1642.MS00520","2382.SH005.C3.RH.1.653.root.9.12.lane7.NoIndex.L007.sequences","1642.MS00486","1642.MS00440","2382.SH004.C1.RH.1.403.root.4.12.lane7.NoIndex.L007.sequences","2382.HE003.C181.HA.4.568.root.4.12.lane7.NoIndex.L007.sequences","1642.MS00502","2382.RU006.C181.RH.4.592.rhizo.4.12.lane7.NoIndex.L007.sequences","2382.DPOO1.C1.HA.2.432.rhizo.4.12.lane7.NoIndex.L007.sequences","2382.HE003.C181.HA.3.562.rhizo.4.12.lane7.NoIndex.L007.sequences","2382.RU006.C181.RH.2.582.rhizo.4.12.lane7.NoIndex.L007.sequences","1642.MS00628","2382.DPOO1.C1.HA.5.448.root.4.12.lane7.NoIndex.L007.sequences"
"1642.MS00612",0,0.1105882924404,0.0273309807959,0.1090542718998,0.0259057391239,0.0933284440984,0.0301123659307,0.1075365896181,0.0971721365033,0.1044063743081,0.0280498687048,0.025930197078,0.0219250693071,0.0231728602306,0.0253463203421,0.1025420190761,0.0211997969452,0.0980091051562,0.0219114297338,0.0212307780874,0.0988670538697,0.1078335220535,0.0390183193194,0.1113423242333,0.1148167101891,0.0914519736369,0.0249873626515,0.0242935293573,0.1088047013631,0.021554157245,0.0263717727684,0.1087703928913,0.1110282755714,0.0241712664402,0.0991493494646,0.0929250731603,0.0955400178192,0.0934217319481,0.0211266772908,0.1139809521372
"2382.RU006.C181.RH.5.798.root.9.12.lane7.NoIndex.L007.sequences",0.1105882924404,0,0.0887843550205,0.026940860176,0.1092229865202,0.0510883899272,0.0935577958517,0.0334106211994,0.0457984945777,0.0120520800917,0.1233103586508,0.0923989901064,0.1069642707877,0.1002197397289,0.0940450149251,0.0281926860852,0.0966255698435,0.0372336839172,0.1010669582739,0.1013170667601,0.0479530774102,0.031282448134,0.0892740061207,0.1131685754833,0.0464274881568,0.0525990106558,0.1001859844964,0.0912372873704,0.0324055660787,0.0983820270114,0.0904804273542,0.0463493076581,0.0344860675281,0.0897035422083,0.0291788373451,0.0604425028179,0.0465792601876,0.0397753315579,0.098271204551,0.0474905352006
"1642.MS00629",0.0273309807959,0.0887843550205,0,0.0894305251208,0.0335974732662,0.0748923437817,0.0305847946956,0.0891264038222,0.0814649526527,0.084996143005,0.0393761360931,0.0257194926703,0.0242453697811,0.0269515519634,0.0260064340622,0.0845545900077,0.0240581310659,0.0796229660331,0.0231940981721,0.0219054810434,0.0777007879183,0.0874150744093,0.0396822619888,0.0995188910778,0.0979971863556,0.0729861247092,0.0308350268326,0.0301690449136,0.0903114590873,0.0275550157645,0.0279431954906,0.0916946272381,0.0906747759385,0.028654792655,0.0792942345757,0.0741154551964,0.0755791223454,0.0747060084184,0.0228807072153,0.0929682163861
"2382.GM.181.R1.root.10.12.lane7.NoIndex.L007.sequences",0.1090542718998,0.026940860176,0.0894305251208,0,0.1103160258703,0.0507163016662,0.0941034830254,0.021206011835,0.0336461435103,0.0276869900959,0.1218245353038,0.0942917237175,0.1106140859661,0.1050955327463,0.0954485349574,0.0217171997904,0.1003696974247,0.024403613939,0.1036869395081,0.1048856711559,0.0467978827611,0.0196621542068,0.0871299337551,0.0975598809388,0.0250536627273,0.053105842135,0.1012877874925,0.0907543201771,0.0187867210583,0.1115750095268,0.0901493895904,0.0248136252113,0.0169294864934,0.0942346172665,0.0575782856665,0.0617476493167,0.0542357888107,0.0471991113699,0.1043027598117,0.0244298091512
"1642.MS00522",0.0259057391239,0.1092229865202,0.0335974732662,0.1103160258703,0,0.0973037951958,0.0262284603298,0.1114074250754,0.0968015311096,0.1023274970926,0.0195199523618,0.0243525045998,0.0245464550959,0.0263971442635,0.028614493713,0.1062631933572,0.0211438050367,0.0987329891612,0.0256126021963,0.0259434887662,0.1018448583619,0.1097605468574,0.0331743120912,0.0999719986985,0.1123881343107,0.0947216886702,0.0227764210708,0.0216663185848,0.1090408422905,0.0190157656843,0.021510340767,0.1085458475412,0.1129013471385,0.0210955824611,0.0975616002025,0.1055507160435,0.1003313920403,0.094768915437,0.0265168415869,0.1155329447765
"2382.SH007.C6.RH.2.507.rhizo.4.12.lane7.NoIndex.L007.sequences",0.0933284440984,0.0510883899272,0.0748923437817,0.0507163016662,0.0973037951958,0,0.0837498985871,0.0383713715463,0.0279266628328,0.0480336197511,0.1142405331942,0.0758558152736,0.0869893718015,0.0868312853999,0.0849199222403,0.0368507127651,0.0861115473263,0.0382300395076,0.0873866601527,0.0844850285922,0.0177275052291,0.0406844814779,0.0859679277247,0.1186353624866,0.0425780706231,0.0271214780983,0.0878826432668,0.0882825985977,0.0437645119224,0.105610617689,0.0814315063623,0.0354355934135,0.0422316592668,0.0867465203283,0.0479556322106,0.0313136121396,0.0260402035574,0.0249533056009,0.0853764843621,0.0473538972654
"1642.MS00427",0.0301123659307,0.0935577958517,0.0305847946956,0.0941034830254,0.0262284603298,0.0837498985871,0,0.09593088714,0.0830204093699,0.086018572028,0.0274048953722,0.0218440586992,0.0261983699567,0.0293172318071,0.0268609374464,0.0890582355722,0.02312112193,0.084112464886,0.0269409433082,0.0275914799089,0.0864207185275,0.0944633928535,0.0233922741834,0.0816273141507,0.0983465760309,0.0843516398058,0.0269994016868,0.0234564354765,0.0925368531897,0.0243102028839,0.0201910507972,0.0937444994101,0.0965498544587,0.0236982172811,0.0832961835815,0.092854437691,0.0831435490239,0.0803897205147,0.027626358037,0.1029515925135
"2382.HE003.C181.HA.5.139.root.6.11.lane1.NoIndex.L001.sequences",0.1075365896181,0.0334106211994,0.0891264038222,0.021206011835,0.1114074250754,0.0383713715463,0.09593088714,0,0.0288587623342,0.0365362471493,0.1270688806622,0.0934704344141,0.1046572779042,0.0999576600111,0.0948493947658,0.0123442452393,0.0985944932215,0.0211186693388,0.1012768321437,0.0986228930858,0.0378282628731,0.0134175512734,0.0960804265394,0.1157764456609,0.0296239543246,0.0475342078294,0.0995748106063,0.0932184312687,0.0195243012108,0.1171663671734,0.0938436495824,0.0214827179715,0.0120509154753,0.0941180563647,0.0616088790815,0.0557355871814,0.037933602525,0.0420497145968,0.0999854304986,0.0215658144601
"2382.SH005.C3.RH.5.273.root.9.11.lane1.NoIndex.L001.sequences",0.0971721365033,0.0457984945777,0.0814649526527,0.0336461435103,0.0968015311096,0.0279266628328,0.0830204093699,0.0288587623342,0,0.0469761361998,0.1075038293982,0.0800172639282,0.0920165768221,0.089079006871,0.0842472819482,0.0272045153572,0.0874402654459,0.0283068830344,0.0908426259549,0.0894170445713,0.0287723526124,0.0367601462392,0.0753186675125,0.0965356180968,0.0228374480672,0.0366186364165,0.0870059712232,0.082626938545,0.0281551792425,0.0865917546213,0.0815833526654,0.0226888568034,0.030793875628,0.08324676148,0.0593784564213,0.0581668299273,0.0363420800971,0.0349287462432,0.0905280371306,0.0300832207639
"2382.RU006.C181.RH.4.593.root.4.12.lane7.NoIndex.L007.sequences",0.1044063743081,0.0120520800917,0.084996143005,0.0276869900959,0.1023274970926,0.0480336197511,0.086018572028,0.0365362471493,0.0469761361998,0,0.1196864663728,0.0875313526543,0.1064379884223,0.0950421469036,0.090095375159,0.0280050036488,0.0935294761956,0.0350341786841,0.0964685591657,0.0941516093736,0.0466098769627,0.0293132283865,0.0843009862117,0.1089640919847,0.0460145653577,0.0541234003097,0.0938138874221,0.0835395667406,0.0312377084087,0.1090968552475,0.0860385270693,0.046989767046,0.0336139553492,0.0826529831342,0.0232980246923,0.0593048394432,0.0448887596215,0.0384030306862,0.093842719395,0.0439447630874
"1642.MS00484",0.0280498687048,0.1233103586508,0.0393761360931,0.1218245353038,0.0195199523618,0.1142405331942,0.0274048953722,0.1270688806622,0.1075038293982,0.1196864663728,0,0.0280619487273,0.0288689265727,0.0291683572598,0.0301386930223,0.1217796364857,0.0234358265273,0.1135525437963,0.0284491582958,0.0296186916481,0.120125557134,0.1269793032428,0.0330473853268,0.1056407966846,0.1261854426781,0.1135858731212,0.0246276845851,0.0221970330754,0.1255789601994,0.0200454408143,0.0232448979074,0.1252868901408,0.1289365954873,0.0221283014239,0.117079038352,0.1159694371305,0.1139358165199,0.1102883604473,0.0296114967775,0.1333709728599
"1642.MS00435",0.025930197078,0.0923989901064,0.0257194926703,0.0942917237175,0.0243525045998,0.0758558152736,0.0218440586992,0.0934704344141,0.0800172639282,0.0875313526543,0.0280619487273,0,0.0239142175522,0.0253692438314,0.0260458321839,0.0882755450495,0.0217159057605,0.0809964366725,0.0243183156548,0.0242986294584,0.080230870364,0.0917051851223,0.0261778527682,0.0925636714851,0.099537849756,0.0719897357934,0.024997024999,0.0246114031062,0.0909616886959,0.0228529408554,0.0189780293197,0.094413700201,0.0939028956244,0.0246405792019,0.0811774215651,0.0766187349657,0.0781534681307,0.0731845912883,0.0240689167679,0.0989504525102
"1642.MS00621",0.0219250693071,0.1069642707877,0.0242453697811,0.1106140859661,0.0245464550959,0.0869893718015,0.0261983699567,0.1046572779042,0.0920165768221,0.1064379884223,0.0288689265727,0.0239142175522,0,0.0220401124321,0.0289355379513,0.0995448462982,0.020168358606,0.09394733269,0.0210726743362,0.0198309401229,0.0903831864198,0.104555107439,0.0403133354742,0.1039026768905,0.1125928033423,0.0846591651023,0.0262033762297,0.0248520602409,0.1038249974138,0.0205932470783,0.0238559355163,0.1070169425413,0.1077069429615,0.0227830398926,0.0908345793368,0.0863382990602,0.087566467698,0.0849836534008,0.0195977806432,0.1058638607377
"1642.MS00611",0.0231728602306,0.1002197397289,0.0269515519634,0.1050955327463,0.0263971442635,0.0868312853999,0.0293172318071,0.0999576600111,0.089079006871,0.0950421469036,0.0291683572598,0.0253692438314,0.0220401124321,0,0.0310709509502,0.0939340487418,0.021744650776,0.0914048298486,0.0230524391118,0.022246155255,0.0912141293384,0.1011033971266,0.0420091424183,0.1047055861144,0.1115198271804,0.0839242681331,0.0273828400702,0.0262564132729,0.1017445762883,0.0226230341339,0.0268015245705,0.1023223722838,0.1024321520633,0.0247824771323,0.0889964844364,0.0846907656659,0.0899145255504,0.0848640079394,0.0210900080298,0.107364538498
"1642.MS00551",0.0253463203421,0.0940450149251,0.0260064340622,0.0954485349574,0.028614493713,0.0849199222403,0.0268609374464,0.0948493947658,0.0842472819482,0.090095375159,0.0301386930223,0.0260458321839,0.0289355379513,0.0310709509502,0,0.0881565597821,0.0242648415401,0.0855435114222,0.0238608947154,0.0294090360596,0.0888844597728,0.0929511235487,0.0378665671858,0.0998950582447,0.1026344747807,0.084055839445,0.0288724278412,0.0257215234278,0.0974663549029,0.0233256769951,0.023536816947,0.0966009632464,0.0986533611197,0.0259424080605,0.0863649051275,0.0858590174838,0.0824096737418,0.0845045360929,0.026947006237,0.0990599459228
"2382.HE003.C181.HA.4.135.root.6.11.lane1.NoIndex.L001.sequences",0.1025420190761,0.0281926860852,0.0845545900077,0.0217171997904,0.1062631933572,0.0368507127651,0.0890582355722,0.0123442452393,0.0272045153572,0.0280050036488,0.1217796364857,0.0882755450495,0.0995448462982,0.0939340487418,0.0881565597821,0,0.0933195239296,0.0224496940866,0.096107718249,0.0947818762688,0.0368034257352,0.0136482701905,0.0918770294741,0.112616347569,0.0301595753856,0.0462834668705,0.094529673856,0.0880891758955,0.0198368227459,0.1109629726161,0.0885931351412,0.0233645829756,0.0136885366872,0.090567713815,0.0511238126962,0.0537599826615,0.0329531629219,0.0398439130584,0.093514905899,0.0223623375366
"1642.MS00530",0.0211997969452,0.0966255698435,0.0240581310659,0.1003696974247,0.0211438050367,0.0861115473263,0.02312112193,0.0985944932215,0.0874402654459,0.0935294761956,0.0234358265273,0.0217159057605,0.020168358606,0.021744650776,0.0242648415401,0.0933195239296,0,0.0884084710744,0.0219461262642,0.019823423896,0.0910250530264,0.0991689432341,0.033600761817,0.1000277347297,0.1076576659106,0.0858396047409,0.0246319709311,0.0212274618868,0.100645712741,0.0179655362853,0.0200109834849,0.1010196611644,0.1031563953058,0.0195890980283,0.0922468025843,0.0884869463841,0.0862039377564,0.0851856457166,0.0204036414548,0.1060038945016
"2382.DPOO1.C1.HA.2.633.root.9.12.lane7.NoIndex.L007.sequences",0.0980091051562,0.0372336839172,0.0796229660331,0.024403613939,0.0987329891612,0.0382300395076,0.084112464886,0.0211186693388,0.0283068830344,0.0350341786841,0.1135525437963,0.0809964366725,0.09394733269,0.0914048298486,0.0855435114222,0.0224496940866,0.0884084710744,0,0.0905748169239,0.0898946994816,0.0364207613239,0.0222429628847,0.079023558232,0.1077082380583,0.0282352219039,0.0350644854835,0.0904864299963,0.0841232925724,0.0184857972096,0.1042257827509,0.0817181099616,0.0231984616345,0.0211463280478,0.0848352127822,0.0563342014642,0.0445489921419,0.0372654793815,0.037439774221,0.0905328374648,0.0195120547197
"1642.MS00596",0.0219114297338,0.1010669582739,0.0231940981721,0.1036869395081,0.0256126021963,0.0873866601527,0.0269409433082,0.1012768321437,0.0908426259549,0.0964685591657,0.0284491582958,0.0243183156548,0.0210726743362,0.0230524391118,0.0238608947154,0.096107718249,0.0219461262642,0.0905748169239,0,0.0209617119034,0.09102407409,0.0998649045652,0.0359422355095,0.1040692711192,0.1101985463602,0.0846023396756,0.0243839253468,0.0240239426737,0.1023242307349,0.0219629280739,0.0246457092346,0.1041964977609,0.1044344586475,0.023757288455,0.0916001165423,0.0847855100345,0.0862332733248,0.0855264501202,0.0205046602786,0.1068283355108
"1642.MS00627",0.0212307780874,0.1013170667601,0.0219054810434,0.1048856711559,0.0259434887662,0.0844850285922,0.0275914799089,0.0986228930858,0.0894170445713,0.0941516093736,0.0296186916481,0.0242986294584,0.0198309401229,0.022246155255,0.0294090360596,0.0947818762688,0.019823423896,0.0898946994816,0.0209617119034,0,0.0887933358834,0.1008453967254,0.0395408388868,0.1056611801213,0.1107984278494,0.08204085984,0.0265454121881,0.025002036743,0.1005679788886,0.0226806014461,0.0238634381312,0.1013543071206,0.1018716952432,0.0239455501715,0.0902147712313,0.0851731640936,0.0865760827626,0.083933599727,0.0189406614622,0.1040787288833
"2382.SH004.C1.RH.1.402.rhizo.4.12.lane7.NoIndex.L007.sequences",0.0988670538697,0.0479530774102,0.0777007879183,0.0467978827611,0.1018448583619,0.0177275052291,0.0864207185275,0.0378282628731,0.0287723526124,0.0466098769627,0.120125557134,0.080230870364,0.0903831864198,0.0912141293384,0.0888844597728,0.0368034257352,0.0910250530264,0.0364207613239,0.09102407409,0.0887933358834,0,0.0409280784372,0.0873051737553,0.1198429104932,0.0399188008924,0.0260288878824,0.0933267943716,0.0919403675403,0.0412958538465,0.1088649604525,0.0850319728916,0.0320342891163,0.0413272718194,0.0894206969554,0.0487630287229,0.0340330298805,0.0291299741176,0.027671970655,0.0900335709061,0.040789112095
"2382.HE003.C181.HA.2.558.root.4.12.lane7.NoIndex.L007.sequences",0.1078335220535,0.031282448134,0.0874150744093,0.0196621542068,0.1097605468574,0.0406844814779,0.0944633928535,0.0134175512734,0.0367601462392,0.0293132283865,0.1269793032428,0.0917051851223,0.104555107439,0.1011033971266,0.0929511235487,0.0136482701905,0.0991689432341,0.0222429628847,0.0998649045652,0.1008453967254,0.0409280784372,0,0.0928917901319,0.1145110542758,0.0341630688644,0.0457646470204,0.0986538042862,0.0933197694186,0.0197538215938,0.1165273417219,0.0929393616207,0.0238796441811,0.0107250308213,0.0929340511066,0.053735240241,0.0559864404243,0.0382541222187,0.0397350872904,0.099252673414,0.0215676591508
"1642.MS00338",0.0390183193194,0.0892740061207,0.0396822619888,0.0871299337551,0.0331743120912,0.0859679277247,0.0233922741834,0.0960804265394,0.0753186675125,0.0843009862117,0.0330473853268,0.0261778527682,0.0403133354742,0.0420091424183,0.0378665671858,0.0918770294741,0.033600761817,0.079023558232,0.0359422355095,0.0395408388868,0.0873051737553,0.0928917901319,0,0.0709478899248,0.0874035955746,0.0812494728434,0.0313382501645,0.0263606878096,0.0825634871478,0.0298574201176,0.0221241370894,0.0883833393792,0.0916861314563,0.02863575124,0.0819973479459,0.102549648215,0.0857315064905,0.0800443677218,0.0383855444108,0.0972948664161
"1642.MS00370",0.1113423242333,0.1131685754833,0.0995188910778,0.0975598809388,0.0999719986985,0.1186353624866,0.0816273141507,0.1157764456609,0.0965356180968,0.1089640919847,0.1056407966846,0.0925636714851,0.1039026768905,0.1047055861144,0.0998950582447,0.112616347569,0.1000277347297,0.1077082380583,0.1040692711192,0.1056611801213,0.1198429104932,0.1145110542758,0.0709478899248,0,0.1076433337708,0.12140186205,0.0963624611557,0.0830149471672,0.1064876414698,0.0971702581368,0.0937898784707,0.1130607167828,0.1129267090833,0.0884495249079,0.1266847418475,0.1451503862523,0.1244951617336,0.1183067405387,0.107019014897,0.119293362067
"2382.SH004.C1.RH.4.618.root.9.12.lane7.NoIndex.L007.sequences",0.1148167101891,0.0464274881568,0.0979971863556,0.0250536627273,0.1123881343107,0.0425780706231,0.0983465760309,0.0296239543246,0.0228374480672,0.0460145653577,0.1261854426781,0.099537849756,0.1125928033423,0.1115198271804,0.1026344747807,0.0301595753856,0.1076576659106,0.0282352219039,0.1101985463602,0.1107984278494,0.0399188008924,0.0341630688644,0.0874035955746,0.1076433337708,0,0.0526258933663,0.1049307312414,0.0975488898045,0.0262814909935,0.1196034855865,0.0957273585289,0.0146562550219,0.0241800627578,0.096969364867,0.0706507669835,0.0680394487516,0.0553392724845,0.0515667171348,0.1126561826454,0.0267224358726
"2382.DPOO1.C1.HA.5.447.rhizo.4.12.lane7.NoIndex.L007.sequences",0.0914519736369,0.0525990106558,0.0729861247092,0.053105842135,0.0947216886702,0.0271214780983,0.0843516398058,0.0475342078294,0.0366186364165,0.0541234003097,0.1135858731212,0.0719897357934,0.0846591651023,0.0839242681331,0.084055839445,0.0462834668705,0.0858396047409,0.0350644854835,0.0846023396756,0.08204085984,0.0260288878824,0.0457646470204,0.0812494728434,0.12140186205,0.0526258933663,0,0.0849065111202,0.0908975412641,0.0482924163539,0.1038165744601,0.0796479134875,0.042041759796,0.0489711713235,0.083492040414,0.0535163059244,0.0202642995801,0.0324818296087,0.0286944142215,0.0847551470271,0.0423236645769
"1642.MS00527",0.0249873626515,0.1001859844964,0.0308350268326,0.1012877874925,0.0227764210708,0.0878826432668,0.0269994016868,0.0995748106063,0.0870059712232,0.0938138874221,0.0246276845851,0.024997024999,0.0262033762297,0.0273828400702,0.0288724278412,0.094529673856,0.0246319709311,0.0904864299963,0.0243839253468,0.0265454121881,0.0933267943716,0.0986538042862,0.0313382501645,0.0963624611557,0.1049307312414,0.0849065111202,0,0.0212637968321,0.0987079911656,0.0228612695265,0.0253309950125,0.098001456242,0.1011083843437,0.0235882929475,0.0904441571129,0.0980695014471,0.0890396810443,0.0855613284446,0.0252023046779,0.1044056177781
"1642.MS00520",0.0242935293573,0.0912372873704,0.0301690449136,0.0907543201771,0.0216663185848,0.0882825985977,0.0234564354765,0.0932184312687,0.082626938545,0.0835395667406,0.0221970330754,0.0246114031062,0.0248520602409,0.0262564132729,0.0257215234278,0.0880891758955,0.0212274618868,0.0841232925724,0.0240239426737,0.025002036743,0.0919403675403,0.0933197694186,0.0263606878096,0.0830149471672,0.0975488898045,0.0908975412641,0.0212637968321,0,0.0910455141197,0.0197884127961,0.0214944083273,0.093028306334,0.0966765988949,0.0174410515669,0.0867913632356,0.1133631676597,0.0889757382282,0.0860501943929,0.0248751209255,0.0967844872421
"2382.SH005.C3.RH.1.653.root.9.12.lane7.NoIndex.L007.sequences",0.1088047013631,0.0324055660787,0.0903114590873,0.0187867210583,0.1090408422905,0.0437645119224,0.0925368531897,0.0195243012108,0.0281551792425,0.0312377084087,0.1255789601994,0.0909616886959,0.1038249974138,0.1017445762883,0.0974663549029,0.0198368227459,0.100645712741,0.0184857972096,0.1023242307349,0.1005679788886,0.0412958538465,0.0197538215938,0.0825634871478,0.1064876414698,0.0262814909935,0.0482924163539,0.0987079911656,0.0910455141197,0,0.118694457373,0.0923822631862,0.0202697125779,0.0182926964174,0.0946588359579,0.0617928085564,0.058635665467,0.0456560075223,0.0442060420482,0.0997870013606,0.0167224433987
"1642.MS00486",0.021554157245,0.0983820270114,0.0275550157645,0.1115750095268,0.0190157656843,0.105610617689,0.0243102028839,0.1171663671734,0.0865917546213,0.1090968552475,0.0200454408143,0.0228529408554,0.0205932470783,0.0226230341339,0.0233256769951,0.1109629726161,0.0179655362853,0.1042257827509,0.0219629280739,0.0226806014461,0.1088649604525,0.1165273417219,0.0298574201176,0.0971702581368,0.1196034855865,0.1038165744601,0.0228612695265,0.0197884127961,0.118694457373,0,0.0199822593897,0.117229957684,0.1212442816714,0.020889285623,0.1061278531075,0.1057902922277,0.0902145643022,0.0994549981989,0.0233145485995,0.1228580848394
"1642.MS00440",0.0263717727684,0.0904804273542,0.0279431954906,0.0901493895904,0.021510340767,0.0814315063623,0.0201910507972,0.0938436495824,0.0815833526654,0.0860385270693,0.0232448979074,0.0189780293197,0.0238559355163,0.0268015245705,0.023536816947,0.0885931351412,0.0200109834849,0.0817181099616,0.0246457092346,0.0238634381312,0.0850319728916,0.0929393616207,0.0221241370894,0.0937898784707,0.0957273585289,0.0796479134875,0.0253309950125,0.0214944083273,0.0923822631862,0.0199822593897,0,0.091710509271,0.0974292962296,0.0215865302087,0.0861784614261,0.0846442329519,0.083409781369,0.0789377884048,0.024416364339,0.1015168496881
"2382.SH004.C1.RH.1.403.root.4.12.lane7.NoIndex.L007.sequences",0.1087703928913,0.0463493076581,0.0916946272381,0.0248136252113,0.1085458475412,0.0354355934135,0.0937444994101,0.0214827179715,0.0226888568034,0.046989767046,0.1252868901408,0.094413700201,0.1070169425413,0.1023223722838,0.0966009632464,0.0233645829756,0.1010196611644,0.0231984616345,0.1041964977609,0.1013543071206,0.0320342891163,0.0238796441811,0.0883833393792,0.1130607167828,0.0146562550219,0.042041759796,0.098001456242,0.093028306334,0.0202697125779,0.117229957684,0.091710509271,0,0.0206152023621,0.0936283076584,0.0739894009829,0.0575201023471,0.0460060086796,0.0446852285701,0.1038362879542,0.0185642528062
"2382.HE003.C181.HA.4.568.root.4.12.lane7.NoIndex.L007.sequences",0.1110282755714,0.0344860675281,0.0906747759385,0.0169294864934,0.1129013471385,0.0422316592668,0.0965498544587,0.0120509154753,0.030793875628,0.0336139553492,0.1289365954873,0.0939028956244,0.1077069429615,0.1024321520633,0.0986533611197,0.0136885366872,0.1031563953058,0.0211463280478,0.1044344586475,0.1018716952432,0.0413272718194,0.0107250308213,0.0916861314563,0.1129267090833,0.0241800627578,0.0489711713235,0.1011083843437,0.0966765988949,0.0182926964174,0.1212442816714,0.0974292962296,0.0206152023621,0,0.0979051363354,0.0681290251693,0.0576263874709,0.0417813554469,0.0454922986727,0.103438586615,0.0201486293937
"1642.MS00502",0.0241712664402,0.0897035422083,0.028654792655,0.0942346172665,0.0210955824611,0.0867465203283,0.0236982172811,0.0941180563647,0.08324676148,0.0826529831342,0.0221283014239,0.0246405792019,0.0227830398926,0.0247824771323,0.0259424080605,0.090567713815,0.0195890980283,0.0848352127822,0.023757288455,0.0239455501715,0.0894206969554,0.0929340511066,0.02863575124,0.0884495249079,0.096969364867,0.083492040414,0.0235882929475,0.0174410515669,0.0946588359579,0.020889285623,0.0215865302087,0.0936283076584,0.0979051363354,0,0.083244838883,0.1015831403197,0.0852116032734,0.0819126830097,0.0234057464016,0.0997473177362
"2382.RU006.C181.RH.4.592.rhizo.4.12.lane7.NoIndex.L007.sequences",0.0991493494646,0.0291788373451,0.0792942345757,0.0575782856665,0.0975616002025,0.0479556322106,0.0832961835815,0.0616088790815,0.0593784564213,0.0232980246923,0.117079038352,0.0811774215651,0.0908345793368,0.0889964844364,0.0863649051275,0.0511238126962,0.0922468025843,0.0563342014642,0.0916001165423,0.0902147712313,0.0487630287229,0.053735240241,0.0819973479459,0.1266847418475,0.0706507669835,0.0535163059244,0.0904441571129,0.0867913632356,0.0617928085564,0.1061278531075,0.0861784614261,0.0739894009829,0.0681290251693,0.083244838883,0,0.047703191769,0.0405198751442,0.0298742259427,0.0865571224866,0.0784504157247
"2382.DPOO1.C1.HA.2.432.rhizo.4.12.lane7.NoIndex.L007.sequences",0.0929250731603,0.0604425028179,0.0741154551964,0.0617476493167,0.1055507160435,0.0313136121396,0.092854437691,0.0557355871814,0.0581668299273,0.0593048394432,0.1159694371305,0.0766187349657,0.0863382990602,0.0846907656659,0.0858590174838,0.0537599826615,0.0884869463841,0.0445489921419,0.0847855100345,0.0851731640936,0.0340330298805,0.0559864404243,0.102549648215,0.1451503862523,0.0680394487516,0.0202642995801,0.0980695014471,0.1133631676597,0.058635665467,0.1057902922277,0.0846442329519,0.0575201023471,0.0576263874709,0.1015831403197,0.047703191769,0,0.0342714508477,0.031426188863,0.0822551243449,0.0519510366038
"2382.HE003.C181.HA.3.562.rhizo.4.12.lane7.NoIndex.L007.sequences",0.0955400178192,0.0465792601876,0.0755791223454,0.0542357888107,0.1003313920403,0.0260402035574,0.0831435490239,0.037933602525,0.0363420800971,0.0448887596215,0.1139358165199,0.0781534681307,0.087566467698,0.0899145255504,0.0824096737418,0.0329531629219,0.0862039377564,0.0372654793815,0.0862332733248,0.0865760827626,0.0291299741176,0.0382541222187,0.0857315064905,0.1244951617336,0.0553392724845,0.0324818296087,0.0890396810443,0.0889757382282,0.0456560075223,0.0902145643022,0.083409781369,0.0460060086796,0.0417813554469,0.0852116032734,0.0405198751442,0.0342714508477,0,0.0249747674562,0.084820804125,0.0463751836916
"2382.RU006.C181.RH.2.582.rhizo.4.12.lane7.NoIndex.L007.sequences",0.0934217319481,0.0397753315579,0.0747060084184,0.0471991113699,0.094768915437,0.0249533056009,0.0803897205147,0.0420497145968,0.0349287462432,0.0384030306862,0.1102883604473,0.0731845912883,0.0849836534008,0.0848640079394,0.0845045360929,0.0398439130584,0.0851856457166,0.037439774221,0.0855264501202,0.083933599727,0.027671970655,0.0397350872904,0.0800443677218,0.1183067405387,0.0515667171348,0.0286944142215,0.0855613284446,0.0860501943929,0.0442060420482,0.0994549981989,0.0789377884048,0.0446852285701,0.0454922986727,0.0819126830097,0.0298742259427,0.031426188863,0.0249747674562,0,0.0849662202526,0.0513504035095
"1642.MS00628",0.0211266772908,0.098271204551,0.0228807072153,0.1043027598117,0.0265168415869,0.0853764843621,0.027626358037,0.0999854304986,0.0905280371306,0.093842719395,0.0296114967775,0.0240689167679,0.0195977806432,0.0210900080298,0.026947006237,0.093514905899,0.0204036414548,0.0905328374648,0.0205046602786,0.0189406614622,0.0900335709061,0.099252673414,0.0383855444108,0.107019014897,0.1126561826454,0.0847551470271,0.0252023046779,0.0248751209255,0.0997870013606,0.0233145485995,0.024416364339,0.1038362879542,0.103438586615,0.0234057464016,0.0865571224866,0.0822551243449,0.084820804125,0.0849662202526,0,0.1059402281385
"2382.DPOO1.C1.HA.5.448.root.4.12.lane7.NoIndex.L007.sequences",0.1139809521372,0.0474905352006,0.0929682163861,0.0244298091512,0.1155329447765,0.0473538972654,0.1029515925135,0.0215658144601,0.0300832207639,0.0439447630874,0.1333709728599,0.0989504525102,0.1058638607377,0.107364538498,0.0990599459228,0.0223623375366,0.1060038945016,0.0195120547197,0.1068283355108,0.1040787288833,0.040789112095,0.0215676591508,0.0972948664161,0.119293362067,0.0267224358726,0.0423236645769,0.1044056177781,0.0967844872421,0.0167224433987,0.1228580848394,0.1015168496881,0.0185642528062,0.0201486293937,0.0997473177362,0.0784504157247,0.0519510366038,0.0463751836916,0.0513504035095,0.1059402281385,0
