"","2382.GM.181.R1.root.10.12.lane7.NoIndex.L007.sequences","2382.HE003.C181.HA.2.558.root.4.12.lane7.NoIndex.L007.sequences","2382.SH005.C3.RH.1.653.root.9.12.lane7.NoIndex.L007.sequences","1642.MS00621","2382.SH004.C1.RH.1.402.rhizo.4.12.lane7.NoIndex.L007.sequences","2382.DPOO1.C1.HA.5.447.rhizo.4.12.lane7.NoIndex.L007.sequences","2382.SH007.C6.RH.2.507.rhizo.4.12.lane7.NoIndex.L007.sequences","1642.MS00627","1642.MS00486","2382.HE003.C181.HA.5.139.root.6.11.lane1.NoIndex.L001.sequences","1642.MS00370","1642.MS00484","1642.MS00596","1642.MS00530","2382.RU006.C181.RH.4.592.rhizo.4.12.lane7.NoIndex.L007.sequences","1642.MS00427","1642.MS00628","2382.SH004.C1.RH.1.403.root.4.12.lane7.NoIndex.L007.sequences","1642.MS00629","1642.MS00612","1642.MS00435","2382.SH005.C3.RH.5.273.root.9.11.lane1.NoIndex.L001.sequences","1642.MS00527","1642.MS00611","2382.HE003.C181.HA.4.568.root.4.12.lane7.NoIndex.L007.sequences","2382.DPOO1.C1.HA.2.432.rhizo.4.12.lane7.NoIndex.L007.sequences","2382.HE003.C181.HA.4.135.root.6.11.lane1.NoIndex.L001.sequences","2382.DPOO1.C1.HA.5.448.root.4.12.lane7.NoIndex.L007.sequences","2382.RU006.C181.RH.4.593.root.4.12.lane7.NoIndex.L007.sequences","1642.MS00520","2382.RU006.C181.RH.2.582.rhizo.4.12.lane7.NoIndex.L007.sequences","1642.MS00522","2382.RU006.C181.RH.5.798.root.9.12.lane7.NoIndex.L007.sequences","1642.MS00551","2382.DPOO1.C1.HA.2.633.root.9.12.lane7.NoIndex.L007.sequences","1642.MS00502","1642.MS00338","1642.MS00440","2382.SH004.C1.RH.4.618.root.9.12.lane7.NoIndex.L007.sequences","2382.HE003.C181.HA.3.562.rhizo.4.12.lane7.NoIndex.L007.sequences"
"2382.GM.181.R1.root.10.12.lane7.NoIndex.L007.sequences",0,-0.992,-0.95,1,0.946,0.998,0.992,1,1,-0.952,1,1,1,1,0.997,1,1,-0.954,1,1,1,0.0800000000000001,1,1,-0.992,0.998,-0.99,-0.83,-0.648,1,0.976,1,-0.76,1,-0.826,1,1,1,-0.956,0.998
"2382.HE003.C181.HA.2.558.root.4.12.lane7.NoIndex.L007.sequences",-0.992,0,-0.996,1,1,1,0.99,1,1,-1,1,1,1,1,1,1,1,-0.839,1,1,1,0.182,1,1,-1,1,-1,-0.996,-0.514,1,0.937,1,-0.724,1,-0.986,1,1,1,-0.652,0.815
"2382.SH005.C3.RH.1.653.root.9.12.lane7.NoIndex.L007.sequences",-0.95,-0.996,0,1,0.98,0.992,0.964,1,1,-0.996,1,1,1,1,1,1,1,-0.998,1,1,1,-0.43,1,1,-0.994,0.998,-0.994,-1,0.0589999999999999,1,0.962,1,-0.678,1,-1,1,1,1,-0.67,0.976
"1642.MS00621",1,1,1,0,1,1,1,-0.998,-0.517,1,0.894,0.261,-0.95,-0.962,1,-0.329,-0.996,1,-0.762,-0.96,-0.885,1,0.0680000000000001,-0.942,1,1,1,1,1,0.869,1,-0.273,1,-0.26,1,-0.089,1,-0.761,1,1
"2382.SH004.C1.RH.1.402.rhizo.4.12.lane7.NoIndex.L007.sequences",0.946,1,0.98,1,0,0.054,-1,1,1,0.998,1,1,1,1,1,1,1,0.637,1,1,1,0.832,1,1,0.98,0.753,0.986,0.977,1,1,0.777,1,1,1,0.994,1,1,1,0.59,0.723
"2382.DPOO1.C1.HA.5.447.rhizo.4.12.lane7.NoIndex.L007.sequences",0.998,1,0.992,1,0.054,0,0.355,1,1,1,1,1,1,1,1,1,1,1,1,1,1,1,1,1,1,-0.95,1,0.939,1,1,0.762,1,1,1,0.984,1,1,1,0.998,0.953
"2382.SH007.C6.RH.2.507.rhizo.4.12.lane7.NoIndex.L007.sequences",0.992,0.99,0.964,1,-1,0.355,0,1,1,0.989,1,1,1,1,1,1,1,0.822,1,1,1,0.508,1,1,0.953,0.897,0.944,0.984,1,1,0.28,1,1,1,1,1,1,1,0.471,0.165
"1642.MS00627",1,1,1,-0.998,1,1,1,0,-0.447,1,0.805,0.765,-0.998,-0.968,1,-0.119,-1,1,-0.976,-0.978,-0.863,1,-0.16,-0.98,1,1,1,1,1,0.934,1,0.02,1,-0.416,1,0.129,1,-0.47,1,1
"1642.MS00486",1,1,1,-0.517,1,1,1,-0.447,0,1,0.18,-0.753,-0.568,-0.989,1,-0.45,-0.563,1,0.617,-0.629,-0.282,1,-0.402,-0.387,1,1,1,1,1,-0.196,1,-0.922,1,-0.245,1,-0.577,0.862,-0.889,1,1
"2382.HE003.C181.HA.5.139.root.6.11.lane1.NoIndex.L001.sequences",-0.952,-1,-0.996,1,0.998,1,0.989,1,1,0,1,1,1,1,1,1,1,-0.849,1,1,1,-0.159,1,1,-1,1,-1,-0.998,-0.029,1,0.958,1,-0.433,1,-0.99,1,1,1,-0.693,0.894
"1642.MS00370",1,1,1,0.894,1,1,1,0.805,0.18,1,0,0.546,0.888,0.41,1,-0.581,0.854,1,0.885,0.818,0.36,1,-0.912,0.907,1,1,1,1,1,-1,1,-0.766,1,-0.222,1,-1,-0.998,-0.503,1,1
"1642.MS00484",1,1,1,0.261,1,1,1,0.765,-0.753,1,0.546,0,0.706,-0.701,1,-0.241,0.86,1,1,0.274,0.442,1,0.185,0.823,1,1,1,1,1,-0.0590000000000001,1,-0.942,1,0.938,1,-0.362,0.972,-0.745,1,1
"1642.MS00596",1,1,1,-0.95,1,1,1,-0.998,-0.568,1,0.888,0.706,0,-0.945,1,0.0880000000000001,-1,1,-0.896,-0.968,-0.509,1,-0.325,-0.946,1,1,1,1,1,0.533,1,0.0169999999999999,1,-0.726,1,0.0609999999999999,1,-0.231,1,1
"1642.MS00530",1,1,1,-0.962,1,1,1,-0.968,-0.989,1,0.41,-0.701,-0.945,0,1,-0.678,-0.984,1,-0.351,-0.945,-0.792,1,-0.6,-0.88,1,1,1,1,1,-0.127,1,-0.926,1,-0.503,1,-0.561,0.952,-0.943,1,1
"2382.RU006.C181.RH.4.592.rhizo.4.12.lane7.NoIndex.L007.sequences",0.997,1,1,1,1,1,1,1,1,1,1,1,1,1,0,1,1,1,1,1,1,1,1,1,1,1,1,1,-0.356,1,0.846,1,-0.316,1,1,1,1,1,1,1
"1642.MS00427",1,1,1,-0.329,1,1,1,-0.119,-0.45,1,-0.581,-0.241,0.0880000000000001,-0.678,1,0,0.101,1,0.608,0.378,-0.801,1,-0.025,0.361,1,1,1,1,1,0.363,1,-0.327,1,0.497,1,-0.112,0.253,-0.962,1,1
"1642.MS00628",1,1,1,-0.996,1,1,1,-1,-0.563,1,0.854,0.86,-1,-0.984,1,0.101,0,1,-0.942,-0.994,-0.656,1,-0.0629999999999999,-0.986,1,1,1,1,1,0.938,1,0.469,1,-0.627,1,0.422,0.998,-0.219,1,1
"2382.SH004.C1.RH.1.403.root.4.12.lane7.NoIndex.L007.sequences",-0.954,-0.839,-0.998,1,0.637,1,0.822,1,1,-0.849,1,1,1,1,1,1,1,0,1,1,1,-0.732,1,1,-0.976,1,-0.968,-0.976,0.966,1,1,1,0.954,1,-0.734,1,1,1,-0.998,1
"1642.MS00629",1,1,1,-0.762,1,1,1,-0.976,0.617,1,0.885,1,-0.896,-0.351,1,0.608,-0.942,1,0,-0.31,-0.153,1,0.759,-0.634,1,1,1,1,1,0.998,1,0.986,1,-0.548,1,0.932,1,0.5,1,1
"1642.MS00612",1,1,1,-0.96,1,1,1,-0.978,-0.629,1,0.818,0.274,-0.968,-0.945,1,0.378,-0.994,1,-0.31,0,-0.444,1,-0.556,-0.982,1,1,1,1,1,0.507,1,-0.118,1,-0.495,1,0.016,1,-0.205,1,1
"1642.MS00435",1,1,1,-0.885,1,1,1,-0.863,-0.282,1,0.36,0.442,-0.509,-0.792,1,-0.801,-0.656,1,-0.153,-0.444,0,1,-0.466,-0.64,1,1,1,1,1,0.932,1,-0.343,1,0.657,1,0.534,0.818,-0.898,1,1
"2382.SH005.C3.RH.5.273.root.9.11.lane1.NoIndex.L001.sequences",0.0800000000000001,0.182,-0.43,1,0.832,1,0.508,1,1,-0.159,1,1,1,1,1,1,1,-0.732,1,1,1,0,1,1,-0.302,1,-0.639,0.508,1,1,1,1,0.998,1,0.673,1,1,1,-0.995,1
"1642.MS00527",1,1,1,0.0680000000000001,1,1,1,-0.16,-0.402,1,-0.912,0.185,-0.325,-0.6,1,-0.025,-0.0629999999999999,1,0.759,-0.556,-0.466,1,0,-0.171,1,1,1,1,1,-0.86,1,-0.852,1,-0.185,1,-0.952,0.146,-0.409,1,1
"1642.MS00611",1,1,1,-0.942,1,1,1,-0.98,-0.387,1,0.907,0.823,-0.946,-0.88,1,0.361,-0.986,1,-0.634,-0.982,-0.64,1,-0.171,0,1,1,1,1,1,0.868,1,0.369,1,-0.398,1,0.432,1,-0.096,1,1
"2382.HE003.C181.HA.4.568.root.4.12.lane7.NoIndex.L007.sequences",-0.992,-1,-0.994,1,0.98,1,0.953,1,1,-1,1,1,1,1,1,1,1,-0.976,1,1,1,-0.302,1,1,0,0.992,-1,-0.998,-0.292,1,0.91,1,-0.509,1,-0.982,1,1,1,-0.662,0.886
"2382.DPOO1.C1.HA.2.432.rhizo.4.12.lane7.NoIndex.L007.sequences",0.998,1,0.998,1,0.753,-0.95,0.897,1,1,1,1,1,1,1,1,1,1,1,1,1,1,1,1,1,0.992,0,0.996,0.992,1,1,0.666,1,0.998,1,0.95,1,1,1,1,0.683
"2382.HE003.C181.HA.4.135.root.6.11.lane1.NoIndex.L001.sequences",-0.99,-1,-0.994,1,0.986,1,0.944,1,1,-1,1,1,1,1,1,1,1,-0.968,1,1,1,-0.639,1,1,-1,0.996,0,-1,0.069,1,0.97,1,-0.193,1,-0.956,1,1,1,-0.673,0.765
"2382.DPOO1.C1.HA.5.448.root.4.12.lane7.NoIndex.L007.sequences",-0.83,-0.996,-1,1,0.977,0.939,0.984,1,1,-0.998,1,1,1,1,1,1,1,-0.976,1,1,1,0.508,1,1,-0.998,0.992,-1,0,0.756,1,1,1,0.497,1,-1,1,1,1,-0.354,1
"2382.RU006.C181.RH.4.593.root.4.12.lane7.NoIndex.L007.sequences",-0.648,-0.514,0.0589999999999999,1,1,1,1,1,1,-0.029,1,1,1,1,-0.356,1,1,0.966,1,1,1,1,1,1,-0.292,1,0.069,0.756,0,1,0.965,1,-1,1,0.17,1,1,1,0.956,1
"1642.MS00520",1,1,1,0.869,1,1,1,0.934,-0.196,1,-1,-0.0590000000000001,0.533,-0.127,1,0.363,0.938,1,0.998,0.507,0.932,1,-0.86,0.868,1,1,1,1,1,0,1,-0.872,1,0.438,1,-1,-0.738,-0.482,1,1
"2382.RU006.C181.RH.2.582.rhizo.4.12.lane7.NoIndex.L007.sequences",0.976,0.937,0.962,1,0.777,0.762,0.28,1,1,0.958,1,1,1,1,0.846,1,1,1,1,1,1,1,1,1,0.91,0.666,0.97,1,0.965,1,0,1,0.889,1,0.994,1,1,1,1,-0.236
"1642.MS00522",1,1,1,-0.273,1,1,1,0.02,-0.922,1,-0.766,-0.942,0.0169999999999999,-0.926,1,-0.327,0.469,1,0.986,-0.118,-0.343,1,-0.852,0.369,1,1,1,1,1,-0.872,1,0,1,0.188,1,-0.946,0.129,-0.981,1,1
"2382.RU006.C181.RH.5.798.root.9.12.lane7.NoIndex.L007.sequences",-0.76,-0.724,-0.678,1,1,1,1,1,1,-0.433,1,1,1,1,-0.316,1,1,0.954,1,1,1,0.998,1,1,-0.509,0.998,-0.193,0.497,-1,1,0.889,1,0,1,-0.358,1,1,1,0.636,1
"1642.MS00551",1,1,1,-0.26,1,1,1,-0.416,-0.245,1,-0.222,0.938,-0.726,-0.503,1,0.497,-0.627,1,-0.548,-0.495,0.657,1,-0.185,-0.398,1,1,1,1,1,0.438,1,0.188,1,0,1,-0.094,0.972,-0.161,1,1
"2382.DPOO1.C1.HA.2.633.root.9.12.lane7.NoIndex.L007.sequences",-0.826,-0.986,-1,1,0.994,0.984,1,1,1,-0.99,1,1,1,1,1,1,1,-0.734,1,1,1,0.673,1,1,-0.982,0.95,-0.956,-1,0.17,1,0.994,1,-0.358,1,0,1,1,1,-0.604,1
"1642.MS00502",1,1,1,-0.089,1,1,1,0.129,-0.577,1,-1,-0.362,0.0609999999999999,-0.561,1,-0.112,0.422,1,0.932,0.016,0.534,1,-0.952,0.432,1,1,1,1,1,-1,1,-0.946,1,-0.094,1,0,-0.888,-0.846,1,1
"1642.MS00338",1,1,1,1,1,1,1,1,0.862,1,-0.998,0.972,1,0.952,1,0.253,0.998,1,1,1,0.818,1,0.146,1,1,1,1,1,1,-0.738,1,0.129,1,0.972,1,-0.888,0,-0.096,1,1
"1642.MS00440",1,1,1,-0.761,1,1,1,-0.47,-0.889,1,-0.503,-0.745,-0.231,-0.943,1,-0.962,-0.219,1,0.5,-0.205,-0.898,1,-0.409,-0.096,1,1,1,1,1,-0.482,1,-0.981,1,-0.161,1,-0.846,-0.096,0,1,1
"2382.SH004.C1.RH.4.618.root.9.12.lane7.NoIndex.L007.sequences",-0.956,-0.652,-0.67,1,0.59,0.998,0.471,1,1,-0.693,1,1,1,1,1,1,1,-0.998,1,1,1,-0.995,1,1,-0.662,1,-0.673,-0.354,0.956,1,1,1,0.636,1,-0.604,1,1,1,0,1
"2382.HE003.C181.HA.3.562.rhizo.4.12.lane7.NoIndex.L007.sequences",0.998,0.815,0.976,1,0.723,0.953,0.165,1,1,0.894,1,1,1,1,1,1,1,1,1,1,1,1,1,1,0.886,0.683,0.765,1,1,1,-0.236,1,1,1,1,1,1,1,1,0
