"","2382.SH008.C6.HA.4.343.root.9.11.lane1.NoIndex.L001.sequences","1642.MS00389","1642.MS00515","2382.MU002.C3.HA.5.698.root.9.12.lane7.NoIndex.L007.sequences","1642.MS00541","2382.MU002.C3.HA.3.688.root.9.12.lane7.NoIndex.L007.sequences","2382.SH004.C1.RH.3.613.root.9.12.lane7.NoIndex.L007.sequences","1642.MS00539","1642.MS00350","1642.MS00421","2382.SH005.C3.RH.5.672.rhizo.9.12.lane7.NoIndex.L007.sequences","1642.MS00531","1642.MS00596","1642.MS00601","2382.DPOO1.C1.HA.3.437.rhizo.4.12.r1.lane7.NoIndex.L007.sequences","1642.MS00534","1642.MS00602","2382.MU002.C3.HA.2.482.rhizo.4.12.lane7.NoIndex.L007.sequences","1642.MS00477","1642.MS00390","1642.MS00612","1642.MS00525","2382.MU002.C3.HA.5.498.root.4.12.lane7.NoIndex.L007.sequences","2382.MU002.C3.HA.4.492.rhizo.4.12.lane7.NoIndex.L007.sequences","1642.MS00497","2382.MU002.C3.HA.4.693.root.9.12.lane7.NoIndex.L007.sequences","1642.MS00523","1642.MS00617","1642.MS00502","1001.SKM7","1642.MS00410","2382.SH004.C1.RH.5.622.rhizo.9.12.lane7.NoIndex.L007.sequences","1642.MS00438","1642.MS00368","2382.SH005.C3.RH.3.462.rhizo.4.12.lane7.NoIndex.L007.sequences","1642.MS00412","2382.DPOO1.C1.HA.4.442.rhizo.4.12.lane7.NoIndex.L007.sequences","2382.MU002.C3.HA.3.687.rhizo.9.12.lane7.NoIndex.L007.sequences","1642.MS00415","2382.SH008.C6.HA.1.527.rhizo.4.12.lane7.NoIndex.L007.sequences"
"2382.SH008.C6.HA.4.343.root.9.11.lane1.NoIndex.L001.sequences",0,1,1,-0.974,1,-0.998,-0.977,1,1,1,0.994,1,1,1,0.994,1,1,0.996,1,1,1,1,-0.689,1,1,-0.704,1,1,1,0.994,1,0.94,1,1,0.656,1,0.998,1,1,0.209
"1642.MS00389",1,0,-0.337,1,0.544,1,1,-0.0659999999999999,-0.671,-0.982,1,0.752,0.452,0.309,1,-0.98,0.266,1,-0.904,-1,0.365,-0.81,1,1,-0.721,1,0.483,0.576,-1,1,-0.526,1,-1,-0.972,1,-0.591,1,1,-0.812,1
"1642.MS00515",1,-0.337,0,1,-1,1,1,-0.992,0.841,-0.939,1,-0.964,-0.85,-0.918,1,-0.432,-1,1,-0.998,0.633,-0.947,-1,1,1,-0.998,1,-0.902,-0.865,-0.976,1,-0.873,1,-0.764,0.992,1,-0.475,1,1,-0.669,1
"2382.MU002.C3.HA.5.698.root.9.12.lane7.NoIndex.L007.sequences",-0.974,1,1,0,1,-1,-0.916,1,1,1,1,1,1,1,1,1,1,1,1,1,1,1,-0.816,1,1,-0.483,1,1,1,0.925,1,1,1,1,1,1,1,1,1,1
"1642.MS00541",1,0.544,-1,1,0,1,1,-0.954,0.982,-0.793,1,-0.998,-0.271,-0.717,1,-0.118,-0.935,1,-0.932,0.739,-0.255,-0.907,1,1,-0.877,1,-0.685,-0.441,-0.815,1,-0.33,1,-0.164,0.999,1,-0.109,1,1,-0.104,1
"2382.MU002.C3.HA.3.688.root.9.12.lane7.NoIndex.L007.sequences",-0.998,1,1,-1,1,0,-1,1,1,1,0.992,1,1,1,1,1,1,0.967,1,1,1,1,-0.994,1,1,-0.97,1,1,1,1,1,0.994,1,1,1,1,1,0.965,1,1
"2382.SH004.C1.RH.3.613.root.9.12.lane7.NoIndex.L007.sequences",-0.977,1,1,-0.916,1,-1,0,1,1,1,0.828,1,1,1,0.95,1,1,0.938,1,1,1,1,-1,0.998,1,-1,1,1,1,0.988,1,0.932,1,1,0.954,1,0.96,0.977,1,0.826
"1642.MS00539",1,-0.0659999999999999,-0.992,1,-0.954,1,1,0,0.988,-0.936,1,-0.927,-0.99,-0.843,1,-0.504,-1,1,-0.865,0.577,-0.978,-0.994,1,1,-0.922,1,-0.976,-0.927,-0.656,1,-0.985,1,-0.626,0.996,1,-0.68,1,1,-0.78,1
"1642.MS00350",1,-0.671,0.841,1,0.982,1,1,0.988,0,-0.27,1,0.992,1,0.997,1,0.73,0.998,1,0.525,-0.7,1,0.616,1,1,0.399,1,1,1,0.604,1,0.955,1,0.032,-1,1,-0.496,1,1,-0.206,1
"1642.MS00421",1,-0.982,-0.939,1,-0.793,1,1,-0.936,-0.27,0,1,-0.301,-0.3,-0.36,1,-0.961,-0.742,1,-0.863,-0.61,0.091,-0.994,1,1,-0.961,1,0.026,-0.171,-0.7,1,-0.986,1,-0.978,-0.118,1,-0.749,1,1,-0.982,1
"2382.SH005.C3.RH.5.672.rhizo.9.12.lane7.NoIndex.L007.sequences",0.994,1,1,1,1,0.992,0.828,1,1,1,0,1,1,1,0.272,1,1,-0.593,1,1,1,1,0.988,-0.481,1,0.954,1,1,1,1,1,-0.869,1,1,-0.724,1,0.415,-0.962,1,-0.308
"1642.MS00531",1,0.752,-0.964,1,-0.998,1,1,-0.927,0.992,-0.301,1,0,-0.095,-0.308,1,0.228,-0.887,1,-0.87,0.965,-0.208,-0.843,1,1,-0.645,1,-0.603,-0.122,-0.455,1,-0.32,1,0.046,1,1,0.193,1,1,-0.013,1
"1642.MS00596",1,0.452,-0.85,1,-0.271,1,1,-0.99,1,-0.3,1,-0.095,0,-0.985,1,-0.369,-1,1,-0.383,0.998,-0.998,-0.911,1,1,-0.365,1,-0.426,-0.994,-0.024,1,-0.912,1,0.0820000000000001,1,1,-0.016,1,1,-0.282,1
"1642.MS00601",1,0.309,-0.918,1,-0.717,1,1,-0.843,0.997,-0.36,1,-0.308,-0.985,0,1,-0.361,-0.984,1,-0.195,0.992,-0.813,-1,1,1,-0.399,1,-0.125,-0.785,-0.055,1,-0.706,1,0.163,0.998,1,0.154,1,1,-0.506,1
"2382.DPOO1.C1.HA.3.437.rhizo.4.12.r1.lane7.NoIndex.L007.sequences",0.994,1,1,1,1,1,0.95,1,1,1,0.272,1,1,1,0,1,1,0.27,1,1,1,1,1,0.527,1,0.994,1,1,1,1,1,-0.685,1,1,0.583,1,-0.776,0.48,1,-0.248
"1642.MS00534",1,-0.98,-0.432,1,-0.118,1,1,-0.504,0.73,-0.961,1,0.228,-0.369,-0.361,1,0,-0.306,1,-0.944,0.281,0.732,-0.88,1,1,-0.806,1,0.964,0.544,-0.997,1,-0.141,1,-0.902,-0.298,1,0.56,1,1,0.687,1
"1642.MS00602",1,0.266,-1,1,-0.935,1,1,-1,0.998,-0.742,1,-0.887,-1,-0.984,1,-0.306,0,1,-0.503,0.986,-1,-0.976,1,1,-0.617,1,-0.874,-1,-0.246,1,-1,1,-0.288,1,1,-0.086,1,1,-0.465,1
"2382.MU002.C3.HA.2.482.rhizo.4.12.lane7.NoIndex.L007.sequences",0.996,1,1,1,1,0.967,0.938,1,1,1,-0.593,1,1,1,0.27,1,1,0,1,1,1,1,1,-0.623,1,0.958,1,1,1,1,1,-0.175,1,1,0.0900000000000001,1,0.264,-0.978,1,-0.219
"1642.MS00477",1,-0.904,-0.998,1,-0.932,1,1,-0.865,0.525,-0.863,1,-0.87,-0.383,-0.195,1,-0.944,-0.503,1,0,-0.4,-0.314,-1,1,1,-1,1,-0.805,-0.102,-1,1,-0.121,1,-0.998,0.466,1,0.018,1,1,-0.252,1
"1642.MS00390",1,-1,0.633,1,0.739,1,1,0.577,-0.7,-0.61,1,0.965,0.998,0.992,1,0.281,0.986,1,-0.4,0,0.982,-0.0620000000000001,1,1,-0.384,1,0.832,0.996,-0.551,1,0.542,1,-0.944,-0.672,1,-0.362,1,1,-0.488,1
"1642.MS00612",1,0.365,-0.947,1,-0.255,1,1,-0.978,1,0.091,1,-0.208,-0.998,-0.813,1,0.732,-1,1,-0.314,0.982,0,-0.98,1,1,-0.322,1,-0.982,-1,-0.103,1,-0.994,1,-0.491,1,1,0.028,1,1,-0.69,1
"1642.MS00525",1,-0.81,-1,1,-0.907,1,1,-0.994,0.616,-0.994,1,-0.843,-0.911,-1,1,-0.88,-0.976,1,-1,-0.0620000000000001,-0.98,0,1,1,-0.998,1,-0.854,-0.847,-0.982,1,-0.946,1,-0.985,0.867,1,-0.42,1,1,-0.899,1
"2382.MU002.C3.HA.5.498.root.4.12.lane7.NoIndex.L007.sequences",-0.689,1,1,-0.816,1,-0.994,-1,1,1,1,0.988,1,1,1,1,1,1,1,1,1,1,1,0,0.998,1,-1,1,1,1,1,1,1,1,1,1,1,1,1,1,1
"2382.MU002.C3.HA.4.492.rhizo.4.12.lane7.NoIndex.L007.sequences",1,1,1,1,1,1,0.998,1,1,1,-0.481,1,1,1,0.527,1,1,-0.623,1,1,1,1,0.998,0,1,1,1,1,1,1,1,0.479,1,1,0.95,1,0.552,-0.597,1,0.932
"1642.MS00497",1,-0.721,-0.998,1,-0.877,1,1,-0.922,0.399,-0.961,1,-0.645,-0.365,-0.399,1,-0.806,-0.617,1,-1,-0.384,-0.322,-0.998,1,1,0,1,-0.593,-0.018,-1,1,-0.155,1,-0.978,0.811,1,-0.377,1,1,-0.232,1
"2382.MU002.C3.HA.4.693.root.9.12.lane7.NoIndex.L007.sequences",-0.704,1,1,-0.483,1,-0.97,-1,1,1,1,0.954,1,1,1,0.994,1,1,0.958,1,1,1,1,-1,1,1,0,1,1,1,1,1,0.98,1,1,0.988,1,0.996,0.955,1,0.988
"1642.MS00523",1,0.483,-0.902,1,-0.685,1,1,-0.976,1,0.026,1,-0.603,-0.426,-0.125,1,0.964,-0.874,1,-0.805,0.832,-0.982,-0.854,1,1,-0.593,1,0,-0.435,-0.532,1,-0.57,1,-0.775,1,1,-0.28,1,1,-0.752,1
"1642.MS00617",1,0.576,-0.865,1,-0.441,1,1,-0.927,1,-0.171,1,-0.122,-0.994,-0.785,1,0.544,-1,1,-0.102,0.996,-1,-0.847,1,1,-0.018,1,-0.435,0,0.126,1,-0.986,1,-0.037,1,1,0.387,1,1,-0.268,1
"1642.MS00502",1,-1,-0.976,1,-0.815,1,1,-0.656,0.604,-0.7,1,-0.455,-0.024,-0.055,1,-0.997,-0.246,1,-1,-0.551,-0.103,-0.982,1,1,-1,1,-0.532,0.126,0,1,0.367,1,-1,-0.584,1,0.186,1,1,0.04,1
"1001.SKM7",0.994,1,1,0.925,1,1,0.988,1,1,1,1,1,1,1,1,1,1,1,1,1,1,1,1,1,1,1,1,1,1,0,1,1,1,1,1,1,1,1,1,1
"1642.MS00410",1,-0.526,-0.873,1,-0.33,1,1,-0.985,0.955,-0.986,1,-0.32,-0.912,-0.706,1,-0.141,-1,1,-0.121,0.542,-0.994,-0.946,1,1,-0.155,1,-0.57,-0.986,0.367,1,0,1,-0.886,0.987,1,-0.667,1,1,-1,1
"2382.SH004.C1.RH.5.622.rhizo.9.12.lane7.NoIndex.L007.sequences",0.94,1,1,1,1,0.994,0.932,1,1,1,-0.869,1,1,1,-0.685,1,1,-0.175,1,1,1,1,1,0.479,1,0.98,1,1,1,1,1,0,1,1,-0.373,1,-0.291,-0.441,1,-0.811
"1642.MS00438",1,-1,-0.764,1,-0.164,1,1,-0.626,0.032,-0.978,1,0.046,0.0820000000000001,0.163,1,-0.902,-0.288,1,-0.998,-0.944,-0.491,-0.985,1,1,-0.978,1,-0.775,-0.037,-1,1,-0.886,1,0,-0.688,1,-0.544,1,1,-0.97,1
"1642.MS00368",1,-0.972,0.992,1,0.999,1,1,0.996,-1,-0.118,1,1,1,0.998,1,-0.298,1,1,0.466,-0.672,1,0.867,1,1,0.811,1,1,1,-0.584,1,0.987,1,-0.688,0,1,-0.263,1,1,0.351,1
"2382.SH005.C3.RH.3.462.rhizo.4.12.lane7.NoIndex.L007.sequences",0.656,1,1,1,1,1,0.954,1,1,1,-0.724,1,1,1,0.583,1,1,0.0900000000000001,1,1,1,1,1,0.95,1,0.988,1,1,1,1,1,-0.373,1,1,0,1,0.456,0.503,1,-1
"1642.MS00412",1,-0.591,-0.475,1,-0.109,1,1,-0.68,-0.496,-0.749,1,0.193,-0.016,0.154,1,0.56,-0.086,1,0.018,-0.362,0.028,-0.42,1,1,-0.377,1,-0.28,0.387,0.186,1,-0.667,1,-0.544,-0.263,1,0,1,1,-1,1
"2382.DPOO1.C1.HA.4.442.rhizo.4.12.lane7.NoIndex.L007.sequences",0.998,1,1,1,1,1,0.96,1,1,1,0.415,1,1,1,-0.776,1,1,0.264,1,1,1,1,1,0.552,1,0.996,1,1,1,1,1,-0.291,1,1,0.456,1,0,0.507,1,-0.017
"2382.MU002.C3.HA.3.687.rhizo.9.12.lane7.NoIndex.L007.sequences",1,1,1,1,1,0.965,0.977,1,1,1,-0.962,1,1,1,0.48,1,1,-0.978,1,1,1,1,1,-0.597,1,0.955,1,1,1,1,1,-0.441,1,1,0.503,1,0.507,0,1,0.697
"1642.MS00415",1,-0.812,-0.669,1,-0.104,1,1,-0.78,-0.206,-0.982,1,-0.013,-0.282,-0.506,1,0.687,-0.465,1,-0.252,-0.488,-0.69,-0.899,1,1,-0.232,1,-0.752,-0.268,0.04,1,-1,1,-0.97,0.351,1,-1,1,1,0,1
"2382.SH008.C6.HA.1.527.rhizo.4.12.lane7.NoIndex.L007.sequences",0.209,1,1,1,1,1,0.826,1,1,1,-0.308,1,1,1,-0.248,1,1,-0.219,1,1,1,1,1,0.932,1,0.988,1,1,1,1,1,-0.811,1,1,-1,1,-0.017,0.697,1,0
