"","2382.RU006.C181.RH.5.598.root.4.12.lane7.NoIndex.L007.sequences","1642.MS00489","1642.MS00622","1642.MS00389","1642.MS00569","1642.MS00403","2382.MU002.C3.HA.2.682.rhizo.9.12.lane7.NoIndex.L007.sequences","1642.MS00594","1642.MS00459","2382.SH004.C1.RH.5.223.root.9.11.lane1.NoIndex.L001.sequences","2382.RU006.C181.RH.5.398.root.9.11.lane1.NoIndex.L001.sequences","2382.SH008.C6.HA.5.748.root.9.12.lane7.NoIndex.L007.sequences","2382.HE003.C181.HA.5.573.root.4.12.lane7.NoIndex.L007.sequences","1642.MS00566","2382.MU002.C3.HA.1.478.root.4.12.lane7.NoIndex.L007.sequences","1642.MS00600","1642.MS00526","1642.MS00467","1642.MS00527","1642.MS00465","1642.MS00611","2382.SH005.C3.RH.3.662.rhizo.9.12.lane7.NoIndex.L007.sequences","2382.SH008.C6.HA.4.742.rhizo.9.12.lane7.NoIndex.L007.sequences","1642.MS00461","1642.MS00558","1642.MS00614","1642.MS00332","2382.MU002.C3.HA.4.75.root.6.11.lane1.NoIndex.L001.sequences","1642.MS00448","2382.GM.181.R3.root.10.12.lane7.NoIndex.L007.sequences","1642.MS00636","2382.SH004.C1.RH.1.603.root.9.12.lane7.NoIndex.L007.sequences","1642.MS00438","1642.MS00500","2382.SH008.C6.HA.2.732.rhizo.9.12.lane7.NoIndex.L007.sequences","1642.MS00347","1642.MS00398","1642.MS00447","1642.MS00507","2382.MU002.C3.HA.5.298.root.9.11.lane1.NoIndex.L001.sequences"
"2382.RU006.C181.RH.5.598.root.4.12.lane7.NoIndex.L007.sequences",0,0.9468,0.9364,0.942,0.9266,0.9288,0.9214,0.95,0.9384,0.7772,0.4992,0.7598,0.7764,0.9358,0.8312,0.9346,0.939,0.9356,0.9552,0.9246,0.9426,0.9126,0.9072,0.9338,0.937,0.9432,0.9532,0.8342,0.9448,0.7826,0.9338,0.804,0.945,0.9308,0.9168,0.9512,0.9498,0.9552,0.943,0.8328
"1642.MS00489",0.9468,0,0.5776,0.6158,0.5596,0.5706,0.9276,0.7058,0.5526,0.9482,0.917,0.9526,0.964,0.5694,0.9642,0.5386,0.5076,0.4602,0.5512,0.5406,0.5792,0.9192,0.9258,0.5298,0.5726,0.5864,0.7422,0.944,0.5358,0.9576,0.5494,0.9546,0.554,0.5418,0.9288,0.7378,0.6804,0.547,0.5976,0.9356
"1642.MS00622",0.9364,0.5776,0,0.6266,0.4538,0.504,0.8872,0.6956,0.4688,0.939,0.891,0.9438,0.9552,0.6514,0.9548,0.5696,0.494,0.5928,0.589,0.6204,0.4732,0.8752,0.8894,0.6136,0.557,0.4812,0.7934,0.921,0.5852,0.9508,0.4804,0.9436,0.586,0.5366,0.888,0.7418,0.7446,0.5928,0.6618,0.908
"1642.MS00389",0.942,0.6158,0.6266,0,0.594,0.575,0.9306,0.7608,0.6036,0.947,0.9176,0.9516,0.9586,0.5994,0.962,0.6434,0.5972,0.5934,0.5308,0.6286,0.6318,0.922,0.9272,0.6226,0.5664,0.6558,0.5262,0.9396,0.6066,0.9594,0.6336,0.9534,0.4574,0.4964,0.9268,0.65,0.527,0.5898,0.516,0.938
"1642.MS00569",0.9266,0.5596,0.4538,0.594,0,0.5044,0.9016,0.6804,0.4822,0.9394,0.891,0.9416,0.949,0.5964,0.9516,0.5456,0.4674,0.5506,0.5672,0.5842,0.4946,0.8876,0.9012,0.5746,0.5424,0.512,0.756,0.924,0.5688,0.9478,0.492,0.9418,0.5408,0.5134,0.905,0.7288,0.7122,0.5572,0.6116,0.916
"1642.MS00403",0.9288,0.5706,0.504,0.575,0.5044,0,0.9004,0.703,0.4826,0.93,0.8852,0.9402,0.9484,0.6446,0.9496,0.5768,0.5052,0.5926,0.5842,0.5928,0.5408,0.8898,0.9074,0.578,0.583,0.5672,0.7112,0.9146,0.5446,0.9386,0.5256,0.9378,0.549,0.5472,0.902,0.6574,0.6786,0.5604,0.6614,0.9092
"2382.MU002.C3.HA.2.682.rhizo.9.12.lane7.NoIndex.L007.sequences",0.9214,0.9276,0.8872,0.9306,0.9016,0.9004,0,0.9458,0.9052,0.8694,0.8858,0.8882,0.9042,0.936,0.867,0.922,0.9124,0.9328,0.9354,0.9236,0.9024,0.6044,0.599,0.9226,0.915,0.9178,0.9622,0.7624,0.9394,0.9276,0.9116,0.8794,0.9222,0.9118,0.5806,0.944,0.9544,0.94,0.9444,0.6968
"1642.MS00594",0.95,0.7058,0.6956,0.7608,0.6804,0.703,0.9458,0,0.689,0.9572,0.9384,0.964,0.9692,0.7076,0.972,0.701,0.6786,0.7042,0.7234,0.7206,0.636,0.9354,0.9438,0.7072,0.7246,0.6718,0.8344,0.9482,0.7292,0.9706,0.6442,0.9598,0.7346,0.7038,0.9432,0.8166,0.7982,0.7294,0.7384,0.9524
"1642.MS00459",0.9384,0.5526,0.4688,0.6036,0.4822,0.4826,0.9052,0.689,0,0.9474,0.9014,0.951,0.9612,0.6406,0.9564,0.5496,0.4946,0.5716,0.5704,0.6108,0.5008,0.8962,0.9084,0.5882,0.5634,0.5314,0.753,0.9296,0.5274,0.9496,0.47,0.9486,0.5668,0.5324,0.9052,0.711,0.7286,0.5624,0.653,0.9216
"2382.SH004.C1.RH.5.223.root.9.11.lane1.NoIndex.L001.sequences",0.7772,0.9482,0.939,0.947,0.9394,0.93,0.8694,0.9572,0.9474,0,0.764,0.5184,0.6264,0.9406,0.6904,0.9398,0.9374,0.9452,0.954,0.9332,0.938,0.8474,0.8312,0.9378,0.9354,0.9434,0.9588,0.5372,0.9526,0.6814,0.9416,0.5014,0.9434,0.938,0.8438,0.9544,0.9556,0.9522,0.95,0.6274
"2382.RU006.C181.RH.5.398.root.9.11.lane1.NoIndex.L001.sequences",0.4992,0.917,0.891,0.9176,0.891,0.8852,0.8858,0.9384,0.9014,0.764,0,0.8252,0.8316,0.9204,0.8832,0.9096,0.9034,0.9062,0.93,0.9012,0.9062,0.863,0.873,0.909,0.9054,0.9116,0.9398,0.808,0.9076,0.8078,0.9064,0.841,0.9156,0.9044,0.8754,0.93,0.937,0.9278,0.9282,0.8076
"2382.SH008.C6.HA.5.748.root.9.12.lane7.NoIndex.L007.sequences",0.7598,0.9526,0.9438,0.9516,0.9416,0.9402,0.8882,0.964,0.951,0.5184,0.8252,0,0.5856,0.948,0.4886,0.9506,0.9458,0.9496,0.9588,0.9362,0.9446,0.856,0.8468,0.9444,0.9412,0.9462,0.9654,0.658,0.9558,0.7302,0.9472,0.436,0.9516,0.943,0.8654,0.9642,0.9614,0.9578,0.9576,0.6056
"2382.HE003.C181.HA.5.573.root.4.12.lane7.NoIndex.L007.sequences",0.7764,0.964,0.9552,0.9586,0.949,0.9484,0.9042,0.9692,0.9612,0.6264,0.8316,0.5856,0,0.9542,0.6626,0.9594,0.9556,0.955,0.9672,0.9432,0.9538,0.8764,0.8804,0.9518,0.9534,0.9542,0.9704,0.7586,0.9654,0.8206,0.9562,0.6322,0.96,0.9556,0.8862,0.9684,0.9646,0.9652,0.9642,0.7318
"1642.MS00566",0.9358,0.5694,0.6514,0.5994,0.5964,0.6446,0.936,0.7076,0.6406,0.9406,0.9204,0.948,0.9542,0,0.964,0.5484,0.557,0.4982,0.5706,0.483,0.6394,0.9278,0.9356,0.4972,0.576,0.6926,0.6924,0.938,0.6466,0.9478,0.6154,0.9474,0.5622,0.5302,0.935,0.7352,0.6174,0.6232,0.489,0.9376
"2382.MU002.C3.HA.1.478.root.4.12.lane7.NoIndex.L007.sequences",0.8312,0.9642,0.9548,0.962,0.9516,0.9496,0.867,0.972,0.9564,0.6904,0.8832,0.4886,0.6626,0.964,0,0.962,0.9544,0.9594,0.9648,0.9498,0.956,0.8622,0.8544,0.954,0.9514,0.9596,0.9752,0.7568,0.9642,0.8302,0.9566,0.6096,0.962,0.9516,0.8668,0.9694,0.9718,0.9642,0.9676,0.6194
"1642.MS00600",0.9346,0.5386,0.5696,0.6434,0.5456,0.5768,0.922,0.701,0.5496,0.9398,0.9096,0.9506,0.9594,0.5484,0.962,0,0.5236,0.527,0.5928,0.5418,0.5824,0.9152,0.9236,0.5236,0.5556,0.629,0.7474,0.9298,0.5436,0.9478,0.5266,0.9458,0.5862,0.5388,0.9228,0.7306,0.6986,0.5888,0.5774,0.9264
"1642.MS00526",0.939,0.5076,0.494,0.5972,0.4674,0.5052,0.9124,0.6786,0.4946,0.9374,0.9034,0.9458,0.9556,0.557,0.9544,0.5236,0,0.5214,0.5328,0.5426,0.5134,0.9032,0.908,0.5258,0.5474,0.5318,0.7538,0.927,0.5472,0.9472,0.5044,0.9414,0.5414,0.5252,0.9086,0.73,0.6882,0.5252,0.6084,0.9182
"1642.MS00467",0.9356,0.4602,0.5928,0.5934,0.5506,0.5926,0.9328,0.7042,0.5716,0.9452,0.9062,0.9496,0.955,0.4982,0.9594,0.527,0.5214,0,0.5788,0.4708,0.594,0.9202,0.9334,0.4984,0.5538,0.6342,0.7054,0.9334,0.5926,0.9442,0.5666,0.945,0.5444,0.5038,0.934,0.7042,0.6476,0.599,0.5398,0.929
"1642.MS00527",0.9552,0.5512,0.589,0.5308,0.5672,0.5842,0.9354,0.7234,0.5704,0.954,0.93,0.9588,0.9672,0.5706,0.9648,0.5928,0.5328,0.5788,0,0.6058,0.5724,0.9278,0.9324,0.5704,0.5366,0.59,0.673,0.9446,0.5884,0.9694,0.5824,0.9594,0.498,0.4914,0.9322,0.709,0.5934,0.5588,0.5626,0.945
"1642.MS00465",0.9246,0.5406,0.6204,0.6286,0.5842,0.5928,0.9236,0.7206,0.6108,0.9332,0.9012,0.9362,0.9432,0.483,0.9498,0.5418,0.5426,0.4708,0.6058,0,0.6274,0.9094,0.925,0.4544,0.6058,0.6834,0.7292,0.9214,0.624,0.938,0.5966,0.9354,0.583,0.5358,0.9252,0.713,0.6544,0.6368,0.5826,0.9216
"1642.MS00611",0.9426,0.5792,0.4732,0.6318,0.4946,0.5408,0.9024,0.636,0.5008,0.938,0.9062,0.9446,0.9538,0.6394,0.956,0.5824,0.5134,0.594,0.5724,0.6274,0,0.8896,0.9038,0.62,0.5724,0.457,0.7876,0.9238,0.6,0.952,0.4744,0.9472,0.5902,0.5534,0.9006,0.7496,0.7492,0.5914,0.661,0.9172
"2382.SH005.C3.RH.3.662.rhizo.9.12.lane7.NoIndex.L007.sequences",0.9126,0.9192,0.8752,0.922,0.8876,0.8898,0.6044,0.9354,0.8962,0.8474,0.863,0.856,0.8764,0.9278,0.8622,0.9152,0.9032,0.9202,0.9278,0.9094,0.8896,0,0.583,0.9156,0.896,0.9056,0.9528,0.8018,0.9324,0.9286,0.898,0.8648,0.9156,0.894,0.5468,0.9382,0.9444,0.9312,0.9358,0.7456
"2382.SH008.C6.HA.4.742.rhizo.9.12.lane7.NoIndex.L007.sequences",0.9072,0.9258,0.8894,0.9272,0.9012,0.9074,0.599,0.9438,0.9084,0.8312,0.873,0.8468,0.8804,0.9356,0.8544,0.9236,0.908,0.9334,0.9324,0.925,0.9038,0.583,0,0.9214,0.9042,0.9136,0.9568,0.7842,0.9348,0.9274,0.9112,0.852,0.9198,0.9126,0.436,0.9452,0.948,0.9342,0.9424,0.754
"1642.MS00461",0.9338,0.5298,0.6136,0.6226,0.5746,0.578,0.9226,0.7072,0.5882,0.9378,0.909,0.9444,0.9518,0.4972,0.954,0.5236,0.5258,0.4984,0.5704,0.4544,0.62,0.9156,0.9214,0,0.6006,0.664,0.7344,0.9294,0.6024,0.9418,0.5832,0.9418,0.5784,0.538,0.9248,0.7254,0.6592,0.6024,0.5814,0.9264
"1642.MS00558",0.937,0.5726,0.557,0.5664,0.5424,0.583,0.915,0.7246,0.5634,0.9354,0.9054,0.9412,0.9534,0.576,0.9514,0.5556,0.5474,0.5538,0.5366,0.6058,0.5724,0.896,0.9042,0.6006,0,0.5524,0.6904,0.9322,0.5586,0.958,0.5448,0.9428,0.4932,0.478,0.9062,0.713,0.6554,0.583,0.557,0.921
"1642.MS00614",0.9432,0.5864,0.4812,0.6558,0.512,0.5672,0.9178,0.6718,0.5314,0.9434,0.9116,0.9462,0.9542,0.6926,0.9596,0.629,0.5318,0.6342,0.59,0.6834,0.457,0.9056,0.9136,0.664,0.5524,0,0.8066,0.9294,0.6034,0.959,0.5076,0.9488,0.5976,0.5808,0.9154,0.7828,0.7798,0.5926,0.6866,0.9212
"1642.MS00332",0.9532,0.7422,0.7934,0.5262,0.756,0.7112,0.9622,0.8344,0.753,0.9588,0.9398,0.9654,0.9704,0.6924,0.9752,0.7474,0.7538,0.7054,0.673,0.7292,0.7876,0.9528,0.9568,0.7344,0.6904,0.8066,0,0.9578,0.6834,0.9648,0.7694,0.9596,0.5732,0.6282,0.956,0.5954,0.506,0.6788,0.6322,0.9554
"2382.MU002.C3.HA.4.75.root.6.11.lane1.NoIndex.L001.sequences",0.8342,0.944,0.921,0.9396,0.924,0.9146,0.7624,0.9482,0.9296,0.5372,0.808,0.658,0.7586,0.938,0.7568,0.9298,0.927,0.9334,0.9446,0.9214,0.9238,0.8018,0.7842,0.9294,0.9322,0.9294,0.9578,0,0.9482,0.7234,0.9244,0.6548,0.937,0.93,0.791,0.9484,0.958,0.9492,0.9474,0.579
"1642.MS00448",0.9448,0.5358,0.5852,0.6066,0.5688,0.5446,0.9394,0.7292,0.5274,0.9526,0.9076,0.9558,0.9654,0.6466,0.9642,0.5436,0.5472,0.5926,0.5884,0.624,0.6,0.9324,0.9348,0.6024,0.5586,0.6034,0.6834,0.9482,0,0.9668,0.5546,0.9562,0.5284,0.568,0.936,0.7038,0.666,0.4948,0.6346,0.944
"2382.GM.181.R3.root.10.12.lane7.NoIndex.L007.sequences",0.7826,0.9576,0.9508,0.9594,0.9478,0.9386,0.9276,0.9706,0.9496,0.6814,0.8078,0.7302,0.8206,0.9478,0.8302,0.9478,0.9472,0.9442,0.9694,0.938,0.952,0.9286,0.9274,0.9418,0.958,0.959,0.9648,0.7234,0.9668,0,0.9522,0.7088,0.9594,0.9542,0.9278,0.96,0.9638,0.967,0.96,0.8064
"1642.MS00636",0.9338,0.5494,0.4804,0.6336,0.492,0.5256,0.9116,0.6442,0.47,0.9416,0.9064,0.9472,0.9562,0.6154,0.9566,0.5266,0.5044,0.5666,0.5824,0.5966,0.4744,0.898,0.9112,0.5832,0.5448,0.5076,0.7694,0.9244,0.5546,0.9522,0,0.9454,0.5736,0.5358,0.9106,0.7236,0.7332,0.575,0.6386,0.921
"2382.SH004.C1.RH.1.603.root.9.12.lane7.NoIndex.L007.sequences",0.804,0.9546,0.9436,0.9534,0.9418,0.9378,0.8794,0.9598,0.9486,0.5014,0.841,0.436,0.6322,0.9474,0.6096,0.9458,0.9414,0.945,0.9594,0.9354,0.9472,0.8648,0.852,0.9418,0.9428,0.9488,0.9596,0.6548,0.9562,0.7088,0.9454,0,0.9522,0.9396,0.864,0.9604,0.96,0.9594,0.9542,0.6612
"1642.MS00438",0.945,0.554,0.586,0.4574,0.5408,0.549,0.9222,0.7346,0.5668,0.9434,0.9156,0.9516,0.96,0.5622,0.962,0.5862,0.5414,0.5444,0.498,0.583,0.5902,0.9156,0.9198,0.5784,0.4932,0.5976,0.5732,0.937,0.5284,0.9594,0.5736,0.9522,0,0.4516,0.9214,0.6674,0.55,0.5286,0.5026,0.932
"1642.MS00500",0.9308,0.5418,0.5366,0.4964,0.5134,0.5472,0.9118,0.7038,0.5324,0.938,0.9044,0.943,0.9556,0.5302,0.9516,0.5388,0.5252,0.5038,0.4914,0.5358,0.5534,0.894,0.9126,0.538,0.478,0.5808,0.6282,0.93,0.568,0.9542,0.5358,0.9396,0.4516,0,0.9102,0.6954,0.5868,0.5728,0.488,0.9214
"2382.SH008.C6.HA.2.732.rhizo.9.12.lane7.NoIndex.L007.sequences",0.9168,0.9288,0.888,0.9268,0.905,0.902,0.5806,0.9432,0.9052,0.8438,0.8754,0.8654,0.8862,0.935,0.8668,0.9228,0.9086,0.934,0.9322,0.9252,0.9006,0.5468,0.436,0.9248,0.9062,0.9154,0.956,0.791,0.936,0.9278,0.9106,0.864,0.9214,0.9102,0,0.9464,0.9486,0.9374,0.9466,0.7554
"1642.MS00347",0.9512,0.7378,0.7418,0.65,0.7288,0.6574,0.944,0.8166,0.711,0.9544,0.93,0.9642,0.9684,0.7352,0.9694,0.7306,0.73,0.7042,0.709,0.713,0.7496,0.9382,0.9452,0.7254,0.713,0.7828,0.5954,0.9484,0.7038,0.96,0.7236,0.9604,0.6674,0.6954,0.9464,0,0.6544,0.696,0.7344,0.9476
"1642.MS00398",0.9498,0.6804,0.7446,0.527,0.7122,0.6786,0.9544,0.7982,0.7286,0.9556,0.937,0.9614,0.9646,0.6174,0.9718,0.6986,0.6882,0.6476,0.5934,0.6544,0.7492,0.9444,0.948,0.6592,0.6554,0.7798,0.506,0.958,0.666,0.9638,0.7332,0.96,0.55,0.5868,0.9486,0.6544,0,0.6308,0.5796,0.9564
"1642.MS00447",0.9552,0.547,0.5928,0.5898,0.5572,0.5604,0.94,0.7294,0.5624,0.9522,0.9278,0.9578,0.9652,0.6232,0.9642,0.5888,0.5252,0.599,0.5588,0.6368,0.5914,0.9312,0.9342,0.6024,0.583,0.5926,0.6788,0.9492,0.4948,0.967,0.575,0.9594,0.5286,0.5728,0.9374,0.696,0.6308,0,0.6278,0.9462
"1642.MS00507",0.943,0.5976,0.6618,0.516,0.6116,0.6614,0.9444,0.7384,0.653,0.95,0.9282,0.9576,0.9642,0.489,0.9676,0.5774,0.6084,0.5398,0.5626,0.5826,0.661,0.9358,0.9424,0.5814,0.557,0.6866,0.6322,0.9474,0.6346,0.96,0.6386,0.9542,0.5026,0.488,0.9466,0.7344,0.5796,0.6278,0,0.9464
"2382.MU002.C3.HA.5.298.root.9.11.lane1.NoIndex.L001.sequences",0.8328,0.9356,0.908,0.938,0.916,0.9092,0.6968,0.9524,0.9216,0.6274,0.8076,0.6056,0.7318,0.9376,0.6194,0.9264,0.9182,0.929,0.945,0.9216,0.9172,0.7456,0.754,0.9264,0.921,0.9212,0.9554,0.579,0.944,0.8064,0.921,0.6612,0.932,0.9214,0.7554,0.9476,0.9564,0.9462,0.9464,0
