"","2382.RU006.C181.RH.5.598.root.4.12.lane7.NoIndex.L007.sequences","1642.MS00489","1642.MS00622","1642.MS00389","1642.MS00569","1642.MS00403","2382.MU002.C3.HA.2.682.rhizo.9.12.lane7.NoIndex.L007.sequences","1642.MS00594","1642.MS00459","2382.SH004.C1.RH.5.223.root.9.11.lane1.NoIndex.L001.sequences","2382.RU006.C181.RH.5.398.root.9.11.lane1.NoIndex.L001.sequences","2382.SH008.C6.HA.5.748.root.9.12.lane7.NoIndex.L007.sequences","2382.HE003.C181.HA.5.573.root.4.12.lane7.NoIndex.L007.sequences","1642.MS00566","2382.MU002.C3.HA.1.478.root.4.12.lane7.NoIndex.L007.sequences","1642.MS00600","1642.MS00526","1642.MS00467","1642.MS00527","1642.MS00465","1642.MS00611","2382.SH005.C3.RH.3.662.rhizo.9.12.lane7.NoIndex.L007.sequences","2382.SH008.C6.HA.4.742.rhizo.9.12.lane7.NoIndex.L007.sequences","1642.MS00461","1642.MS00558","1642.MS00614","1642.MS00332","2382.MU002.C3.HA.4.75.root.6.11.lane1.NoIndex.L001.sequences","1642.MS00448","2382.GM.181.R3.root.10.12.lane7.NoIndex.L007.sequences","1642.MS00636","2382.SH004.C1.RH.1.603.root.9.12.lane7.NoIndex.L007.sequences","1642.MS00438","1642.MS00500","2382.SH008.C6.HA.2.732.rhizo.9.12.lane7.NoIndex.L007.sequences","1642.MS00347","1642.MS00398","1642.MS00447","1642.MS00507","2382.MU002.C3.HA.5.298.root.9.11.lane1.NoIndex.L001.sequences"
"2382.RU006.C181.RH.5.598.root.4.12.lane7.NoIndex.L007.sequences",0,1,1,1,1,1,1,1,1,-0.336,-1,-0.63,-0.699,1,0.446,1,1,1,1,1,1,1,1,1,1,1,1,0.758,1,-0.677,1,-0.082,1,1,1,1,1,1,1,0.79
"1642.MS00489",1,0,0.054,0.319,-0.271,-0.051,1,0.912,-0.452,1,1,1,1,-0.399,1,-0.593,-0.926,-1,-0.485,-0.664,0.122,1,1,-0.732,-0.077,0.157,1,1,-0.65,1,-0.404,1,-0.388,-0.633,1,1,0.95,-0.426,-0.153,1
"1642.MS00622",1,0.054,0,0.748,-1,-0.794,1,0.923,-0.99,1,1,1,1,0.959,1,0.141,-0.868,0.351,0.362,0.83,-0.98,1,1,0.826,0.0169999999999999,-0.973,1,1,0.437,1,-0.952,1,0.401,-0.443,1,1,1,0.616,0.924,1
"1642.MS00389",1,0.319,0.748,0,0.135,-0.15,1,1,0.314,1,1,1,1,-0.114,1,0.858,0.194,0,-0.836,0.556,0.79,1,1,0.568,-0.306,0.924,-0.984,1,0.285,1,0.823,1,-1,-0.99,1,0.442,-0.944,0.0740000000000001,-0.966,1
"1642.MS00569",1,-0.271,-1,0.135,0,-0.79,1,0.764,-0.99,1,1,1,1,0.0600000000000001,1,-0.311,-0.988,-0.435,-0.087,0.12,-0.919,1,1,0.108,-0.325,-0.803,1,1,0.0649999999999999,1,-0.939,1,-0.413,-0.785,1,1,1,-0.021,0.225,1
"1642.MS00403",1,-0.051,-0.794,-0.15,-0.79,0,1,0.94,-0.953,1,1,1,1,0.89,1,0.373,-0.77,0.328,0.314,0.436,-0.228,1,1,0.273,0.452,0.13,0.966,1,-0.266,1,-0.471,1,-0.272,-0.283,1,0.747,0.99,0.1,0.948,1
"2382.MU002.C3.HA.2.682.rhizo.9.12.lane7.NoIndex.L007.sequences",1,1,1,1,1,1,0,1,1,1,1,1,1,1,1,1,1,1,1,1,1,0.0369999999999999,-0.429,1,1,1,1,0.945,1,1,1,1,1,1,-0.566,1,1,1,1,0.581
"1642.MS00594",1,0.912,0.923,1,0.764,0.94,1,0,0.818,1,1,1,1,0.922,1,0.907,0.75,0.943,0.988,0.984,-0.074,1,1,0.936,0.988,0.592,1,1,0.998,1,0.117,1,0.998,0.936,1,1,1,0.996,0.994,1
"1642.MS00459",1,-0.452,-0.99,0.314,-0.99,-0.953,1,0.818,0,1,1,1,1,0.833,1,-0.28,-0.908,-0.129,-0.00700000000000001,0.638,-0.864,1,1,0.373,0.01,-0.611,1,1,-0.636,1,-0.994,1,-0.03,-0.601,1,0.996,1,-0.034,0.855,1
"2382.SH004.C1.RH.5.223.root.9.11.lane1.NoIndex.L001.sequences",-0.336,1,1,1,1,1,1,1,1,0,0.299,-1,-0.996,1,-0.831,1,1,1,1,1,1,1,0.996,1,1,1,1,-1,1,-0.953,1,-1,1,1,1,1,1,1,1,-0.916
"2382.RU006.C181.RH.5.398.root.9.11.lane1.NoIndex.L001.sequences",-1,1,1,1,1,1,1,1,1,0.299,0,0.693,0.315,1,0.998,1,1,1,1,1,1,1,1,1,1,1,1,0.971,1,-0.33,1,0.922,1,1,1,1,1,1,1,0.984
"2382.SH008.C6.HA.5.748.root.9.12.lane7.NoIndex.L007.sequences",-0.63,1,1,1,1,1,1,1,1,-1,0.693,0,-0.998,1,-1,1,1,1,1,1,1,0.99,0.958,1,1,1,1,-0.928,1,-0.83,1,-1,1,1,1,1,1,1,1,-1
"2382.HE003.C181.HA.5.573.root.4.12.lane7.NoIndex.L007.sequences",-0.699,1,1,1,1,1,1,1,1,-0.996,0.315,-0.998,0,1,-0.946,1,1,1,1,1,1,0.982,0.982,1,1,1,1,-0.734,1,-0.293,1,-0.984,1,1,0.994,1,1,1,1,-0.833
"1642.MS00566",1,-0.399,0.959,-0.114,0.0600000000000001,0.89,1,0.922,0.833,1,1,1,1,0,1,-0.611,-0.463,-0.988,-0.372,-0.992,0.848,1,1,-0.986,-0.22,1,0.799,1,0.835,1,0.49,1,-0.475,-0.856,1,0.998,0.085,0.646,-1,1
"2382.MU002.C3.HA.1.478.root.4.12.lane7.NoIndex.L007.sequences",0.446,1,1,1,1,1,1,1,1,-0.831,0.998,-1,-0.946,1,0,1,1,1,1,1,1,0.998,0.99,1,1,1,1,-0.325,1,0.03,1,-0.98,1,1,0.996,1,1,1,1,-0.996
"1642.MS00600",1,-0.593,0.141,0.858,-0.311,0.373,1,0.907,-0.28,1,1,1,1,-0.611,1,0,-0.628,-0.767,0.334,-0.54,0.435,1,1,-0.703,-0.151,0.897,1,1,-0.394,1,-0.551,1,0.263,-0.493,1,1,0.996,0.442,-0.34,1
"1642.MS00526",1,-0.926,-0.868,0.194,-0.988,-0.77,1,0.75,-0.908,1,1,1,1,-0.463,1,-0.628,0,-0.827,-0.582,-0.499,-0.704,1,1,-0.65,-0.218,-0.523,1,1,-0.295,1,-0.753,1,-0.4,-0.636,1,1,1,-0.537,0.138,1
"1642.MS00467",1,-1,0.351,0,-0.435,0.328,1,0.943,-0.129,1,1,1,1,-0.988,1,-0.767,-0.827,0,-0.106,-0.998,0.319,1,1,-0.98,-0.365,0.865,0.93,1,0.182,1,-0.144,1,-0.566,-0.963,1,0.976,0.682,0.368,-0.841,1
"1642.MS00527",1,-0.485,0.362,-0.836,-0.087,0.314,1,0.988,-0.00700000000000001,1,1,1,1,-0.372,1,0.334,-0.582,-0.106,0,0.381,0.0489999999999999,1,1,-0.0620000000000001,-0.577,0.271,0.602,1,0.204,1,0.235,1,-0.972,-0.971,1,0.988,-0.207,-0.227,-0.627,1
"1642.MS00465",1,-0.664,0.83,0.556,0.12,0.436,1,0.984,0.638,1,1,1,1,-0.992,1,-0.54,-0.499,-0.998,0.381,0,0.893,1,1,-1,0.57,0.996,0.994,1,0.74,1,0.432,1,0.048,-0.653,1,0.994,0.786,0.936,-0.332,1
"1642.MS00611",1,0.122,-0.98,0.79,-0.919,-0.228,1,-0.074,-0.864,1,1,1,1,0.848,1,0.435,-0.704,0.319,0.0489999999999999,0.893,0,1,1,0.882,0.24,-0.998,1,1,0.666,1,-0.956,1,0.436,-0.183,1,1,1,0.626,0.918,1
"2382.SH005.C3.RH.3.662.rhizo.9.12.lane7.NoIndex.L007.sequences",1,1,1,1,1,1,0.0369999999999999,1,1,1,1,0.99,0.982,1,0.998,1,1,1,1,1,1,0,-0.594,1,1,1,1,0.998,1,1,1,1,1,1,-0.866,1,1,1,1,0.989
"2382.SH008.C6.HA.4.742.rhizo.9.12.lane7.NoIndex.L007.sequences",1,1,1,1,1,1,-0.429,1,1,0.996,1,0.958,0.982,1,0.99,1,1,1,1,1,1,-0.594,0,1,1,1,1,0.988,1,1,1,0.988,1,1,-1,1,1,1,1,0.98
"1642.MS00461",1,-0.732,0.826,0.568,0.108,0.273,1,0.936,0.373,1,1,1,1,-0.986,1,-0.703,-0.65,-0.98,-0.0620000000000001,-1,0.882,1,1,0,0.582,0.996,0.996,1,0.571,1,0.362,1,0.134,-0.553,1,1,0.861,0.648,-0.316,1
"1642.MS00558",1,-0.077,0.0169999999999999,-0.306,-0.325,0.452,1,0.988,0.01,1,1,1,1,-0.22,1,-0.151,-0.218,-0.365,-0.577,0.57,0.24,1,1,0.582,0,-0.229,0.858,1,-0.152,1,-0.238,1,-0.948,-0.986,1,0.998,0.853,0.37,-0.611,1
"1642.MS00614",1,0.157,-0.973,0.924,-0.803,0.13,1,0.592,-0.611,1,1,1,1,1,1,0.897,-0.523,0.865,0.271,0.996,-0.998,1,1,0.996,-0.229,0,1,1,0.63,1,-0.834,1,0.402,0.116,1,1,1,0.473,0.985,1
"1642.MS00332",1,1,1,-0.984,1,0.966,1,1,1,1,1,1,1,0.799,1,1,1,0.93,0.602,0.994,1,1,1,0.996,0.858,1,0,1,0.785,1,1,1,-0.84,-0.158,1,-0.714,-1,0.729,-0.223,1
"2382.MU002.C3.HA.4.75.root.6.11.lane1.NoIndex.L001.sequences",0.758,1,1,1,1,1,0.945,1,1,-1,0.971,-0.928,-0.734,1,-0.325,1,1,1,1,1,1,0.998,0.988,1,1,1,1,0,1,-0.888,1,-0.916,1,1,0.996,1,1,1,1,-0.972
"1642.MS00448",1,-0.65,0.437,0.285,0.0649999999999999,-0.266,1,0.998,-0.636,1,1,1,1,0.835,1,-0.394,-0.295,0.182,0.204,0.74,0.666,1,1,0.571,-0.152,0.63,0.785,1,0,1,-0.125,1,-0.692,-0.093,1,0.998,0.926,-0.96,0.532,1
"2382.GM.181.R3.root.10.12.lane7.NoIndex.L007.sequences",-0.677,1,1,1,1,1,1,1,1,-0.953,-0.33,-0.83,-0.293,1,0.03,1,1,1,1,1,1,1,1,1,1,1,1,-0.888,1,0,1,-0.879,1,1,1,1,1,1,1,-0.308
"1642.MS00636",1,-0.404,-0.952,0.823,-0.939,-0.471,1,0.117,-0.994,1,1,1,1,0.49,1,-0.551,-0.753,-0.144,0.235,0.432,-0.956,1,1,0.362,-0.238,-0.834,1,1,-0.125,1,0,1,0.17,-0.462,1,1,1,0.322,0.718,1
"2382.SH004.C1.RH.1.603.root.9.12.lane7.NoIndex.L007.sequences",-0.082,1,1,1,1,1,1,1,1,-1,0.922,-1,-0.984,1,-0.98,1,1,1,1,1,1,1,0.988,1,1,1,1,-0.916,1,-0.879,1,0,1,1,0.998,1,1,1,1,-0.936
"1642.MS00438",1,-0.388,0.401,-1,-0.413,-0.272,1,0.998,-0.03,1,1,1,1,-0.475,1,0.263,-0.4,-0.566,-0.972,0.048,0.436,1,1,0.134,-0.948,0.402,-0.84,1,-0.692,1,0.17,1,0,-1,1,0.794,-0.751,-0.666,-0.98,1
"1642.MS00500",1,-0.633,-0.443,-0.99,-0.785,-0.283,1,0.936,-0.601,1,1,1,1,-0.856,1,-0.493,-0.636,-0.963,-0.971,-0.653,-0.183,1,1,-0.553,-0.986,0.116,-0.158,1,-0.093,1,-0.462,1,-1,0,1,0.978,-0.262,0.0860000000000001,-0.988,1
"2382.SH008.C6.HA.2.732.rhizo.9.12.lane7.NoIndex.L007.sequences",1,1,1,1,1,1,-0.566,1,1,1,1,1,0.994,1,0.996,1,1,1,1,1,1,-0.866,-1,1,1,1,1,0.996,1,1,1,0.998,1,1,0,1,1,1,1,0.986
"1642.MS00347",1,1,1,0.442,1,0.747,1,1,0.996,1,1,1,1,0.998,1,1,1,0.976,0.988,0.994,1,1,1,1,0.998,1,-0.714,1,0.998,1,1,1,0.794,0.978,1,0,0.355,0.988,0.996,1
"1642.MS00398",1,0.95,1,-0.944,1,0.99,1,1,1,1,1,1,1,0.085,1,0.996,1,0.682,-0.207,0.786,1,1,1,0.861,0.853,1,-1,1,0.926,1,1,1,-0.751,-0.262,1,0.355,0,0.565,-0.555,1
"1642.MS00447",1,-0.426,0.616,0.0740000000000001,-0.021,0.1,1,0.996,-0.034,1,1,1,1,0.646,1,0.442,-0.537,0.368,-0.227,0.936,0.626,1,1,0.648,0.37,0.473,0.729,1,-0.96,1,0.322,1,-0.666,0.0860000000000001,1,0.988,0.565,0,0.497,1
"1642.MS00507",1,-0.153,0.924,-0.966,0.225,0.948,1,0.994,0.855,1,1,1,1,-1,1,-0.34,0.138,-0.841,-0.627,-0.332,0.918,1,1,-0.316,-0.611,0.985,-0.223,1,0.532,1,0.718,1,-0.98,-0.988,1,0.996,-0.555,0.497,0,1
"2382.MU002.C3.HA.5.298.root.9.11.lane1.NoIndex.L001.sequences",0.79,1,1,1,1,1,0.581,1,1,-0.916,0.984,-1,-0.833,1,-0.996,1,1,1,1,1,1,0.989,0.98,1,1,1,1,-0.972,1,-0.308,1,-0.936,1,1,0.986,1,1,1,1,0
